0 	21.2498 	-0.018776 	1.93278e-14
0.000254254 	21.2498 	-0.0187234 	3.18709e-13
0.000508509 	21.2499 	-0.0186708 	6.18091e-13
0.000762763 	21.252 	-0.0187687 	-5.26098e-06
0.00101702 	21.2558 	-0.0189804 	-1.45013e-05
0.00127127 	21.2596 	-0.019192 	-2.37416e-05
0.00152553 	21.2634 	-0.0194037 	-1.53584e-05
0.00177978 	21.2672 	-0.0196154 	-6.12553e-06
0.00203403 	21.2722 	-0.0198684 	6.32352e-13
0.00228829 	21.2798 	-0.020203 	3.30004e-13
0.00254254 	21.2874 	-0.0205376 	2.76553e-14
0.0027968 	21.295 	-0.0203422 	2.67806e-13
0.00305105 	21.3026 	-0.0200933 	5.6265e-13
0.00330531 	21.3121 	-0.0200439 	-3.43473e-06
0.00355956 	21.3237 	-0.0202066 	-1.05235e-05
0.00381381 	21.3353 	-0.0203693 	-1.76124e-05
0.00406807 	21.3468 	-0.020532 	-1.24887e-05
0.00432232 	21.3584 	-0.0206947 	-5.41279e-06
0.00457658 	21.3708 	-0.0209284 	6.43266e-13
0.00483083 	21.3863 	-0.0213933 	3.486e-13
0.00508509 	21.4018 	-0.0218583 	5.3935e-14
0.00533934 	21.4174 	-0.0218064 	9.33278e-13
0.00559359 	21.433 	-0.0216386 	2.07586e-12
0.00584785 	21.4489 	-0.021668 	-5.62442e-06
0.0061021 	21.465 	-0.0219854 	-1.94627e-05
0.00635636 	21.4811 	-0.0223027 	-3.33009e-05
0.00661061 	21.4973 	-0.02262 	-2.58526e-05
0.00686486 	21.5134 	-0.0229374 	-1.20562e-05
0.00711912 	21.5296 	-0.023289 	2.59639e-12
0.00737337 	21.5463 	-0.0238783 	1.45496e-12
0.00762763 	21.563 	-0.0244677 	3.13525e-13
0.00788188 	21.5799 	-0.0245376 	8.53e-13
0.00813614 	21.5968 	-0.0244108 	2.02912e-12
0.00839039 	21.6138 	-0.0244702 	-6.26787e-06
0.00864464 	21.631 	-0.0248978 	-2.49193e-05
0.0088989 	21.6482 	-0.0253254 	-4.35707e-05
0.00915315 	21.6654 	-0.025753 	-3.69695e-05
0.00940741 	21.6826 	-0.0261806 	-1.83969e-05
0.00966166 	21.6999 	-0.0266107 	2.77901e-12
0.00991592 	21.7174 	-0.0273054 	1.60455e-12
0.0101702 	21.735 	-0.028 	4.3008e-13
0.0104244 	21.7527 	-0.0281719 	1.41688e-12
0.0106787 	21.7706 	-0.0280416 	3.65254e-12
0.0109329 	21.7887 	-0.0280828 	-5.92319e-06
0.0111872 	21.8075 	-0.0285795 	-2.75897e-05
0.0114414 	21.8263 	-0.0290763 	-4.92561e-05
0.0116957 	21.8451 	-0.0295731 	-4.55764e-05
0.0119499 	21.864 	-0.0300699 	-2.40276e-05
0.0122042 	21.8828 	-0.0305666 	-2.4787e-06
0.0124585 	21.9025 	-0.0313223 	3.25297e-12
0.0127127 	21.9223 	-0.0321116 	1.02136e-12
0.012967 	21.9423 	-0.0323861 	1.74327e-12
0.0132212 	21.9624 	-0.0322261 	4.95788e-12
0.0134755 	21.9829 	-0.0322199 	-5.18331e-06
0.0137297 	22.0043 	-0.0327642 	-2.89112e-05
0.013984 	22.0258 	-0.0333084 	-5.26391e-05
0.0142382 	22.0473 	-0.0338527 	-5.29721e-05
0.0144925 	22.0687 	-0.0343969 	-2.94014e-05
0.0147467 	22.0902 	-0.0349412 	-5.83069e-06
0.015001 	22.1127 	-0.035739 	4.96872e-12
0.0152553 	22.1355 	-0.0366201 	1.76122e-12
0.0155095 	22.1584 	-0.0370123 	1.50272e-12
0.0157638 	22.1815 	-0.0368091 	4.83555e-12
0.016018 	22.2049 	-0.0367407 	-4.35905e-06
0.0162723 	22.2295 	-0.0373248 	-2.98073e-05
0.0165265 	22.254 	-0.0379089 	-5.52556e-05
0.0167808 	22.2785 	-0.0384929 	-6.02863e-05
0.017035 	22.3031 	-0.039077 	-3.50369e-05
0.0172893 	22.3276 	-0.039661 	-9.78755e-06
0.0175435 	22.353 	-0.040485 	5.45305e-12
0.0177978 	22.3789 	-0.0414608 	2.12891e-12
0.0180521 	22.4049 	-0.0419941 	1.20936e-12
0.0183063 	22.4312 	-0.0417392 	4.57302e-12
0.0185606 	22.4577 	-0.0416006 	-3.59937e-06
0.0188148 	22.4854 	-0.0422271 	-3.08774e-05
0.0190691 	22.5131 	-0.0428536 	-5.81553e-05
0.0193233 	22.5408 	-0.0434801 	-6.85514e-05
0.0195776 	22.5685 	-0.0441066 	-4.1519e-05
0.0198318 	22.5962 	-0.0447331 	-1.44865e-05
0.0200861 	22.6246 	-0.0455711 	5.80736e-12
0.0203403 	22.6537 	-0.0466533 	2.45382e-12
0.0205946 	22.683 	-0.0473639 	9.03652e-13
0.0208488 	22.7125 	-0.047061 	4.27213e-12
0.0211031 	22.7421 	-0.0468566 	-2.95896e-06
0.0213574 	22.7731 	-0.0475334 	-3.24065e-05
0.0216116 	22.8041 	-0.0482101 	-6.18541e-05
0.0218659 	22.8352 	-0.0488869 	-7.84725e-05
0.0221201 	22.8662 	-0.0495637 	-4.93246e-05
0.0223744 	22.8972 	-0.0502405 	-2.01767e-05
0.0226286 	22.9287 	-0.0510768 	6.11947e-12
0.0228829 	22.9612 	-0.0522718 	2.76245e-12
0.0231371 	22.9938 	-0.0531943 	5.9827e-13
0.0233914 	23.0267 	-0.0528502 	3.97668e-12
0.0236456 	23.0597 	-0.0525888 	-2.4446e-06
0.0238999 	23.0942 	-0.0533194 	-3.42168e-05
0.0241542 	23.1287 	-0.0540501 	-6.59891e-05
0.0244084 	23.1633 	-0.0547807 	-8.97339e-05
0.0246627 	23.1978 	-0.0555114 	-5.83223e-05
0.0249169 	23.2323 	-0.056242 	-2.69106e-05
0.0251712 	23.2671 	-0.0570551 	6.44163e-12
0.0254254 	23.3032 	-0.0583609 	3.07605e-12
0.0256797 	23.3394 	-0.0595204 	2.94083e-13
0.0259339 	23.3759 	-0.059126 	3.71347e-12
0.0261882 	23.4125 	-0.058804 	-2.09596e-06
0.0264424 	23.4508 	-0.0595896 	-3.62356e-05
0.0266967 	23.489 	-0.0603753 	-7.03752e-05
0.026951 	23.5273 	-0.0611609 	-0.00010213
0.0272052 	23.5656 	-0.0619466 	-6.84177e-05
0.0274595 	23.6039 	-0.0627322 	-3.47051e-05
0.0277137 	23.6421 	-0.0635178 	-9.9252e-07
0.027968 	23.6821 	-0.0649257 	3.42191e-12
0.0282222 	23.7221 	-0.0663524 	1.68431e-14
0.0284765 	23.7625 	-0.0659041 	3.48474e-12
0.0287307 	23.8029 	-0.0655166 	-1.97226e-06
0.028985 	23.8452 	-0.0663592 	-3.85566e-05
0.0292392 	23.8875 	-0.0672018 	-7.5141e-05
0.0294935 	23.9297 	-0.0680445 	-0.000111725
0.0297477 	23.972 	-0.0688871 	-7.9766e-05
0.030002 	24.0143 	-0.0697297 	-4.36813e-05
0.0302563 	24.0565 	-0.0705723 	-7.59664e-06
0.0305105 	24.1003 	-0.0719834 	3.82012e-12
0.0307648 	24.1444 	-0.0735461 	3.33991e-13
0.031019 	24.1888 	-0.0731994 	4.19922e-12
0.0312733 	24.2334 	-0.0727294 	-2.12745e-06
0.0315275 	24.2799 	-0.0736285 	-4.11172e-05
0.0317818 	24.3264 	-0.0745276 	-8.0107e-05
0.032036 	24.3729 	-0.0754268 	-0.000119097
0.0322903 	24.4194 	-0.0763259 	-9.21931e-05
0.0325445 	24.4659 	-0.0772251 	-5.37801e-05
0.0327988 	24.5124 	-0.0781242 	-1.53672e-05
0.0330531 	24.5601 	-0.079519 	5.48331e-12
0.0333073 	24.6085 	-0.0812443 	8.62064e-13
0.0335616 	24.6573 	-0.0810035 	3.04127e-12
0.0338158 	24.7063 	-0.0804157 	-2.60569e-06
0.0340701 	24.7572 	-0.0813648 	-4.36826e-05
0.0343243 	24.8082 	-0.082314 	-8.47596e-05
0.0345786 	24.8591 	-0.0832631 	-0.000125837
0.0348328 	24.9101 	-0.0842122 	-0.000105025
0.0350871 	24.961 	-0.0851613 	-6.46015e-05
0.0353413 	25.012 	-0.0861104 	-2.41784e-05
0.0355956 	25.0638 	-0.0874535 	4.7495e-12
0.0358498 	25.1168 	-0.0893828 	1.03065e-12
0.0361041 	25.1701 	-0.0893031 	3.55863e-12
0.0363584 	25.2237 	-0.088601 	-3.42737e-06
0.0366126 	25.2793 	-0.0895859 	-4.59511e-05
0.0368669 	25.3349 	-0.0905707 	-8.84748e-05
0.0371211 	25.3905 	-0.0915556 	-0.000130999
0.0373754 	25.4462 	-0.0925405 	-0.000117242
0.0376296 	25.5018 	-0.0935254 	-7.54427e-05
0.0378839 	25.5574 	-0.0945102 	-3.36429e-05
0.0381381 	25.6134 	-0.0957184 	6.69449e-12
0.0383924 	25.6712 	-0.0978475 	1.79943e-12
0.0386466 	25.7292 	-0.0980381 	3.87807e-12
0.0389009 	25.7877 	-0.0973082 	-4.61958e-06
0.0391552 	25.8481 	-0.0983179 	-4.81435e-05
0.0394094 	25.9086 	-0.0993275 	-9.16673e-05
0.0396637 	25.9691 	-0.100337 	-0.000135191
0.0399179 	26.0295 	-0.101347 	-0.000129076
0.0401722 	26.09 	-0.102356 	-8.63403e-05
0.0404264 	26.1504 	-0.103366 	-4.36048e-05
0.0406807 	26.2109 	-0.104376 	-8.69366e-07
0.0409349 	26.2735 	-0.106595 	2.79113e-12
0.0411892 	26.3364 	-0.107086 	3.95152e-12
0.0414434 	26.3999 	-0.10638 	-6.22528e-06
0.0416977 	26.4654 	-0.107412 	-5.06541e-05
0.041952 	26.5308 	-0.108443 	-9.5083e-05
0.0422062 	26.5963 	-0.109475 	-0.000139512
0.0424605 	26.6618 	-0.110507 	-0.000141392
0.0427147 	26.7272 	-0.111539 	-9.78158e-05
0.042969 	26.7927 	-0.112571 	-5.42392e-05
0.0432232 	26.8582 	-0.113603 	-1.06627e-05
0.0434775 	26.9253 	-0.11561 	3.96981e-12
0.0437317 	26.9933 	-0.116395 	3.33149e-12
0.043986 	27.062 	-0.115704 	-8.27332e-06
0.0442402 	27.1326 	-0.116758 	-5.35812e-05
0.0444945 	27.2032 	-0.117812 	-9.88891e-05
0.0447487 	27.2738 	-0.118866 	-0.000144197
0.045003 	27.3444 	-0.119921 	-0.000154391
0.0452573 	27.415 	-0.120975 	-0.00011
0.0455115 	27.4856 	-0.122029 	-6.56084e-05
0.0457658 	27.5562 	-0.123083 	-2.1217e-05
0.04602 	27.628 	-0.12486 	4.67256e-12
0.0462743 	27.701 	-0.125974 	2.3379e-12
0.0465285 	27.7751 	-0.12529 	-1.08378e-05
0.0467828 	27.8509 	-0.126371 	-5.72204e-05
0.047037 	27.9268 	-0.127453 	-0.000103603
0.0472913 	28.0026 	-0.128535 	-0.000149986
0.0475455 	28.0785 	-0.129617 	-0.000168887
0.0477998 	28.1543 	-0.130699 	-0.00012349
0.0480541 	28.2302 	-0.131781 	-7.80928e-05
0.0483083 	28.306 	-0.132863 	-3.26956e-05
0.0485626 	28.3825 	-0.134373 	4.66971e-12
0.0488168 	28.4608 	-0.135877 	1.50757e-12
0.0490711 	28.5403 	-0.135176 	-1.39672e-05
0.0493253 	28.6215 	-0.136291 	-6.15824e-05
0.0495796 	28.7027 	-0.137406 	-0.000109198
0.0498338 	28.7838 	-0.138521 	-0.000156813
0.0500881 	28.865 	-0.139636 	-0.0001849
0.0503423 	28.9462 	-0.140751 	-0.000138344
0.0505966 	29.0274 	-0.141866 	-9.17872e-05
0.0508509 	29.1086 	-0.142981 	-4.52306e-05
0.0511051 	29.1898 	-0.144146 	4.49819e-12
0.0513594 	29.2734 	-0.14616 	9.96339e-13
0.0516136 	29.3585 	-0.145388 	-1.75678e-05
0.0518679 	29.4451 	-0.146533 	-6.6145e-05
0.0521221 	29.5316 	-0.147678 	-0.000114722
0.0523764 	29.6182 	-0.148824 	-0.000163299
0.0526306 	29.7048 	-0.149969 	-0.000200807
0.0528849 	29.7914 	-0.151114 	-0.000153356
0.0531391 	29.8779 	-0.152259 	-0.000105905
0.0533934 	29.9645 	-0.153404 	-5.84544e-05
0.0536476 	30.0511 	-0.154549 	-1.10034e-05
0.0539019 	30.1395 	-0.156833 	4.23567e-13
0.0541562 	30.2302 	-0.156048 	-2.14473e-05
0.0544104 	30.3223 	-0.15721 	-7.0347e-05
0.0546647 	30.4143 	-0.158372 	-0.000119247
0.0549189 	30.5064 	-0.159534 	-0.000168146
0.0551732 	30.5984 	-0.160696 	-0.000214809
0.0554274 	30.6905 	-0.161858 	-0.000167088
0.0556817 	30.7825 	-0.16302 	-0.000119366
0.0559359 	30.8746 	-0.164182 	-7.16451e-05
0.0561902 	30.9666 	-0.165344 	-2.39237e-05
0.0564444 	31.0598 	-0.167778 	1.43851e-14
0.0566987 	31.1563 	-0.167099 	-2.55829e-05
0.056953 	31.2539 	-0.168268 	-7.439e-05
0.0572072 	31.3515 	-0.169437 	-0.000123197
0.0574615 	31.4492 	-0.170606 	-0.000172004
0.0577157 	31.5468 	-0.171775 	-0.000220811
0.05797 	31.6444 	-0.172944 	-0.000179873
0.0582242 	31.742 	-0.174114 	-0.000132285
0.0584785 	31.8396 	-0.175283 	-8.46961e-05
0.0587327 	31.9372 	-0.176452 	-3.71074e-05
0.058987 	32.0354 	-0.178279 	3.66311e-13
0.0592412 	32.1376 	-0.178442 	-3.02018e-05
0.0594955 	32.2409 	-0.179622 	-7.90498e-05
0.0597497 	32.3442 	-0.180802 	-0.000127898
0.060004 	32.4475 	-0.181981 	-0.000176746
0.0602583 	32.5507 	-0.183161 	-0.000225594
0.0605125 	32.654 	-0.184341 	-0.000193547
0.0607668 	32.7573 	-0.18552 	-0.000145959
0.061021 	32.8606 	-0.1867 	-9.83699e-05
0.0612753 	32.9639 	-0.18788 	-5.07812e-05
0.0615295 	33.0671 	-0.189059 	-3.19248e-06
0.0617838 	33.1752 	-0.190127 	-3.51968e-05
0.062038 	33.2842 	-0.191315 	-8.40243e-05
0.0622923 	33.3933 	-0.192502 	-0.000132852
0.0625465 	33.5023 	-0.19369 	-0.000181679
0.0628008 	33.6113 	-0.194878 	-0.000230507
0.0630551 	33.7203 	-0.195993 	-0.00020655
0.0633093 	33.8293 	-0.197044 	-0.000157446
0.0635636 	33.9383 	-0.198095 	-0.000108342
0.0638178 	34.0472 	-0.199147 	-5.92376e-05
0.0640721 	34.1562 	-0.200198 	-1.01335e-05
0.0643263 	34.2694 	-0.201304 	-3.17499e-05
0.0645806 	34.3843 	-0.202344 	-7.86661e-05
0.0648348 	34.4991 	-0.203385 	-0.000125582
0.0650891 	34.6139 	-0.204425 	-0.000172498
0.0653433 	34.7287 	-0.205466 	-0.000219414
0.0655976 	34.8435 	-0.206506 	-0.000203354
0.0658519 	34.9584 	-0.207547 	-0.000154589
0.0661061 	35.0732 	-0.208588 	-0.000105825
0.0663604 	35.188 	-0.209628 	-5.70598e-05
0.0666146 	35.3028 	-0.210669 	-8.29514e-06
0.0668689 	35.4215 	-0.211893 	-2.13035e-05
0.0671231 	35.5422 	-0.21292 	-6.77205e-05
0.0673774 	35.663 	-0.213946 	-0.000114138
0.0676316 	35.7838 	-0.214973 	-0.000160555
0.0678859 	35.9045 	-0.216 	-0.000206971
0.0681401 	36.0253 	-0.217026 	-0.000199392
0.0683944 	36.146 	-0.218053 	-0.000151103
0.0686486 	36.2668 	-0.21908 	-0.000102813
0.0689029 	36.3876 	-0.220106 	-5.45244e-05
0.0691572 	36.5083 	-0.221133 	-6.23542e-06
0.0694114 	36.6324 	-0.222486 	-1.0822e-05
0.0696657 	36.7592 	-0.223496 	-5.66033e-05
0.0699199 	36.886 	-0.224506 	-0.000102385
0.0701742 	37.0127 	-0.225516 	-0.000148166
0.0704284 	37.1395 	-0.226526 	-0.000193947
0.0706827 	37.2663 	-0.227536 	-0.000194648
0.0709369 	37.393 	-0.228547 	-0.000146983
0.0711912 	37.5198 	-0.229557 	-9.9318e-05
0.0714454 	37.6465 	-0.230567 	-5.16532e-05
0.0716997 	37.7733 	-0.231577 	-3.98847e-06
0.071954 	37.9029 	-0.233073 	-4.22925e-07
0.0722082 	38.0357 	-0.23408 	-4.61035e-05
0.0724625 	38.1685 	-0.235087 	-9.17841e-05
0.0727167 	38.3013 	-0.236093 	-0.000137465
0.072971 	38.4341 	-0.2371 	-0.000183145
0.0732252 	38.567 	-0.238106 	-0.000191983
0.0734795 	38.6998 	-0.239113 	-0.000144393
0.0737337 	38.8326 	-0.24012 	-9.68022e-05
0.073988 	38.9654 	-0.241126 	-4.92117e-05
0.0742422 	39.0982 	-0.242133 	-1.62117e-06
0.0744965 	39.2339 	-0.243669 	4.65851e-05
0.0747508 	39.3722 	-0.244865 	-3.53986e-05
0.075005 	39.5111 	-0.245868 	-8.09039e-05
0.0752593 	39.65 	-0.246872 	-0.000126409
0.0755135 	39.7888 	-0.247875 	-0.000171914
0.0757678 	39.9277 	-0.248878 	-0.000188809
0.076022 	40.0666 	-0.249882 	-0.000141377
0.0762763 	40.2054 	-0.250885 	-9.3946e-05
0.0765305 	40.3443 	-0.251888 	-4.65146e-05
0.0767848 	40.4832 	-0.252889 	4.49028e-06
0.077039 	40.6249 	-0.254223 	0.000102906
0.0772933 	40.7687 	-0.255855 	-2.35247e-05
0.0775475 	40.9135 	-0.256811 	-6.68711e-05
0.0778018 	41.0583 	-0.257768 	-0.000110217
0.0780561 	41.2032 	-0.258724 	-0.000153564
0.0783103 	41.348 	-0.259681 	-0.000177348
0.0785646 	41.4928 	-0.260637 	-0.000132152
0.0788188 	41.6376 	-0.261594 	-8.69556e-05
0.0790731 	41.7825 	-0.26255 	-4.17592e-05
0.0793273 	41.9275 	-0.263441 	1.90427e-05
0.0795816 	42.0749 	-0.264159 	0.000168763
0.0798358 	42.224 	-0.266604 	-1.18516e-05
0.0800901 	42.3745 	-0.267464 	-5.08145e-05
0.0803443 	42.525 	-0.268324 	-8.97775e-05
0.0805986 	42.6756 	-0.269184 	-0.00012874
0.0808529 	42.8261 	-0.270044 	-0.000157021
0.0811071 	42.9766 	-0.270904 	-0.000116389
0.0813614 	43.1272 	-0.271764 	-7.5757e-05
0.0816156 	43.2777 	-0.272624 	-3.51249e-05
0.0818699 	43.4285 	-0.273246 	3.61488e-05
0.0821241 	43.5814 	-0.272911 	0.000242076
0.0823784 	43.7355 	-0.276643 	-2.11608e-06
0.0826326 	43.8913 	-0.277388 	-3.57721e-05
0.0828869 	44.0472 	-0.278132 	-6.94281e-05
0.0831411 	44.2031 	-0.278876 	-0.000103084
0.0833954 	44.3589 	-0.279621 	-0.000133466
0.0836496 	44.5148 	-0.280365 	-9.83695e-05
0.0839039 	44.6706 	-0.281109 	-6.32733e-05
0.0841582 	44.8265 	-0.281853 	-2.8177e-05
0.0844124 	44.9828 	-0.282053 	5.52462e-05
0.0846667 	45.1406 	-0.280222 	0.000320438
0.0849209 	45.2997 	-0.284997 	4.8995e-05
0.0851752 	45.46 	-0.286371 	-2.302e-05
0.0854294 	45.6207 	-0.286995 	-5.11103e-05
0.0856837 	45.7813 	-0.287619 	-7.92005e-05
0.0859379 	45.9419 	-0.288243 	-0.000107291
0.0861922 	46.1026 	-0.288868 	-8.02362e-05
0.0864464 	46.2632 	-0.289492 	-5.09516e-05
0.0867007 	46.4239 	-0.290116 	-2.1667e-05
0.086955 	46.585 	-0.289733 	7.61714e-05
0.0872092 	46.7474 	-0.286488 	0.000368997
0.0874635 	46.9107 	-0.291501 	0.000120622
0.0877177 	47.0749 	-0.29411 	-1.11411e-05
0.087972 	47.2397 	-0.294541 	-3.05212e-05
0.0882262 	47.4044 	-0.294972 	-4.99014e-05
0.0884805 	47.5692 	-0.295404 	-6.92815e-05
0.0887347 	47.7339 	-0.295835 	-5.40476e-05
0.088989 	47.8987 	-0.296267 	-3.38535e-05
0.0892432 	48.0635 	-0.296698 	-1.36594e-05
0.0894975 	48.2287 	-0.295515 	9.74366e-05
0.0897518 	48.3949 	-0.290959 	0.000398543
0.090006 	48.5619 	-0.29538 	0.000195593
0.0902603 	48.7293 	-0.29948 	-3.46975e-06
0.0905145 	48.8974 	-0.299712 	-1.39869e-05
0.0907688 	49.0655 	-0.299944 	-2.45041e-05
0.091023 	49.2336 	-0.300176 	-3.50213e-05
0.0912773 	49.4017 	-0.300409 	-2.86188e-05
0.0915315 	49.5698 	-0.300641 	-1.76681e-05
0.0917858 	49.7379 	-0.300873 	-6.71747e-06
0.09204 	49.9065 	-0.298852 	0.00011865
0.0922943 	50.0758 	-0.293257 	0.000425581
0.0925485 	50.2455 	-0.296726 	0.000272224
0.0928028 	50.4155 	-0.302503 	-3.51731e-07
0.0930571 	50.586 	-0.302591 	-4.45631e-06
0.0933113 	50.7565 	-0.302679 	-8.56088e-06
0.0935656 	50.927 	-0.302766 	-1.26655e-05
0.0938198 	51.0975 	-0.302854 	-1.08957e-05
0.0940741 	51.2681 	-0.302941 	-6.62632e-06
0.0943283 	51.4386 	-0.303029 	-2.35696e-06
0.0945826 	51.6094 	-0.300227 	0.000140101
0.0948368 	51.7807 	-0.293864 	0.000452872
0.0950911 	51.9522 	-0.296244 	0.000351228
0.0953453 	52.1239 	-0.302888 	4.75553e-05
0.0955996 	52.2956 	-0.303837 	3.83685e-06
0.0958539 	52.4673 	-0.303729 	8.38612e-06
0.0961081 	52.639 	-0.303621 	1.29354e-05
0.0963624 	52.8108 	-0.303513 	1.17837e-05
0.0966166 	52.9825 	-0.303405 	7.05798e-06
0.0968709 	53.1542 	-0.303297 	2.33229e-06
0.0971251 	53.326 	-0.299584 	0.000159359
0.0973794 	53.4979 	-0.292357 	0.000474007
0.0976336 	53.6699 	-0.293218 	0.000426841
0.0978879 	53.842 	-0.299861 	0.000121005
0.0981421 	54.0137 	-0.302232 	1.11562e-05
0.0983964 	54.1852 	-0.301804 	2.96162e-05
0.0986507 	54.3566 	-0.301377 	4.80761e-05
0.0989049 	54.528 	-0.30095 	4.66978e-05
0.0991592 	54.6995 	-0.300523 	2.75529e-05
0.0994134 	54.8709 	-0.300096 	8.40807e-06
0.0996677 	55.0421 	-0.295368 	0.000174375
0.0999219 	55.213 	-0.287272 	0.000485303
0.100176 	55.3839 	-0.286322 	0.000493294
0.10043 	55.5549 	-0.292702 	0.000190666
0.100685 	55.7253 	-0.296428 	1.27125e-05
0.100939 	55.8946 	-0.295635 	4.70736e-05
0.101193 	56.064 	-0.294842 	8.14347e-05
0.101447 	56.2334 	-0.294048 	8.50221e-05
0.101702 	56.4027 	-0.293255 	4.94547e-05
0.101956 	56.5721 	-0.292462 	1.38872e-05
0.10221 	56.7406 	-0.286791 	0.000182625
0.102464 	56.9085 	-0.277995 	0.000482231
0.102719 	57.0763 	-0.275263 	0.000542733
0.102973 	57.2442 	-0.281473 	0.000250662
0.103227 	57.4116 	-0.286648 	6.71468e-06
0.103481 	57.5767 	-0.285558 	5.40764e-05
0.103736 	57.7419 	-0.284468 	0.000101438
0.10399 	57.907 	-0.283379 	0.000114893
0.104244 	58.0722 	-0.282289 	6.59787e-05
0.104498 	58.2373 	-0.281199 	1.70641e-05
0.104753 	58.4008 	-0.274683 	0.000184307
0.105007 	58.5633 	-0.265259 	0.000467358
0.105261 	58.7259 	-0.260722 	0.000574612
0.105516 	58.8882 	-0.26685 	0.000298175
0.10577 	59.0506 	-0.272978 	2.17384e-05
0.106024 	59.2095 	-0.272219 	5.41067e-05
0.106278 	59.368 	-0.270872 	0.000112831
0.106533 	59.5266 	-0.269525 	0.000140105
0.106787 	59.6852 	-0.268178 	7.96099e-05
0.107041 	59.8437 	-0.266831 	1.91148e-05
0.107295 	59.9998 	-0.259519 	0.000180293
0.10755 	60.1546 	-0.249452 	0.000443869
0.107804 	60.3094 	-0.243001 	0.000590613
0.108058 	60.4639 	-0.249075 	0.000332664
0.108312 	60.6184 	-0.25515 	7.47139e-05
0.108567 	60.7695 	-0.255824 	4.74347e-05
0.108821 	60.9191 	-0.254296 	0.000114211
0.109075 	61.0687 	-0.252768 	0.000157309
0.109329 	61.2183 	-0.25124 	8.87169e-05
0.109584 	61.3679 	-0.249712 	2.01246e-05
0.109838 	61.514 	-0.241772 	0.000173696
0.110092 	61.6588 	-0.231168 	0.000419514
0.110346 	61.8035 	-0.222802 	0.00060031
0.110601 	61.9478 	-0.228946 	0.000359185
0.110855 	62.0921 	-0.23509 	0.000118061
0.111109 	62.2333 	-0.2372 	3.9319e-05
0.111363 	62.3715 	-0.23544 	0.000116359
0.111618 	62.5097 	-0.23368 	0.000180071
0.111872 	62.648 	-0.23192 	0.000101186
0.112126 	62.7862 	-0.230161 	2.23002e-05
0.11238 	62.9201 	-0.22154 	0.000161846
0.112635 	63.0524 	-0.210214 	0.000387475
0.112889 	63.1846 	-0.199633 	0.000593973
0.113143 	63.3163 	-0.205716 	0.000372094
0.113397 	63.4479 	-0.211798 	0.000150216
0.113652 	63.5773 	-0.21526 	2.87038e-05
0.113906 	63.7017 	-0.213231 	0.000117575
0.11416 	63.8261 	-0.211202 	0.000206447
0.114414 	63.9506 	-0.209173 	0.000116567
0.114669 	64.075 	-0.207144 	2.58792e-05
0.114923 	64.1944 	-0.197958 	0.000145637
0.115177 	64.3117 	-0.185913 	0.000349428
0.115431 	64.429 	-0.173868 	0.00055322
0.115686 	64.5456 	-0.179104 	0.000371826
0.11594 	64.6621 	-0.185218 	0.000170878
0.116194 	64.7774 	-0.190086 	1.44972e-05
0.116448 	64.8856 	-0.187875 	0.000111374
0.116703 	64.9938 	-0.185664 	0.000208251
0.116957 	65.1021 	-0.183453 	0.000128317
0.117211 	65.2103 	-0.181242 	2.98234e-05
0.117465 	65.3128 	-0.171668 	0.000131502
0.11772 	65.4129 	-0.158896 	0.000320114
0.117974 	65.5129 	-0.146125 	0.000508727
0.118228 	65.6121 	-0.149554 	0.000374592
0.118482 	65.7111 	-0.155612 	0.000188072
0.118737 	65.8102 	-0.161671 	1.55296e-06
0.118991 	65.9 	-0.159383 	0.000102413
0.119245 	65.9898 	-0.157025 	0.000205685
0.119499 	66.0796 	-0.154667 	0.000139751
0.119754 	66.1694 	-0.152309 	3.51622e-05
0.120008 	66.253 	-0.14276 	0.000116352
0.120262 	66.3336 	-0.12957 	0.000291633
0.120517 	66.4142 	-0.11638 	0.000466914
0.120771 	66.4939 	-0.118095 	0.000373773
0.121025 	66.5734 	-0.124292 	0.000199912
0.121279 	66.6529 	-0.130489 	2.60507e-05
0.121534 	66.7238 	-0.129338 	9.10354e-05
0.121788 	66.7933 	-0.126892 	0.000198115
0.122042 	66.8627 	-0.124445 	0.000149757
0.122296 	66.9322 	-0.121999 	4.17502e-05
0.122551 	66.9955 	-0.112777 	9.70867e-05
0.122805 	67.0549 	-0.0992871 	0.000255351
0.123059 	67.1143 	-0.0857967 	0.000413615
0.123313 	67.173 	-0.0857489 	0.000358106
0.123568 	67.2314 	-0.0921128 	0.000200634
0.123822 	67.2897 	-0.0984768 	4.3162e-05
0.124076 	67.3404 	-0.0984673 	7.66976e-05
0.12433 	67.3883 	-0.0960514 	0.000182355
0.124585 	67.4362 	-0.0936354 	0.000154367
0.124839 	67.4841 	-0.0912194 	4.82322e-05
0.125093 	67.5262 	-0.0827681 	7.58173e-05
0.125347 	67.5636 	-0.0692894 	0.00021479
0.125602 	67.6011 	-0.0558107 	0.000353762
0.125856 	67.6378 	-0.0541205 	0.000330254
0.12611 	67.6742 	-0.0607868 	0.000191567
0.126364 	67.7105 	-0.0674532 	5.28805e-05
0.126619 	67.7404 	-0.068621 	6.00169e-05
0.126873 	67.7663 	-0.0664002 	0.000157021
0.127127 	67.7923 	-0.0641795 	0.000149375
0.127381 	67.8182 	-0.0619587 	5.22867e-05
0.127636 	67.8392 	-0.0546689 	5.64601e-05
0.12789 	67.8547 	-0.0414632 	0.000178814
0.128144 	67.8701 	-0.0282576 	0.000301168
0.128398 	67.8851 	-0.0250494 	0.00030282
0.128653 	67.8995 	-0.0321141 	0.000180448
0.128907 	67.914 	-0.0391787 	5.8076e-05
0.129161 	67.9232 	-0.0415171 	4.42496e-05
0.129415 	67.9276 	-0.0395864 	0.000128468
0.12967 	67.9321 	-0.0376558 	0.000137403
0.129924 	67.9365 	-0.0357251 	5.32908e-05
0.130178 	67.9373 	-0.0298246 	4.00518e-05
0.130432 	67.9317 	-0.0170601 	0.000149354
0.130687 	67.9262 	-0.00429557 	0.000258656
0.130941 	67.9202 	0.000350827 	0.000280184
0.131195 	67.9137 	-0.00711842 	0.000170715
0.131449 	67.9073 	-0.0145877 	6.12466e-05
0.131704 	67.8967 	-0.0180549 	3.09896e-05
0.131958 	67.881 	-0.0164393 	0.000101339
0.132212 	67.8652 	-0.0148237 	0.00012177
0.132466 	67.8495 	-0.0132081 	5.1613e-05
0.132721 	67.8313 	-0.00878509 	2.6127e-05
0.132975 	67.8063 	0.00345147 	0.000124972
0.133229 	67.7812 	0.015688 	0.000223817
0.133483 	67.7559 	0.0217341 	0.000261454
0.133738 	67.7301 	0.0139505 	0.000162351
0.133992 	67.7043 	0.00616689 	6.32476e-05
0.134246 	67.6755 	0.00168474 	2.10748e-05
0.134501 	67.6413 	0.00302617 	7.93244e-05
0.134755 	67.6071 	0.00436761 	0.000106961
0.135009 	67.573 	0.00570904 	4.8951e-05
0.135263 	67.5375 	0.00866778 	1.38727e-05
0.135518 	67.495 	0.0203655 	0.000102705
0.135772 	67.4524 	0.0320633 	0.000191538
0.136026 	67.4098 	0.0394974 	0.00024171
0.13628 	67.3666 	0.0315659 	0.000152552
0.136535 	67.3234 	0.0236343 	6.33948e-05
0.136789 	67.2781 	0.0183202 	1.4086e-05
0.137043 	67.2275 	0.0194471 	6.28335e-05
0.137297 	67.177 	0.020574 	9.49184e-05
0.137552 	67.1265 	0.0217008 	4.64368e-05
0.137806 	67.0756 	0.0232511 	3.31805e-06
0.13806 	67.0177 	0.0344162 	8.19843e-05
0.138314 	66.9599 	0.0455814 	0.000160651
0.138569 	66.9019 	0.0543503 	0.000219572
0.138823 	66.8435 	0.0463764 	0.000140538
0.139077 	66.7851 	0.0384026 	6.15032e-05
0.139331 	66.7252 	0.0324133 	9.29116e-06
0.139586 	66.6604 	0.0333861 	5.11777e-05
0.13984 	66.5956 	0.0343589 	8.6429e-05
0.140094 	66.5308 	0.0353317 	4.48257e-05
0.140348 	66.466 	0.0363045 	3.22241e-06
0.140603 	66.3954 	0.0462811 	6.37241e-05
0.140857 	66.3242 	0.0570136 	0.000132799
0.141111 	66.253 	0.067128 	0.000197271
0.141365 	66.1814 	0.0592476 	0.000127805
0.14162 	66.1098 	0.0513672 	5.83394e-05
0.141874 	66.0373 	0.0448893 	6.01018e-06
0.142128 	65.9602 	0.045765 	4.35329e-05
0.142382 	65.8831 	0.0466407 	8.10557e-05
0.142637 	65.8059 	0.0475164 	4.47595e-05
0.142891 	65.7288 	0.0483921 	7.53771e-06
0.143145 	65.6473 	0.0568162 	4.78433e-05
0.143399 	65.5648 	0.0671572 	0.000107836
0.143654 	65.4822 	0.0774981 	0.000167828
0.143908 	65.3992 	0.0708527 	0.000114512
0.144162 	65.3162 	0.0631469 	5.41222e-05
0.144416 	65.2327 	0.0563246 	3.57504e-06
0.144671 	65.145 	0.0571325 	3.80228e-05
0.144925 	65.0573 	0.0579403 	7.24705e-05
0.145179 	64.9696 	0.0587481 	4.54853e-05
0.145433 	64.8819 	0.059556 	1.13553e-05
0.145688 	64.7911 	0.0664682 	3.4185e-05
0.145942 	64.6987 	0.0764241 	8.54146e-05
0.146196 	64.6063 	0.08638 	0.000136644
0.14645 	64.5137 	0.0815203 	0.000100528
0.146705 	64.4209 	0.0740315 	4.8913e-05
0.146959 	64.328 	0.0669741 	1.66562e-06
0.147213 	64.2313 	0.0677239 	3.34793e-05
0.147467 	64.1346 	0.0684737 	6.52931e-05
0.147722 	64.0379 	0.0692235 	4.62106e-05
0.147976 	63.9412 	0.0699733 	1.47267e-05
0.14823 	63.8424 	0.0754072 	2.25489e-05
0.148484 	63.7417 	0.0849577 	6.49144e-05
0.148739 	63.641 	0.0945081 	0.00010728
0.148993 	63.5401 	0.0913234 	8.52036e-05
0.149247 	63.4392 	0.0840589 	4.24826e-05
0.149502 	63.3382 	0.0768386 	1.61213e-07
0.149756 	63.234 	0.0775237 	2.9053e-05
0.15001 	63.1298 	0.0782087 	5.79448e-05
0.150264 	63.0256 	0.0788937 	4.59066e-05
0.150519 	62.9214 	0.0795787 	1.73454e-05
0.150773 	62.816 	0.0835754 	1.31212e-05
0.151027 	62.7085 	0.0926937 	4.65346e-05
0.151281 	62.6011 	0.101812 	7.9948e-05
0.151536 	62.4935 	0.100172 	6.86853e-05
0.15179 	62.3858 	0.0931231 	3.49646e-05
0.152044 	62.2782 	0.0860745 	1.24387e-06
0.152298 	62.1681 	0.0864017 	2.45715e-05
0.152553 	62.0579 	0.0870113 	5.00842e-05
0.152807 	61.9477 	0.0876209 	4.4117e-05
0.153061 	61.8376 	0.0882306 	1.89218e-05
0.153315 	61.7268 	0.0908468 	6.13633e-06
0.15357 	61.6141 	0.0995155 	3.07808e-05
0.153824 	61.5014 	0.108184 	5.54253e-05
0.154078 	61.3886 	0.107957 	5.16562e-05
0.154332 	61.2757 	0.101117 	2.67666e-05
0.154587 	61.1629 	0.0942773 	1.87694e-06
0.154841 	61.0484 	0.0942498 	2.02246e-05
0.155095 	60.9338 	0.0947779 	4.20988e-05
0.155349 	60.8192 	0.0953061 	4.09726e-05
0.155604 	60.7045 	0.0958343 	1.93907e-05
0.155858 	60.5897 	0.0971427 	1.652e-06
0.156112 	60.4733 	0.105356 	1.79237e-05
0.156366 	60.3569 	0.113569 	3.41955e-05
0.156621 	60.2404 	0.114629 	3.47046e-05
0.156875 	60.1239 	0.107995 	1.82598e-05
0.157129 	60.0074 	0.101362 	1.81501e-06
0.157383 	59.8899 	0.101026 	1.61838e-05
0.157638 	59.7724 	0.101471 	3.43755e-05
0.157892 	59.6548 	0.101917 	3.67509e-05
0.158146 	59.5372 	0.102362 	1.88176e-05
0.1584 	59.4196 	0.102808 	8.8438e-07
0.158655 	59.301 	0.110207 	7.98856e-06
0.158909 	59.1823 	0.117967 	1.63915e-05
0.159163 	59.0637 	0.120194 	1.82031e-05
0.159417 	58.9449 	0.113765 	9.70555e-06
0.159672 	58.8262 	0.107337 	1.20798e-06
0.159926 	58.7072 	0.106736 	1.25231e-05
0.16018 	58.5881 	0.107101 	2.71216e-05
0.160434 	58.469 	0.107465 	3.1681e-05
0.160689 	58.3498 	0.10783 	1.7301e-05
0.160943 	58.2307 	0.108194 	2.92097e-06
0.161197 	58.1113 	0.114098 	8.56111e-07
0.161451 	57.9917 	0.121413 	1.93046e-06
0.161706 	57.8722 	0.12469 	2.36015e-06
0.16196 	57.7526 	0.118467 	1.27311e-06
0.162214 	57.6331 	0.112245 	1.8606e-07
0.162468 	57.5137 	0.111418 	9.25908e-06
0.162723 	57.3943 	0.111705 	2.04303e-05
0.162977 	57.275 	0.111993 	2.59465e-05
0.163231 	57.1556 	0.11228 	1.49499e-05
0.163485 	57.0363 	0.112567 	3.95332e-06
0.16374 	56.917 	0.117078 	-3.66366e-06
0.163994 	56.7978 	0.123959 	-9.3837e-06
0.164248 	56.6786 	0.128176 	-1.27263e-05
0.164503 	56.5594 	0.122161 	-6.93582e-06
0.164757 	56.4403 	0.116145 	-1.14536e-06
0.165011 	56.3217 	0.115127 	6.37156e-06
0.165265 	56.2032 	0.115342 	1.43142e-05
0.16552 	56.0847 	0.115556 	1.96754e-05
0.165774 	55.9662 	0.11577 	1.18616e-05
0.166028 	55.8478 	0.115984 	4.04783e-06
0.166282 	55.7296 	0.119209 	-5.78623e-06
0.166537 	55.6118 	0.125668 	-1.77918e-05
0.166791 	55.4939 	0.130719 	-2.70216e-05
0.167045 	55.3762 	0.124912 	-1.48631e-05
0.167299 	55.2585 	0.119105 	-2.70467e-06
0.167554 	55.1416 	0.117927 	3.8504e-06
0.167808 	55.025 	0.118073 	8.80237e-06
0.168062 	54.9084 	0.11822 	1.30412e-05
0.168316 	54.7917 	0.118366 	8.17207e-06
0.168571 	54.6751 	0.118513 	3.30289e-06
0.168825 	54.5588 	0.120559 	-5.72483e-06
0.169079 	54.4432 	0.126612 	-2.35219e-05
0.169333 	54.3276 	0.132395 	-4.04868e-05
0.169588 	54.2122 	0.126799 	-2.24567e-05
0.169842 	54.0968 	0.121204 	-4.42657e-06
0.170096 	53.9824 	0.119893 	1.62423e-06
0.17035 	53.8684 	0.119976 	3.77699e-06
0.170605 	53.7544 	0.120059 	5.92975e-06
0.170859 	53.6404 	0.120141 	3.89316e-06
0.171113 	53.5264 	0.120224 	1.77729e-06
0.171367 	53.4126 	0.121199 	-3.69544e-06
0.171622 	53.3 	0.126855 	-2.6789e-05
0.171876 	53.1873 	0.132511 	-4.98825e-05
0.17213 	53.0749 	0.127881 	-2.96595e-05
0.172384 	52.9624 	0.122496 	-6.25682e-06
0.172639 	52.8512 	0.121074 	-3.24907e-07
0.172893 	52.7405 	0.121097 	-7.68371e-07
0.173147 	52.6297 	0.121121 	-1.21183e-06
0.173401 	52.5189 	0.121144 	-8.72583e-07
0.173656 	52.4082 	0.121168 	-4.36864e-07
0.17391 	52.2974 	0.121191 	-1.14465e-09
0.174164 	52.1883 	0.126454 	-2.77893e-05
0.174418 	52.0791 	0.13173 	-5.56515e-05
0.174673 	51.9702 	0.128229 	-3.63849e-05
0.174927 	51.8613 	0.123057 	-8.14353e-06
0.175181 	51.7537 	0.121545 	-1.95239e-06
0.175435 	51.6466 	0.121515 	-4.69586e-06
0.17569 	51.5396 	0.121486 	-7.43933e-06
0.175944 	51.4325 	0.121457 	-5.83677e-06
0.176198 	51.3255 	0.121427 	-3.14188e-06
0.176452 	51.2184 	0.121398 	-4.46984e-07
0.176707 	51.1129 	0.12549 	-2.68844e-05
0.176961 	51.0076 	0.130402 	-5.91146e-05
0.177215 	50.9026 	0.127929 	-4.27658e-05
0.177469 	50.7976 	0.122976 	-1.00918e-05
0.177724 	50.694 	0.121393 	-3.31974e-06
0.177978 	50.591 	0.121316 	-8.12304e-06
0.178232 	50.488 	0.121239 	-1.29263e-05
0.178486 	50.385 	0.121162 	-1.09887e-05
0.178741 	50.282 	0.121085 	-6.27125e-06
0.178995 	50.179 	0.121008 	-1.5538e-06
0.179249 	50.0773 	0.124032 	-2.45862e-05
0.179504 	49.9762 	0.128579 	-6.12478e-05
0.179758 	49.8754 	0.127042 	-4.94069e-05
0.180012 	49.7746 	0.122327 	-1.22369e-05
0.180266 	49.6752 	0.120694 	-4.45845e-06
0.180521 	49.5764 	0.120575 	-1.11051e-05
0.180775 	49.4777 	0.120455 	-1.77517e-05
0.181029 	49.379 	0.120335 	-1.62712e-05
0.181283 	49.2803 	0.120215 	-9.74396e-06
0.181538 	49.1816 	0.120096 	-3.21671e-06
0.181792 	49.0839 	0.122152 	-2.10114e-05
0.182046 	48.9872 	0.126323 	-6.24386e-05
0.1823 	48.8907 	0.125623 	-5.66931e-05
0.182555 	48.7943 	0.12118 	-1.46898e-05
0.182809 	48.6992 	0.119524 	-5.33215e-06
0.183063 	48.605 	0.119368 	-1.3532e-05
0.183317 	48.5107 	0.119212 	-2.17319e-05
0.183572 	48.4164 	0.119056 	-2.13866e-05
0.183826 	48.3221 	0.118899 	-1.3334e-05
0.18408 	48.2278 	0.118743 	-5.28142e-06
0.184334 	48.1343 	0.119942 	-1.60093e-05
0.184589 	48.0421 	0.123726 	-6.25296e-05
0.184843 	47.95 	0.123758 	-6.46513e-05
0.185097 	47.858 	0.119626 	-1.7485e-05
0.185351 	47.7675 	0.117977 	-5.9486e-06
0.185606 	47.6777 	0.117791 	-1.54015e-05
0.18586 	47.5879 	0.117605 	-2.48544e-05
0.186114 	47.4981 	0.117419 	-2.61637e-05
0.186368 	47.4083 	0.117233 	-1.688e-05
0.186623 	47.3186 	0.117046 	-7.59629e-06
0.186877 	47.2292 	0.117508 	-9.41818e-06
0.187131 	47.1415 	0.120887 	-6.12347e-05
0.187385 	47.054 	0.121534 	-7.31473e-05
0.18764 	46.9665 	0.117768 	-2.06155e-05
0.187894 	46.8804 	0.116161 	-6.37958e-06
0.188148 	46.7952 	0.11595 	-1.68799e-05
0.188402 	46.7099 	0.115738 	-2.73802e-05
0.188657 	46.6247 	0.115526 	-3.07315e-05
0.188911 	46.5394 	0.115314 	-2.04177e-05
0.189165 	46.4541 	0.115102 	-1.0104e-05
0.189419 	46.3689 	0.114955 	-1.16205e-06
0.189674 	46.2858 	0.117893 	-5.82906e-05
0.189928 	46.2028 	0.119002 	-8.19522e-05
0.190182 	46.1199 	0.11565 	-2.40426e-05
0.190436 	46.0382 	0.114118 	-6.83665e-06
0.190691 	45.9575 	0.113877 	-1.85267e-05
0.190945 	45.8767 	0.113636 	-3.02168e-05
0.191199 	45.796 	0.113395 	-3.60607e-05
0.191453 	45.7152 	0.113154 	-2.45759e-05
0.191708 	45.6345 	0.112913 	-1.30911e-05
0.191962 	45.5537 	0.112672 	-1.60636e-06
0.192216 	45.4748 	0.114747 	-5.32573e-05
0.19247 	45.3963 	0.116131 	-9.03114e-05
0.192725 	45.3178 	0.113229 	-2.75588e-05
0.192979 	45.2406 	0.111806 	-7.04582e-06
0.193233 	45.1643 	0.111543 	-1.96089e-05
0.193487 	45.088 	0.11128 	-3.21721e-05
0.193742 	45.0117 	0.111016 	-4.07244e-05
0.193996 	44.9354 	0.110753 	-2.83785e-05
0.19425 	44.8591 	0.11049 	-1.60327e-05
0.194505 	44.7829 	0.110226 	-3.68686e-06
0.194759 	44.7081 	0.11151 	-4.67252e-05
0.195013 	44.6339 	0.112983 	-9.8867e-05
0.195267 	44.5599 	0.110579 	-3.13642e-05
0.195522 	44.487 	0.109316 	-6.84887e-06
0.195776 	44.4151 	0.109045 	-1.96418e-05
0.19603 	44.3432 	0.108774 	-3.24347e-05
0.196284 	44.2713 	0.108502 	-4.34588e-05
0.196539 	44.1994 	0.108231 	-3.08829e-05
0.196793 	44.1275 	0.10796 	-1.83071e-05
0.197047 	44.0556 	0.107689 	-5.73124e-06
0.197301 	43.9849 	0.108329 	-3.93831e-05
0.197556 	43.9151 	0.109679 	-0.000109346
0.19781 	43.8454 	0.107795 	-3.60476e-05
0.198064 	43.7767 	0.106723 	-6.79007e-06
0.198318 	43.7092 	0.106436 	-2.01509e-05
0.198573 	43.6416 	0.10615 	-3.35117e-05
0.198827 	43.574 	0.105863 	-4.68725e-05
0.199081 	43.5064 	0.105576 	-3.43063e-05
0.199335 	43.4388 	0.105289 	-2.1167e-05
0.19959 	43.3712 	0.105002 	-8.02778e-06
0.199844 	43.3044 	0.105153 	-3.04752e-05
0.200098 	43.2389 	0.105989 	-0.000108813
0.200352 	43.1734 	0.10479 	-4.13162e-05
0.200607 	43.109 	0.103929 	-6.90944e-06
0.200861 	43.0456 	0.103615 	-2.13288e-05
0.201115 	42.9822 	0.103301 	-3.57482e-05
0.201369 	42.9188 	0.102988 	-5.01676e-05
0.201624 	42.8555 	0.102674 	-3.92144e-05
0.201878 	42.7921 	0.102361 	-2.50278e-05
0.202132 	42.7287 	0.102047 	-1.08411e-05
0.202386 	42.6658 	0.10187 	-1.96532e-05
0.202641 	42.6045 	0.102134 	-0.000102993
0.202895 	42.5432 	0.101474 	-4.65607e-05
0.203149 	42.4828 	0.100857 	-6.89687e-06
0.203403 	42.4235 	0.100518 	-2.22884e-05
0.203658 	42.3642 	0.10018 	-3.76799e-05
0.203912 	42.305 	0.0998416 	-5.30714e-05
0.204166 	42.2457 	0.0995031 	-4.41667e-05
0.20442 	42.1864 	0.0991647 	-2.90161e-05
0.204675 	42.1272 	0.0988263 	-1.38655e-05
0.204929 	42.0681 	0.0984909 	-7.40295e-06
0.205183 	42.0108 	0.0981884 	-9.46844e-05
0.205437 	41.9536 	0.0978657 	-5.1683e-05
0.205692 	41.8971 	0.0975241 	-6.70453e-06
0.205946 	41.8419 	0.0971654 	-2.28674e-05
0.2062 	41.7866 	0.0968068 	-3.90303e-05
0.206454 	41.7314 	0.0964481 	-5.51932e-05
0.206709 	41.6761 	0.0960894 	-4.87719e-05
0.206963 	41.6209 	0.0957308 	-3.28533e-05
0.207217 	41.5656 	0.0953721 	-1.69348e-05
0.207471 	41.5104 	0.0950135 	-1.0162e-06
0.207726 	41.457 	0.0941912 	-8.46071e-05
0.20798 	41.4037 	0.0939989 	-5.67499e-05
0.208234 	41.3511 	0.0939577 	-6.38189e-06
0.208488 	41.2998 	0.0935813 	-2.32128e-05
0.208743 	41.2485 	0.0932049 	-4.00437e-05
0.208997 	41.1971 	0.0928285 	-5.68747e-05
0.209251 	41.1458 	0.0924521 	-5.32422e-05
0.209506 	41.0945 	0.0920757 	-3.66559e-05
0.20976 	41.0431 	0.0916993 	-2.00696e-05
0.210014 	40.9918 	0.091323 	-3.4833e-06
0.210268 	40.942 	0.0901545 	-7.32359e-05
0.210523 	40.8926 	0.0898939 	-6.17566e-05
0.210777 	40.8438 	0.09017 	-5.95094e-06
0.211031 	40.7963 	0.0897772 	-2.3399e-05
0.211285 	40.7489 	0.0893845 	-4.0847e-05
0.21154 	40.7014 	0.0889917 	-5.82951e-05
0.211794 	40.6539 	0.088599 	-5.76995e-05
0.212048 	40.6064 	0.0882062 	-4.04942e-05
0.212302 	40.5589 	0.0878135 	-2.32889e-05
0.212557 	40.5114 	0.0874207 	-6.08354e-06
0.212811 	40.4652 	0.0860752 	-6.09451e-05
0.213065 	40.4196 	0.0855665 	-6.66533e-05
0.213319 	40.3745 	0.0861713 	-5.40808e-06
0.213574 	40.3308 	0.0857638 	-2.34131e-05
0.213828 	40.2871 	0.0853564 	-4.14181e-05
0.214082 	40.2434 	0.0849489 	-5.94231e-05
0.214336 	40.1997 	0.0845414 	-6.2084e-05
0.214591 	40.156 	0.0841339 	-4.43175e-05
0.214845 	40.1123 	0.0837265 	-2.65511e-05
0.215099 	40.0686 	0.083319 	-8.78469e-06
0.215353 	40.0258 	0.0819502 	-4.8092e-05
0.215608 	39.9839 	0.0810402 	-7.13862e-05
0.215862 	39.9426 	0.0819833 	-4.75307e-06
0.216116 	39.9026 	0.0815629 	-2.32496e-05
0.21637 	39.8626 	0.0811425 	-4.17462e-05
0.216625 	39.8226 	0.080722 	-6.02427e-05
0.216879 	39.7826 	0.0803016 	-6.63457e-05
0.217133 	39.7426 	0.0798811 	-4.80814e-05
0.217387 	39.7026 	0.0794607 	-2.9817e-05
0.217642 	39.6626 	0.0790402 	-1.15527e-05
0.217896 	39.6232 	0.0777799 	-3.50156e-05
0.21815 	39.5851 	0.0763397 	-7.59074e-05
0.218404 	39.5473 	0.077629 	-3.99228e-06
0.218659 	39.5109 	0.077197 	-2.29319e-05
0.218913 	39.4745 	0.0767649 	-4.18715e-05
0.219167 	39.4382 	0.0763329 	-6.0811e-05
0.219421 	39.4018 	0.0759008 	-7.05152e-05
0.219676 	39.3655 	0.0754688 	-5.17996e-05
0.21993 	39.3291 	0.0750367 	-3.3084e-05
0.220184 	39.2927 	0.0746047 	-1.43683e-05
0.220438 	39.2568 	0.0735624 	-2.20174e-05
0.220693 	39.2222 	0.0714852 	-8.0156e-05
0.220947 	39.188 	0.0731266 	-3.12851e-06
0.221201 	39.1552 	0.0726841 	-2.2471e-05
0.221455 	39.1224 	0.0722417 	-4.18135e-05
0.22171 	39.0896 	0.0717992 	-6.1156e-05
0.221964 	39.0568 	0.0713567 	-7.46002e-05
0.222218 	39.024 	0.0709142 	-5.54717e-05
0.222472 	38.9912 	0.0704717 	-3.63433e-05
0.222727 	38.9584 	0.0700292 	-1.72148e-05
0.222981 	38.9258 	0.0692938 	-9.3669e-06
0.223235 	38.8947 	0.0664952 	-8.40354e-05
0.223489 	38.8639 	0.0684892 	-2.1635e-06
0.223744 	38.8346 	0.0680373 	-2.18754e-05
0.223998 	38.8053 	0.0675854 	-4.15872e-05
0.224252 	38.776 	0.0671335 	-6.12991e-05
0.224507 	38.7467 	0.0666815 	-7.86063e-05
0.224761 	38.7174 	0.0662296 	-5.9097e-05
0.225015 	38.6881 	0.0657777 	-3.95878e-05
0.225269 	38.6588 	0.0653258 	-2.00785e-05
0.225524 	38.6295 	0.0648739 	-5.69227e-07
0.225778 	38.6018 	0.0613884 	-8.73898e-05
0.226032 	38.5744 	0.0637164 	-1.09865e-06
0.226286 	38.5485 	0.0632558 	-2.11595e-05
0.226541 	38.5226 	0.0627952 	-4.12204e-05
0.226795 	38.4967 	0.0623346 	-6.12813e-05
0.227049 	38.4708 	0.061874 	-8.13421e-05
0.227303 	38.445 	0.0614133 	-6.26994e-05
0.227558 	38.4191 	0.0609527 	-4.28284e-05
0.227812 	38.3932 	0.0604921 	-2.29574e-05
0.228066 	38.3673 	0.0600315 	-3.08646e-06
0.22832 	38.3428 	0.0567175 	-7.52936e-05
0.228575 	38.3186 	0.058802 	-2.94596e-07
0.228829 	38.2961 	0.0583442 	-2.02945e-05
0.229083 	38.2736 	0.0578763 	-4.06558e-05
0.229337 	38.251 	0.0574084 	-6.10171e-05
0.229592 	38.2285 	0.0569405 	-8.13784e-05
0.229846 	38.2059 	0.0564726 	-6.61754e-05
0.2301 	38.1834 	0.0560047 	-4.59898e-05
0.230354 	38.1608 	0.0555367 	-2.58043e-05
0.230609 	38.1383 	0.0550688 	-5.6187e-06
0.230863 	38.1168 	0.0520711 	-6.19141e-05
0.231117 	38.096 	0.053599 	-5.56328e-06
0.231371 	38.0766 	0.0533297 	-1.92497e-05
0.231626 	38.0573 	0.0528566 	-3.98253e-05
0.23188 	38.0381 	0.0523836 	-6.04009e-05
0.232134 	38.0188 	0.0519105 	-8.09765e-05
0.232388 	37.9995 	0.0514375 	-6.93765e-05
0.232643 	37.9802 	0.0509644 	-4.89609e-05
0.232897 	37.9609 	0.0504914 	-2.85454e-05
0.233151 	37.9416 	0.0500183 	-8.12983e-06
0.233405 	37.9232 	0.0473955 	-4.91694e-05
0.23366 	37.9056 	0.0482887 	-1.05782e-05
0.233914 	37.8893 	0.0482225 	-1.79004e-05
0.234168 	37.8731 	0.0477501 	-3.84458e-05
0.234422 	37.857 	0.0472778 	-5.89912e-05
0.234677 	37.8409 	0.0468054 	-7.95366e-05
0.234931 	37.8248 	0.0463331 	-7.17161e-05
0.235185 	37.8086 	0.0458607 	-5.13126e-05
0.235439 	37.7925 	0.0453884 	-3.0909e-05
0.235694 	37.7764 	0.044916 	-1.05055e-05
0.235948 	37.7609 	0.0427184 	-3.74279e-05
0.236202 	37.7464 	0.0429717 	-1.52148e-05
0.236456 	37.7331 	0.0431164 	-1.62166e-05
0.236711 	37.72 	0.0426527 	-3.63924e-05
0.236965 	37.7069 	0.0421889 	-5.65681e-05
0.237219 	37.6939 	0.0417251 	-7.67439e-05
0.237473 	37.6808 	0.0412613 	-7.27637e-05
0.237728 	37.6677 	0.0407976 	-5.27094e-05
0.237982 	37.6546 	0.0403338 	-3.2655e-05
0.238236 	37.6416 	0.03987 	-1.26007e-05
0.23849 	37.629 	0.0381076 	-2.69505e-05
0.238745 	37.6174 	0.0377533 	-1.94385e-05
0.238999 	37.607 	0.0381157 	-1.42694e-05
0.239253 	37.5968 	0.0376684 	-3.37348e-05
0.239508 	37.5867 	0.037221 	-5.32002e-05
0.239762 	37.5765 	0.0367737 	-7.26657e-05
0.240016 	37.5664 	0.0363263 	-7.23996e-05
0.24027 	37.5562 	0.035879 	-5.30337e-05
0.240525 	37.5461 	0.0354316 	-3.36678e-05
0.240779 	37.536 	0.0349843 	-1.4302e-05
0.241033 	37.5262 	0.0336449 	-1.77538e-05
0.241287 	37.5174 	0.0327246 	-2.32273e-05
0.241542 	37.5097 	0.0333154 	-1.20453e-05
0.241796 	37.5023 	0.0328955 	-3.03204e-05
0.24205 	37.4949 	0.0324756 	-4.85954e-05
0.242304 	37.4875 	0.0320557 	-6.68705e-05
0.242559 	37.4801 	0.0316358 	-6.99802e-05
0.242813 	37.4728 	0.0312159 	-5.17819e-05
0.243067 	37.4654 	0.030796 	-3.35837e-05
0.243321 	37.458 	0.0303761 	-1.53854e-05
0.243576 	37.4508 	0.0294433 	-9.80333e-06
0.24383 	37.4447 	0.0280036 	-2.65934e-05
0.244084 	37.4395 	0.0288386 	-9.56952e-06
0.244338 	37.4346 	0.0284608 	-2.60148e-05
0.244593 	37.4298 	0.028083 	-4.24601e-05
0.244847 	37.425 	0.0277052 	-5.89054e-05
0.245101 	37.4202 	0.0273274 	-6.47306e-05
0.245355 	37.4153 	0.0269496 	-4.83392e-05
0.24561 	37.4105 	0.0265719 	-3.19478e-05
0.245864 	37.4057 	0.0261941 	-1.55564e-05
0.246118 	37.4009 	0.0256525 	-3.01599e-06
0.246372 	37.3972 	0.023744 	-2.95847e-05
0.246627 	37.3941 	0.0248446 	-6.91327e-06
0.246881 	37.3912 	0.0245279 	-2.0701e-05
0.247135 	37.3884 	0.0242112 	-3.44888e-05
0.247389 	37.3855 	0.0238946 	-4.82765e-05
0.247644 	37.3826 	0.0235779 	-5.57009e-05
0.247898 	37.3798 	0.0232612 	-4.19455e-05
0.248152 	37.3769 	0.0229445 	-2.81902e-05
0.248406 	37.3741 	0.0226279 	-1.44348e-05
0.248661 	37.3712 	0.0223112 	-6.79419e-07
0.248915 	37.369 	0.020144 	-3.22965e-05
0.249169 	37.3755 	0.0215345 	-4.34485e-06
0.249423 	37.394 	0.0212956 	-1.47487e-05
0.249678 	37.4125 	0.0210567 	-2.51525e-05
0.249932 	37.431 	0.0208179 	-3.55564e-05
0.250186 	37.4495 	0.020579 	-4.30778e-05
0.25044 	37.468 	0.0203401 	-3.26886e-05
0.250695 	37.4865 	0.0201012 	-2.22995e-05
0.250949 	37.5049 	0.0198624 	-1.19103e-05
0.251203 	37.5234 	0.0196235 	-1.52115e-06
0.251457 	37.5594 	0.0173747 	-3.48091e-05
0.251712 	37.5921 	0.0189764 	-6.21383e-06
0.251966 	37.6117 	0.0185456 	-2.50109e-05
0.25222 	37.6312 	0.0181148 	-4.38079e-05
0.252474 	37.6507 	0.017684 	-6.26049e-05
0.252729 	37.6702 	0.0172532 	-7.96614e-05
0.252983 	37.6898 	0.0168224 	-6.08761e-05
0.253237 	37.7093 	0.0163916 	-4.20909e-05
0.253491 	37.7288 	0.0159607 	-2.33056e-05
0.253746 	37.7483 	0.0155299 	-4.52038e-06
0.254 	37.753 	0.0130856 	-1.08968e-05
