0 	33.3241 	-0.010745 	-1.8151e-08
0.000254254 	33.3276 	-4.91575e-07 	-1.62109e-08
0.000508509 	33.3312 	-4.91575e-07 	-1.62109e-08
0.000762763 	33.3348 	-4.91575e-07 	-1.62109e-08
0.00101702 	33.3384 	-4.91575e-07 	-1.62109e-08
0.00127127 	33.342 	-4.91575e-07 	-1.62109e-08
0.00152553 	33.3457 	-4.91575e-07 	-1.62109e-08
0.00177978 	33.3493 	-4.91575e-07 	-1.62109e-08
0.00203403 	33.3529 	-4.91575e-07 	-1.62109e-08
0.00228829 	33.3565 	-4.91575e-07 	-1.62109e-08
0.00254254 	33.3601 	-2.49055e-07 	-1.62198e-08
0.0027968 	33.3636 	-2.49055e-07 	-1.62198e-08
0.00305105 	33.367 	-2.49055e-07 	-1.62198e-08
0.00330531 	33.3705 	-2.49055e-07 	-1.62198e-08
0.00355956 	33.3739 	-2.49055e-07 	-1.62198e-08
0.00381381 	33.3773 	-2.49055e-07 	-1.62198e-08
0.00406807 	33.3808 	-2.49055e-07 	-1.62198e-08
0.00432232 	33.3842 	-2.49055e-07 	-1.62198e-08
0.00457658 	33.3877 	-2.49055e-07 	-1.62198e-08
0.00483083 	33.3911 	-2.49055e-07 	-1.62198e-08
0.00508509 	33.3943 	1.94833e-07 	-1.64862e-08
0.00533934 	33.3969 	1.94833e-07 	-1.64862e-08
0.00559359 	33.3995 	1.94833e-07 	-1.64862e-08
0.00584785 	33.402 	1.94833e-07 	-1.64862e-08
0.0061021 	33.4046 	1.94833e-07 	-1.64862e-08
0.00635636 	33.4072 	1.94833e-07 	-1.64862e-08
0.00661061 	33.4097 	1.94833e-07 	-1.64862e-08
0.00686486 	33.4123 	1.94833e-07 	-1.64862e-08
0.00711912 	33.4149 	1.94833e-07 	-1.64862e-08
0.00737337 	33.4174 	1.94833e-07 	-1.64862e-08
0.00762763 	33.4226 	5.17474e-07 	-1.73266e-08
0.00788188 	33.4332 	5.17474e-07 	-1.73266e-08
0.00813614 	33.4438 	5.17474e-07 	-1.73266e-08
0.00839039 	33.4544 	5.17474e-07 	-1.73266e-08
0.00864464 	33.465 	5.17474e-07 	-1.73266e-08
0.0088989 	33.4757 	5.17474e-07 	-1.73266e-08
0.00915315 	33.4863 	5.17474e-07 	-1.73266e-08
0.00940741 	33.4969 	5.17474e-07 	-1.73266e-08
0.00966166 	33.5075 	5.17474e-07 	-1.73266e-08
0.00991592 	33.5181 	5.17474e-07 	-1.73266e-08
0.0101702 	33.5328 	6.84396e-07 	-1.72273e-08
0.0104244 	33.5529 	6.84396e-07 	-1.72273e-08
0.0106787 	33.573 	6.84396e-07 	-1.72273e-08
0.0109329 	33.593 	6.84396e-07 	-1.72273e-08
0.0111872 	33.6131 	6.84396e-07 	-1.72273e-08
0.0114414 	33.6332 	6.84396e-07 	-1.72273e-08
0.0116957 	33.6533 	6.84396e-07 	-1.72273e-08
0.0119499 	33.6734 	6.84396e-07 	-1.72273e-08
0.0122042 	33.6935 	6.84396e-07 	-1.72273e-08
0.0124585 	33.7135 	6.84396e-07 	-1.72273e-08
0.0127127 	33.7385 	8.89872e-07 	-1.04079e-08
0.012967 	33.7675 	8.89872e-07 	-1.04079e-08
0.0132212 	33.7966 	8.89872e-07 	-1.04079e-08
0.0134755 	33.8256 	8.89872e-07 	-1.04079e-08
0.0137297 	33.8546 	8.89872e-07 	-1.04079e-08
0.013984 	33.8836 	8.89872e-07 	-1.04079e-08
0.0142382 	33.9127 	8.89872e-07 	-1.04079e-08
0.0144925 	33.9417 	8.89872e-07 	-1.04079e-08
0.0147467 	33.9707 	8.89872e-07 	-1.04079e-08
0.015001 	33.9997 	8.89872e-07 	-1.04079e-08
0.0152553 	34.035 	1.07495e-06 	-1.12032e-08
0.0155095 	34.0736 	1.07495e-06 	-1.12032e-08
0.0157638 	34.1122 	1.07495e-06 	-1.12032e-08
0.016018 	34.1508 	1.07495e-06 	-1.12032e-08
0.0162723 	34.1894 	1.07495e-06 	-1.12032e-08
0.0165265 	34.228 	1.07495e-06 	-1.12032e-08
0.0167808 	34.2666 	1.07495e-06 	-1.12032e-08
0.017035 	34.3052 	1.07495e-06 	-1.12032e-08
0.0172893 	34.3438 	1.07495e-06 	-1.12032e-08
0.0175435 	34.3824 	1.07495e-06 	-1.12032e-08
0.0177978 	34.4292 	1.2379e-06 	-8.50338e-09
0.0180521 	34.4786 	1.2379e-06 	-8.50338e-09
0.0183063 	34.5279 	1.2379e-06 	-8.50338e-09
0.0185606 	34.5773 	1.2379e-06 	-8.50338e-09
0.0188148 	34.6266 	1.2379e-06 	-8.50338e-09
0.0190691 	34.676 	1.2379e-06 	-8.50338e-09
0.0193233 	34.7253 	1.2379e-06 	-8.50338e-09
0.0195776 	34.7746 	1.2379e-06 	-8.50338e-09
0.0198318 	34.824 	1.2379e-06 	-8.50338e-09
0.0200861 	34.8733 	1.2379e-06 	-8.50338e-09
0.0203403 	34.9314 	1.36052e-06 	-4.82965e-09
0.0205946 	34.9908 	1.36052e-06 	-4.82965e-09
0.0208488 	35.0502 	1.36052e-06 	-4.82965e-09
0.0211031 	35.1096 	1.36052e-06 	-4.82965e-09
0.0213574 	35.169 	1.36052e-06 	-4.82965e-09
0.0216116 	35.2284 	1.36052e-06 	-4.82965e-09
0.0218659 	35.2878 	1.36052e-06 	-4.82965e-09
0.0221201 	35.3472 	1.36052e-06 	-4.82965e-09
0.0223744 	35.4066 	1.36052e-06 	-4.82965e-09
0.0226286 	35.466 	1.36052e-06 	-4.82965e-09
0.0228829 	35.5322 	1.32157e-06 	9.81928e-10
0.0231371 	35.5985 	1.32157e-06 	9.81928e-10
0.0233914 	35.6648 	1.32157e-06 	9.81928e-10
0.0236456 	35.7311 	1.32157e-06 	9.81928e-10
0.0238999 	35.7975 	1.32157e-06 	9.81928e-10
0.0241542 	35.8638 	1.32157e-06 	9.81928e-10
0.0244084 	35.9301 	1.32157e-06 	9.81928e-10
0.0246627 	35.9965 	1.32157e-06 	9.81928e-10
0.0249169 	36.0628 	1.32157e-06 	9.81928e-10
0.0251712 	36.1295 	1.17548e-06 	-1.30922e-08
0.0254254 	36.2 	1.17548e-06 	-1.30922e-08
0.0256797 	36.2706 	1.17548e-06 	-1.30922e-08
0.0259339 	36.3412 	1.17548e-06 	-1.30922e-08
0.0261882 	36.4117 	1.17548e-06 	-1.30922e-08
0.0264424 	36.4823 	1.17548e-06 	-1.30922e-08
0.0266967 	36.5528 	1.17548e-06 	-1.30922e-08
0.026951 	36.6234 	1.17548e-06 	-1.30922e-08
0.0272052 	36.6939 	1.17548e-06 	-1.30922e-08
0.0274595 	36.7645 	1.17548e-06 	-1.30922e-08
0.0277137 	36.8355 	9.67171e-07 	-1.03678e-08
0.027968 	36.9081 	9.67171e-07 	-1.03678e-08
0.0282222 	36.9808 	9.67171e-07 	-1.03678e-08
0.0284765 	37.0534 	9.67171e-07 	-1.03678e-08
0.0287307 	37.1261 	9.67171e-07 	-1.03678e-08
0.028985 	37.1987 	9.67171e-07 	-1.03678e-08
0.0292392 	37.2714 	9.67171e-07 	-1.03678e-08
0.0294935 	37.344 	9.67171e-07 	-1.03678e-08
0.0297477 	37.4167 	9.67171e-07 	-1.03678e-08
0.030002 	37.4894 	9.67171e-07 	-1.03678e-08
0.0302563 	37.5621 	6.0516e-07 	2.09148e-09
0.0305105 	37.6349 	6.0516e-07 	2.09148e-09
0.0307648 	37.7078 	6.0516e-07 	2.09148e-09
0.031019 	37.7806 	6.0516e-07 	2.09148e-09
0.0312733 	37.8534 	6.0516e-07 	2.09148e-09
0.0315275 	37.9263 	6.0516e-07 	2.09148e-09
0.0317818 	37.9991 	6.0516e-07 	2.09148e-09
0.032036 	38.072 	6.0516e-07 	2.09148e-09
0.0322903 	38.1448 	6.0516e-07 	2.09148e-09
0.0325445 	38.2177 	6.0516e-07 	2.09148e-09
0.0327988 	38.2901 	1.37165e-07 	-1.17602e-08
0.0330531 	38.3621 	1.37165e-07 	-1.17602e-08
0.0333073 	38.434 	1.37165e-07 	-1.17602e-08
0.0335616 	38.506 	1.37165e-07 	-1.17602e-08
0.0338158 	38.5779 	1.37165e-07 	-1.17602e-08
0.0340701 	38.6499 	1.37165e-07 	-1.17602e-08
0.0343243 	38.7218 	1.37165e-07 	-1.17602e-08
0.0345786 	38.7938 	1.37165e-07 	-1.17602e-08
0.0348328 	38.8657 	1.37165e-07 	-1.17602e-08
0.0350871 	38.9377 	1.37165e-07 	-1.17602e-08
0.0353413 	39.0091 	-3.81637e-07 	-1.52565e-08
0.0355956 	39.0801 	-3.81637e-07 	-1.52565e-08
0.0358498 	39.151 	-3.81637e-07 	-1.52565e-08
0.0361041 	39.2219 	-3.81637e-07 	-1.52565e-08
0.0363584 	39.2929 	-3.81637e-07 	-1.52565e-08
0.0366126 	39.3638 	-3.81637e-07 	-1.52565e-08
0.0368669 	39.4348 	-3.81637e-07 	-1.52565e-08
0.0371211 	39.5057 	-3.81637e-07 	-1.52565e-08
0.0373754 	39.5767 	-3.81637e-07 	-1.52565e-08
0.0376296 	39.6476 	-3.81637e-07 	-1.52565e-08
0.0378839 	39.7184 	-9.2805e-07 	-4.74769e-09
0.0381381 	39.789 	-9.2805e-07 	-4.74769e-09
0.0383924 	39.8596 	-9.2805e-07 	-4.74769e-09
0.0386466 	39.9303 	-9.2805e-07 	-4.74769e-09
0.0389009 	40.0009 	-9.2805e-07 	-4.74769e-09
0.0391552 	40.0716 	-9.2805e-07 	-4.74769e-09
0.0394094 	40.1422 	-9.2805e-07 	-4.74769e-09
0.0396637 	40.2129 	-9.2805e-07 	-4.74769e-09
0.0399179 	40.2835 	-9.2805e-07 	-4.74769e-09
0.0401722 	40.3541 	-9.2805e-07 	-4.74769e-09
0.0404264 	40.4256 	-1.47545e-06 	-3.56393e-09
0.0406807 	40.4973 	-1.47545e-06 	-3.56393e-09
0.0409349 	40.5691 	-1.47545e-06 	-3.56393e-09
0.0411892 	40.6408 	-1.47545e-06 	-3.56393e-09
0.0414434 	40.7125 	-1.47545e-06 	-3.56393e-09
0.0416977 	40.7843 	-1.47545e-06 	-3.56393e-09
0.041952 	40.856 	-1.47545e-06 	-3.56393e-09
0.0422062 	40.9277 	-1.47545e-06 	-3.56393e-09
0.0424605 	40.9995 	-1.47545e-06 	-3.56393e-09
0.0427147 	41.0712 	-1.47545e-06 	-3.56393e-09
0.042969 	41.1453 	-1.9932e-06 	-1.01771e-08
0.0432232 	41.2198 	-1.9932e-06 	-1.01771e-08
0.0434775 	41.2944 	-1.9932e-06 	-1.01771e-08
0.0437317 	41.3689 	-1.9932e-06 	-1.01771e-08
0.043986 	41.4434 	-1.9932e-06 	-1.01771e-08
0.0442402 	41.518 	-1.9932e-06 	-1.01771e-08
0.0444945 	41.5925 	-1.9932e-06 	-1.01771e-08
0.0447487 	41.6671 	-1.9932e-06 	-1.01771e-08
0.045003 	41.7416 	-1.9932e-06 	-1.01771e-08
0.0452573 	41.8161 	-1.9932e-06 	-1.01771e-08
0.0455115 	41.8949 	-2.44539e-06 	-3.56742e-08
0.0457658 	41.974 	-2.44539e-06 	-3.56742e-08
0.04602 	42.053 	-2.44539e-06 	-3.56742e-08
0.0462743 	42.132 	-2.44539e-06 	-3.56742e-08
0.0465285 	42.211 	-2.44539e-06 	-3.56742e-08
0.0467828 	42.29 	-2.44539e-06 	-3.56742e-08
0.047037 	42.369 	-2.44539e-06 	-3.56742e-08
0.0472913 	42.448 	-2.44539e-06 	-3.56742e-08
0.0475455 	42.527 	-2.44539e-06 	-3.56742e-08
0.0477998 	42.6064 	-2.82104e-06 	7.06404e-09
0.0480541 	42.6913 	-2.82104e-06 	7.06404e-09
0.0483083 	42.7762 	-2.82104e-06 	7.06404e-09
0.0485626 	42.8611 	-2.82104e-06 	7.06404e-09
0.0488168 	42.946 	-2.82104e-06 	7.06404e-09
0.0490711 	43.031 	-2.82104e-06 	7.06404e-09
0.0493253 	43.1159 	-2.82104e-06 	7.06404e-09
0.0495796 	43.2008 	-2.82104e-06 	7.06404e-09
0.0498338 	43.2857 	-2.82104e-06 	7.06404e-09
0.0500881 	43.3706 	-2.82104e-06 	7.06404e-09
0.0503423 	43.4568 	-3.1098e-06 	1.272e-08
0.0505966 	43.549 	-3.1098e-06 	1.272e-08
0.0508509 	43.6412 	-3.1098e-06 	1.272e-08
0.0511051 	43.7334 	-3.1098e-06 	1.272e-08
0.0513594 	43.8256 	-3.1098e-06 	1.272e-08
0.0516136 	43.9177 	-3.1098e-06 	1.272e-08
0.0518679 	44.0099 	-3.1098e-06 	1.272e-08
0.0521221 	44.1021 	-3.1098e-06 	1.272e-08
0.0523764 	44.1943 	-3.1098e-06 	1.272e-08
0.0526306 	44.2865 	-3.1098e-06 	1.272e-08
0.0528849 	44.3811 	-3.31103e-06 	-1.09407e-08
0.0531391 	44.4819 	-3.31103e-06 	-1.09407e-08
0.0533934 	44.5826 	-3.31103e-06 	-1.09407e-08
0.0536476 	44.6833 	-3.31103e-06 	-1.09407e-08
0.0539019 	44.7841 	-3.31103e-06 	-1.09407e-08
0.0541562 	44.8848 	-3.31103e-06 	-1.09407e-08
0.0544104 	44.9855 	-3.31103e-06 	-1.09407e-08
0.0546647 	45.0863 	-3.31103e-06 	-1.09407e-08
0.0549189 	45.187 	-3.31103e-06 	-1.09407e-08
0.0551732 	45.2877 	-3.31103e-06 	-1.09407e-08
0.0554274 	45.3922 	-3.43072e-06 	-5.30678e-08
0.0556817 	45.5025 	-3.43072e-06 	-5.30678e-08
0.0559359 	45.6127 	-3.43072e-06 	-5.30678e-08
0.0561902 	45.723 	-3.43072e-06 	-5.30678e-08
0.0564444 	45.8332 	-3.43072e-06 	-5.30678e-08
0.0566987 	45.9434 	-3.43072e-06 	-5.30678e-08
0.056953 	46.0537 	-3.43072e-06 	-5.30678e-08
0.0572072 	46.1639 	-3.43072e-06 	-5.30678e-08
0.0574615 	46.2742 	-3.43072e-06 	-5.30678e-08
0.0577157 	46.3844 	-3.43072e-06 	-5.30678e-08
0.05797 	46.4998 	-3.50012e-06 	-2.75214e-08
0.0582242 	46.6201 	-3.50012e-06 	-2.75214e-08
0.0584785 	46.7404 	-3.50012e-06 	-2.75214e-08
0.0587327 	46.8608 	-3.50012e-06 	-2.75214e-08
0.058987 	46.9811 	-3.50012e-06 	-2.75214e-08
0.0592412 	47.1015 	-3.50012e-06 	-2.75214e-08
0.0594955 	47.2218 	-3.50012e-06 	-2.75214e-08
0.0597497 	47.3422 	-3.50012e-06 	-2.75214e-08
0.060004 	47.4625 	-3.50012e-06 	-2.75214e-08
0.0602583 	47.5829 	-3.50012e-06 	-2.75214e-08
0.0605125 	47.7096 	-3.53246e-06 	-2.83988e-08
0.0607668 	47.8404 	-3.53246e-06 	-2.83988e-08
0.061021 	47.9713 	-3.53246e-06 	-2.83988e-08
0.0612753 	48.1021 	-3.53246e-06 	-2.83988e-08
0.0615295 	48.2329 	-3.53246e-06 	-2.83988e-08
0.0617838 	48.3637 	-3.53246e-06 	-2.83988e-08
0.062038 	48.4945 	-3.53246e-06 	-2.83988e-08
0.0622923 	48.6254 	-3.53246e-06 	-2.83988e-08
0.0625465 	48.7562 	-3.53246e-06 	-2.83988e-08
0.0628008 	48.887 	-3.53246e-06 	-2.83988e-08
0.0630551 	49.0256 	-3.54553e-06 	9.25411e-08
0.0633093 	49.1671 	-3.54553e-06 	9.25411e-08
0.0635636 	49.3087 	-3.54553e-06 	9.25411e-08
0.0638178 	49.4503 	-3.54553e-06 	9.25411e-08
0.0640721 	49.5918 	-3.54553e-06 	9.25411e-08
0.0643263 	49.7334 	-3.54553e-06 	9.25411e-08
0.0645806 	49.875 	-3.54553e-06 	9.25411e-08
0.0648348 	50.0165 	-3.54553e-06 	9.25411e-08
0.0650891 	50.1581 	-3.54553e-06 	9.25411e-08
0.0653433 	50.2996 	-3.54553e-06 	9.25411e-08
0.0655976 	50.4503 	-3.55067e-06 	2.97612e-08
0.0658519 	50.6028 	-3.55067e-06 	2.97612e-08
0.0661061 	50.7554 	-3.55067e-06 	2.97612e-08
0.0663604 	50.9079 	-3.55067e-06 	2.97612e-08
0.0666146 	51.0604 	-3.55067e-06 	2.97612e-08
0.0668689 	51.2129 	-3.55067e-06 	2.97612e-08
0.0671231 	51.3654 	-3.55067e-06 	2.97612e-08
0.0673774 	51.518 	-3.55067e-06 	2.97612e-08
0.0676316 	51.6705 	-3.55067e-06 	2.97612e-08
0.0678859 	51.823 	-3.55067e-06 	2.97612e-08
0.0681401 	51.986 	-3.55585e-06 	-2.87452e-07
0.0683944 	52.1497 	-3.55585e-06 	-2.87452e-07
0.0686486 	52.3133 	-3.55585e-06 	-2.87452e-07
0.0689029 	52.477 	-3.55585e-06 	-2.87452e-07
0.0691572 	52.6407 	-3.55585e-06 	-2.87452e-07
0.0694114 	52.8043 	-3.55585e-06 	-2.87452e-07
0.0696657 	52.968 	-3.55585e-06 	-2.87452e-07
0.0699199 	53.1317 	-3.55585e-06 	-2.87452e-07
0.0701742 	53.2953 	-3.55585e-06 	-2.87452e-07
0.0704284 	53.4596 	-3.57467e-06 	4.69885e-07
0.0706827 	53.6344 	-3.57467e-06 	4.69885e-07
0.0709369 	53.8093 	-3.57467e-06 	4.69885e-07
0.0711912 	53.9842 	-3.57467e-06 	4.69885e-07
0.0714454 	54.1591 	-3.57467e-06 	4.69885e-07
0.0716997 	54.334 	-3.57467e-06 	4.69885e-07
0.071954 	54.5089 	-3.57467e-06 	4.69885e-07
0.0722082 	54.6838 	-3.57467e-06 	4.69885e-07
0.0724625 	54.8587 	-3.57467e-06 	4.69885e-07
0.0727167 	55.0336 	-3.57467e-06 	4.69885e-07
0.072971 	55.2102 	-3.62582e-06 	-4.5735e-07
0.0732252 	55.3962 	-3.62582e-06 	-4.5735e-07
0.0734795 	55.5823 	-3.62582e-06 	-4.5735e-07
0.0737337 	55.7683 	-3.62582e-06 	-4.5735e-07
0.073988 	55.9543 	-3.62582e-06 	-4.5735e-07
0.0742422 	56.1404 	-3.62582e-06 	-4.5735e-07
0.0744965 	56.3264 	-3.62582e-06 	-4.5735e-07
0.0747508 	56.5125 	-3.62582e-06 	-4.5735e-07
0.075005 	56.6985 	-3.62582e-06 	-4.5735e-07
0.0752593 	56.8845 	-3.62582e-06 	-4.5735e-07
0.0755135 	57.0735 	-3.72614e-06 	-6.2657e-07
0.0757678 	57.2705 	-3.72614e-06 	-6.2657e-07
0.076022 	57.4675 	-3.72614e-06 	-6.2657e-07
0.0762763 	57.6645 	-3.72614e-06 	-6.2657e-07
0.0765305 	57.8615 	-3.72614e-06 	-6.2657e-07
0.0767848 	58.0585 	-3.72614e-06 	-6.2657e-07
0.077039 	58.2555 	-3.72614e-06 	-6.2657e-07
0.0772933 	58.4525 	-3.72614e-06 	-6.2657e-07
0.0775475 	58.6495 	-3.72614e-06 	-6.2657e-07
0.0778018 	58.8465 	-3.72614e-06 	-6.2657e-07
0.0780561 	59.0475 	-3.87888e-06 	1.35124e-06
0.0783103 	59.2552 	-3.87888e-06 	1.35124e-06
0.0785646 	59.463 	-3.87888e-06 	1.35124e-06
0.0788188 	59.6708 	-3.87888e-06 	1.35124e-06
0.0790731 	59.8785 	-3.87888e-06 	1.35124e-06
0.0793273 	60.0863 	-3.87888e-06 	1.35124e-06
0.0795816 	60.294 	-3.87888e-06 	1.35124e-06
0.0798358 	60.5018 	-3.87888e-06 	1.35124e-06
0.0800901 	60.7095 	-3.87888e-06 	1.35124e-06
0.0803443 	60.9173 	-3.87888e-06 	1.35124e-06
0.0805986 	61.1302 	-4.0786e-06 	1.70047e-07
0.0808529 	61.3485 	-4.0786e-06 	1.70047e-07
0.0811071 	61.5669 	-4.0786e-06 	1.70047e-07
0.0813614 	61.7853 	-4.0786e-06 	1.70047e-07
0.0816156 	62.0037 	-4.0786e-06 	1.70047e-07
0.0818699 	62.222 	-4.0786e-06 	1.70047e-07
0.0821241 	62.4404 	-4.0786e-06 	1.70047e-07
0.0823784 	62.6588 	-4.0786e-06 	1.70047e-07
0.0826326 	62.8772 	-4.0786e-06 	1.70047e-07
0.0828869 	63.0955 	-4.0786e-06 	1.70047e-07
0.0831411 	63.3201 	-4.29242e-06 	-2.04468e-06
0.0833954 	63.5489 	-4.29242e-06 	-2.04468e-06
0.0836496 	63.7777 	-4.29242e-06 	-2.04468e-06
0.0839039 	64.0065 	-4.29242e-06 	-2.04468e-06
0.0841582 	64.2353 	-4.29242e-06 	-2.04468e-06
0.0844124 	64.464 	-4.29242e-06 	-2.04468e-06
0.0846667 	64.6928 	-4.29242e-06 	-2.04468e-06
0.0849209 	64.9216 	-4.29242e-06 	-2.04468e-06
0.0851752 	65.1504 	-4.29242e-06 	-2.04468e-06
0.0854294 	65.3792 	-4.29242e-06 	-2.04468e-06
0.0856837 	65.6152 	-4.5118e-06 	6.84754e-07
0.0859379 	65.8543 	-4.5118e-06 	6.84754e-07
0.0861922 	66.0933 	-4.5118e-06 	6.84754e-07
0.0864464 	66.3323 	-4.5118e-06 	6.84754e-07
0.0867007 	66.5714 	-4.5118e-06 	6.84754e-07
0.086955 	66.8104 	-4.5118e-06 	6.84754e-07
0.0872092 	67.0495 	-4.5118e-06 	6.84754e-07
0.0874635 	67.2885 	-4.5118e-06 	6.84754e-07
0.0877177 	67.5276 	-4.5118e-06 	6.84754e-07
0.087972 	67.7666 	-4.5118e-06 	6.84754e-07
0.0882262 	68.0138 	-4.71039e-06 	2.61094e-06
0.0884805 	68.2628 	-4.71039e-06 	2.61094e-06
0.0887347 	68.5118 	-4.71039e-06 	2.61094e-06
0.088989 	68.7608 	-4.71039e-06 	2.61094e-06
0.0892432 	69.0098 	-4.71039e-06 	2.61094e-06
0.0894975 	69.2588 	-4.71039e-06 	2.61094e-06
0.0897518 	69.5079 	-4.71039e-06 	2.61094e-06
0.090006 	69.7569 	-4.71039e-06 	2.61094e-06
0.0902603 	70.0059 	-4.71039e-06 	2.61094e-06
0.0905145 	70.2549 	-4.71039e-06 	2.61094e-06
0.0907688 	70.5126 	-4.87937e-06 	-1.72665e-06
0.091023 	70.771 	-4.87937e-06 	-1.72665e-06
0.0912773 	71.0295 	-4.87937e-06 	-1.72665e-06
0.0915315 	71.2879 	-4.87937e-06 	-1.72665e-06
0.0917858 	71.5464 	-4.87937e-06 	-1.72665e-06
0.09204 	71.8048 	-4.87937e-06 	-1.72665e-06
0.0922943 	72.0633 	-4.87937e-06 	-1.72665e-06
0.0925485 	72.3217 	-4.87937e-06 	-1.72665e-06
0.0928028 	72.5802 	-4.87937e-06 	-1.72665e-06
0.0930571 	72.8389 	-4.99762e-06 	-3.17823e-06
0.0933113 	73.106 	-4.99762e-06 	-3.17823e-06
0.0935656 	73.373 	-4.99762e-06 	-3.17823e-06
0.0938198 	73.6401 	-4.99762e-06 	-3.17823e-06
0.0940741 	73.9072 	-4.99762e-06 	-3.17823e-06
0.0943283 	74.1743 	-4.99762e-06 	-3.17823e-06
0.0945826 	74.4413 	-4.99762e-06 	-3.17823e-06
0.0948368 	74.7084 	-4.99762e-06 	-3.17823e-06
0.0950911 	74.9755 	-4.99762e-06 	-3.17823e-06
0.0953453 	75.2426 	-4.99762e-06 	-3.17823e-06
0.0955996 	75.5107 	-5.05309e-06 	1.28792e-06
0.0958539 	75.7852 	-5.05309e-06 	1.28792e-06
0.0961081 	76.0597 	-5.05309e-06 	1.28792e-06
0.0963624 	76.3343 	-5.05309e-06 	1.28792e-06
0.0966166 	76.6088 	-5.05309e-06 	1.28792e-06
0.0968709 	76.8834 	-5.05309e-06 	1.28792e-06
0.0971251 	77.1579 	-5.05309e-06 	1.28792e-06
0.0973794 	77.4325 	-5.05309e-06 	1.28792e-06
0.0976336 	77.707 	-5.05309e-06 	1.28792e-06
0.0978879 	77.9815 	-5.05309e-06 	1.28792e-06
0.0981421 	78.2576 	-5.03975e-06 	3.33626e-06
0.0983964 	78.5382 	-5.03975e-06 	3.33626e-06
0.0986507 	78.8188 	-5.03975e-06 	3.33626e-06
0.0989049 	79.0994 	-5.03975e-06 	3.33626e-06
0.0991592 	79.3799 	-5.03975e-06 	3.33626e-06
0.0994134 	79.6605 	-5.03975e-06 	3.33626e-06
0.0996677 	79.9411 	-5.03975e-06 	3.33626e-06
0.0999219 	80.2217 	-5.03975e-06 	3.33626e-06
0.100176 	80.5023 	-5.03975e-06 	3.33626e-06
0.10043 	80.7829 	-5.03975e-06 	3.33626e-06
0.100685 	81.065 	-4.91877e-06 	1.35906e-06
0.100939 	81.3498 	-4.91877e-06 	1.35906e-06
0.101193 	81.6346 	-4.91877e-06 	1.35906e-06
0.101447 	81.9193 	-4.91877e-06 	1.35906e-06
0.101702 	82.2041 	-4.91877e-06 	1.35906e-06
0.101956 	82.4889 	-4.91877e-06 	1.35906e-06
0.10221 	82.7737 	-4.91877e-06 	1.35906e-06
0.102464 	83.0585 	-4.91877e-06 	1.35906e-06
0.102719 	83.3433 	-4.91877e-06 	1.35906e-06
0.102973 	83.6281 	-4.91877e-06 	1.35906e-06
0.103227 	83.9136 	-4.75876e-06 	-1.88973e-06
0.103481 	84.2 	-4.75876e-06 	-1.88973e-06
0.103736 	84.4864 	-4.75876e-06 	-1.88973e-06
0.10399 	84.7728 	-4.75876e-06 	-1.88973e-06
0.104244 	85.0592 	-4.75876e-06 	-1.88973e-06
0.104498 	85.3456 	-4.75876e-06 	-1.88973e-06
0.104753 	85.632 	-4.75876e-06 	-1.88973e-06
0.105007 	85.9184 	-4.75876e-06 	-1.88973e-06
0.105261 	86.2049 	-4.75876e-06 	-1.88973e-06
0.105516 	86.4913 	-4.75876e-06 	-1.88973e-06
0.10577 	86.7763 	-4.37327e-06 	-6.68652e-06
0.106024 	87.0603 	-4.37327e-06 	-6.68652e-06
0.106278 	87.3443 	-4.37327e-06 	-6.68652e-06
0.106533 	87.6282 	-4.37327e-06 	-6.68652e-06
0.106787 	87.9122 	-4.37327e-06 	-6.68652e-06
0.107041 	88.1962 	-4.37327e-06 	-6.68652e-06
0.107295 	88.4802 	-4.37327e-06 	-6.68652e-06
0.10755 	88.7642 	-4.37327e-06 	-6.68652e-06
0.107804 	89.0482 	-4.37327e-06 	-6.68652e-06
0.108058 	89.3322 	-4.37327e-06 	-6.68652e-06
0.108312 	89.6122 	-4.10289e-06 	-2.44616e-06
0.108567 	89.8904 	-4.10289e-06 	-2.44616e-06
0.108821 	90.1686 	-4.10289e-06 	-2.44616e-06
0.109075 	90.4468 	-4.10289e-06 	-2.44616e-06
0.109329 	90.725 	-4.10289e-06 	-2.44616e-06
0.109584 	91.0032 	-4.10289e-06 	-2.44616e-06
0.109838 	91.2814 	-4.10289e-06 	-2.44616e-06
0.110092 	91.5596 	-4.10289e-06 	-2.44616e-06
0.110346 	91.8378 	-4.10289e-06 	-2.44616e-06
0.110601 	92.116 	-4.10289e-06 	-2.44616e-06
0.110855 	92.3841 	-3.53585e-06 	1.33433e-05
0.111109 	92.6496 	-3.53585e-06 	1.33433e-05
0.111363 	92.9151 	-3.53585e-06 	1.33433e-05
0.111618 	93.1806 	-3.53585e-06 	1.33433e-05
0.111872 	93.4461 	-3.53585e-06 	1.33433e-05
0.112126 	93.7116 	-3.53585e-06 	1.33433e-05
0.11238 	93.9771 	-3.53585e-06 	1.33433e-05
0.112635 	94.2427 	-3.53585e-06 	1.33433e-05
0.112889 	94.5082 	-3.53585e-06 	1.33433e-05
0.113143 	94.7737 	-3.53585e-06 	1.33433e-05
0.113397 	95.0214 	-3.11576e-06 	1.06349e-05
0.113652 	95.2671 	-3.11576e-06 	1.06349e-05
0.113906 	95.5129 	-3.11576e-06 	1.06349e-05
0.11416 	95.7587 	-3.11576e-06 	1.06349e-05
0.114414 	96.0044 	-3.11576e-06 	1.06349e-05
0.114669 	96.2502 	-3.11576e-06 	1.06349e-05
0.114923 	96.4959 	-3.11576e-06 	1.06349e-05
0.115177 	96.7417 	-3.11576e-06 	1.06349e-05
0.115431 	96.9875 	-3.11576e-06 	1.06349e-05
0.115686 	97.233 	-2.55575e-06 	-1.59439e-05
0.11594 	97.4518 	-2.55575e-06 	-1.59439e-05
0.116194 	97.6707 	-2.55575e-06 	-1.59439e-05
0.116448 	97.8896 	-2.55575e-06 	-1.59439e-05
0.116703 	98.1085 	-2.55575e-06 	-1.59439e-05
0.116957 	98.3273 	-2.55575e-06 	-1.59439e-05
0.117211 	98.5462 	-2.55575e-06 	-1.59439e-05
0.117465 	98.7651 	-2.55575e-06 	-1.59439e-05
0.11772 	98.984 	-2.55575e-06 	-1.59439e-05
0.117974 	99.2028 	-2.55575e-06 	-1.59439e-05
0.118228 	99.4172 	-1.8841e-06 	-1.98624e-05
0.118482 	99.5979 	-1.8841e-06 	-1.98624e-05
0.118737 	99.7787 	-1.8841e-06 	-1.98624e-05
0.118991 	99.9595 	-1.8841e-06 	-1.98624e-05
0.119245 	100.14 	-1.8841e-06 	-1.98624e-05
0.119499 	100.321 	-1.8841e-06 	-1.98624e-05
0.119754 	100.502 	-1.8841e-06 	-1.98624e-05
0.120008 	100.682 	-1.8841e-06 	-1.98624e-05
0.120262 	100.863 	-1.8841e-06 	-1.98624e-05
0.120517 	101.044 	-1.8841e-06 	-1.98624e-05
0.120771 	101.215 	-1.48281e-06 	8.15471e-06
0.121025 	101.351 	-1.48281e-06 	8.15471e-06
0.121279 	101.487 	-1.48281e-06 	8.15471e-06
0.121534 	101.624 	-1.48281e-06 	8.15471e-06
0.121788 	101.76 	-1.48281e-06 	8.15471e-06
0.122042 	101.896 	-1.48281e-06 	8.15471e-06
0.122296 	102.032 	-1.48281e-06 	8.15471e-06
0.122551 	102.169 	-1.48281e-06 	8.15471e-06
0.122805 	102.305 	-1.48281e-06 	8.15471e-06
0.123059 	102.441 	-1.48281e-06 	8.15471e-06
0.123313 	102.563 	-8.41138e-07 	1.81916e-05
0.123568 	102.656 	-8.41138e-07 	1.81916e-05
0.123822 	102.749 	-8.41138e-07 	1.81916e-05
0.124076 	102.842 	-8.41138e-07 	1.81916e-05
0.12433 	102.935 	-8.41138e-07 	1.81916e-05
0.124585 	103.028 	-8.41138e-07 	1.81916e-05
0.124839 	103.122 	-8.41138e-07 	1.81916e-05
0.125093 	103.215 	-8.41138e-07 	1.81916e-05
0.125347 	103.308 	-8.41138e-07 	1.81916e-05
0.125602 	103.401 	-8.41138e-07 	1.81916e-05
0.125856 	103.473 	-1.99391e-07 	6.30439e-06
0.12611 	103.519 	-1.99391e-07 	6.30439e-06
0.126364 	103.565 	-1.99391e-07 	6.30439e-06
0.126619 	103.612 	-1.99391e-07 	6.30439e-06
0.126873 	103.658 	-1.99391e-07 	6.30439e-06
0.127127 	103.704 	-1.99391e-07 	6.30439e-06
0.127381 	103.75 	-1.99391e-07 	6.30439e-06
0.127636 	103.796 	-1.99391e-07 	6.30439e-06
0.12789 	103.843 	-1.99391e-07 	6.30439e-06
0.128144 	103.889 	-1.99391e-07 	6.30439e-06
0.128398 	103.913 	2.34497e-07 	-5.03248e-06
0.128653 	103.919 	2.34497e-07 	-5.03248e-06
0.128907 	103.926 	2.34497e-07 	-5.03248e-06
0.129161 	103.932 	2.34497e-07 	-5.03248e-06
0.129415 	103.938 	2.34497e-07 	-5.03248e-06
0.12967 	103.945 	2.34497e-07 	-5.03248e-06
0.129924 	103.951 	2.34497e-07 	-5.03248e-06
0.130178 	103.957 	2.34497e-07 	-5.03248e-06
0.130432 	103.964 	2.34497e-07 	-5.03248e-06
0.130687 	103.97 	2.34497e-07 	-5.03248e-06
0.130941 	103.955 	6.65502e-07 	-7.53393e-06
0.131195 	103.929 	6.65502e-07 	-7.53393e-06
0.131449 	103.903 	6.65502e-07 	-7.53393e-06
0.131704 	103.877 	6.65502e-07 	-7.53393e-06
0.131958 	103.851 	6.65502e-07 	-7.53393e-06
0.132212 	103.824 	6.65502e-07 	-7.53393e-06
0.132466 	103.798 	6.65502e-07 	-7.53393e-06
0.132721 	103.772 	6.65502e-07 	-7.53393e-06
0.132975 	103.746 	6.65502e-07 	-7.53393e-06
0.133229 	103.72 	6.65502e-07 	-7.53393e-06
0.133483 	103.675 	7.47219e-07 	-6.10549e-06
0.133738 	103.624 	7.47219e-07 	-6.10549e-06
0.133992 	103.573 	7.47219e-07 	-6.10549e-06
0.134246 	103.522 	7.47219e-07 	-6.10549e-06
0.134501 	103.471 	7.47219e-07 	-6.10549e-06
0.134755 	103.42 	7.47219e-07 	-6.10549e-06
0.135009 	103.37 	7.47219e-07 	-6.10549e-06
0.135263 	103.319 	7.47219e-07 	-6.10549e-06
0.135518 	103.268 	7.47219e-07 	-6.10549e-06
0.135772 	103.217 	7.47219e-07 	-6.10549e-06
0.136026 	103.146 	8.91663e-07 	9.96477e-07
0.13628 	103.073 	8.91663e-07 	9.96477e-07
0.136535 	102.999 	8.91663e-07 	9.96477e-07
0.136789 	102.926 	8.91663e-07 	9.96477e-07
0.137043 	102.853 	8.91663e-07 	9.96477e-07
0.137297 	102.779 	8.91663e-07 	9.96477e-07
0.137552 	102.706 	8.91663e-07 	9.96477e-07
0.137806 	102.632 	8.91663e-07 	9.96477e-07
0.13806 	102.559 	8.91663e-07 	9.96477e-07
0.138314 	102.486 	8.91663e-07 	9.96477e-07
0.138569 	102.388 	1.12871e-06 	4.69612e-06
0.138823 	102.291 	1.12871e-06 	4.69612e-06
0.139077 	102.193 	1.12871e-06 	4.69612e-06
0.139331 	102.096 	1.12871e-06 	4.69612e-06
0.139586 	101.998 	1.12871e-06 	4.69612e-06
0.13984 	101.901 	1.12871e-06 	4.69612e-06
0.140094 	101.803 	1.12871e-06 	4.69612e-06
0.140348 	101.706 	1.12871e-06 	4.69612e-06
0.140603 	101.608 	1.12871e-06 	4.69612e-06
0.140857 	101.51 	1.39911e-06 	3.83335e-06
0.141111 	101.4 	1.39911e-06 	3.83335e-06
0.141365 	101.291 	1.39911e-06 	3.83335e-06
0.14162 	101.181 	1.39911e-06 	3.83335e-06
0.141874 	101.072 	1.39911e-06 	3.83335e-06
0.142128 	100.963 	1.39911e-06 	3.83335e-06
0.142382 	100.853 	1.39911e-06 	3.83335e-06
0.142637 	100.744 	1.39911e-06 	3.83335e-06
0.142891 	100.635 	1.39911e-06 	3.83335e-06
0.143145 	100.525 	1.39911e-06 	3.83335e-06
0.143399 	100.414 	1.60058e-06 	-1.31972e-06
0.143654 	100.296 	1.60058e-06 	-1.31972e-06
0.143908 	100.178 	1.60058e-06 	-1.31972e-06
0.144162 	100.06 	1.60058e-06 	-1.31972e-06
0.144416 	99.9426 	1.60058e-06 	-1.31972e-06
0.144671 	99.8247 	1.60058e-06 	-1.31972e-06
0.144925 	99.7069 	1.60058e-06 	-1.31972e-06
0.145179 	99.589 	1.60058e-06 	-1.31972e-06
0.145433 	99.4712 	1.60058e-06 	-1.31972e-06
0.145688 	99.3533 	1.60058e-06 	-1.31972e-06
0.145942 	99.232 	1.71305e-06 	-5.43806e-06
0.146196 	99.1032 	1.71305e-06 	-5.43806e-06
0.14645 	98.9743 	1.71305e-06 	-5.43806e-06
0.146705 	98.8455 	1.71305e-06 	-5.43806e-06
0.146959 	98.7167 	1.71305e-06 	-5.43806e-06
0.147213 	98.5879 	1.71305e-06 	-5.43806e-06
0.147467 	98.459 	1.71305e-06 	-5.43806e-06
0.147722 	98.3302 	1.71305e-06 	-5.43806e-06
0.147976 	98.2014 	1.71305e-06 	-5.43806e-06
0.14823 	98.0726 	1.71305e-06 	-5.43806e-06
0.148484 	97.9375 	1.76798e-06 	-1.15614e-06
0.148739 	97.7938 	1.76798e-06 	-1.15614e-06
0.148993 	97.6502 	1.76798e-06 	-1.15614e-06
0.149247 	97.5066 	1.76798e-06 	-1.15614e-06
0.149502 	97.363 	1.76798e-06 	-1.15614e-06
0.149756 	97.2194 	1.76798e-06 	-1.15614e-06
0.15001 	97.0758 	1.76798e-06 	-1.15614e-06
0.150264 	96.9321 	1.76798e-06 	-1.15614e-06
0.150519 	96.7885 	1.76798e-06 	-1.15614e-06
0.150773 	96.6449 	1.76798e-06 	-1.15614e-06
0.151027 	96.4945 	1.77449e-06 	4.27757e-06
0.151281 	96.3381 	1.77449e-06 	4.27757e-06
0.151536 	96.1817 	1.77449e-06 	4.27757e-06
0.15179 	96.0254 	1.77449e-06 	4.27757e-06
0.152044 	95.869 	1.77449e-06 	4.27757e-06
0.152298 	95.7127 	1.77449e-06 	4.27757e-06
0.152553 	95.5563 	1.77449e-06 	4.27757e-06
0.152807 	95.3999 	1.77449e-06 	4.27757e-06
0.153061 	95.2436 	1.77449e-06 	4.27757e-06
0.153315 	95.0872 	1.77449e-06 	4.27757e-06
0.15357 	94.9274 	1.87272e-06 	2.13337e-06
0.153824 	94.7657 	1.87272e-06 	2.13337e-06
0.154078 	94.604 	1.87272e-06 	2.13337e-06
0.154332 	94.4424 	1.87272e-06 	2.13337e-06
0.154587 	94.2807 	1.87272e-06 	2.13337e-06
0.154841 	94.119 	1.87272e-06 	2.13337e-06
0.155095 	93.9573 	1.87272e-06 	2.13337e-06
0.155349 	93.7956 	1.87272e-06 	2.13337e-06
0.155604 	93.6339 	1.87272e-06 	2.13337e-06
0.155858 	93.4723 	1.87272e-06 	2.13337e-06
0.156112 	93.3117 	2.04338e-06 	-1.8996e-06
0.156366 	93.1516 	2.04338e-06 	-1.8996e-06
0.156621 	92.9914 	2.04338e-06 	-1.8996e-06
0.156875 	92.8313 	2.04338e-06 	-1.8996e-06
0.157129 	92.6712 	2.04338e-06 	-1.8996e-06
0.157383 	92.511 	2.04338e-06 	-1.8996e-06
0.157638 	92.3509 	2.04338e-06 	-1.8996e-06
0.157892 	92.1907 	2.04338e-06 	-1.8996e-06
0.158146 	92.0306 	2.04338e-06 	-1.8996e-06
0.1584 	91.8704 	2.04338e-06 	-1.8996e-06
0.158655 	91.7133 	2.24528e-06 	-5.83219e-07
0.158909 	91.5567 	2.24528e-06 	-5.83219e-07
0.159163 	91.4 	2.24528e-06 	-5.83219e-07
0.159417 	91.2434 	2.24528e-06 	-5.83219e-07
0.159672 	91.0867 	2.24528e-06 	-5.83219e-07
0.159926 	90.9301 	2.24528e-06 	-5.83219e-07
0.16018 	90.7735 	2.24528e-06 	-5.83219e-07
0.160434 	90.6168 	2.24528e-06 	-5.83219e-07
0.160689 	90.4602 	2.24528e-06 	-5.83219e-07
0.160943 	90.3035 	2.24528e-06 	-5.83219e-07
0.161197 	90.1482 	2.40486e-06 	3.14729e-08
0.161451 	89.9929 	2.40486e-06 	3.14729e-08
0.161706 	89.8376 	2.40486e-06 	3.14729e-08
0.16196 	89.6823 	2.40486e-06 	3.14729e-08
0.162214 	89.527 	2.40486e-06 	3.14729e-08
0.162468 	89.3717 	2.40486e-06 	3.14729e-08
0.162723 	89.2164 	2.40486e-06 	3.14729e-08
0.162977 	89.0611 	2.40486e-06 	3.14729e-08
0.163231 	88.9058 	2.40486e-06 	3.14729e-08
0.163485 	88.7504 	2.4854e-06 	3.07837e-07
0.16374 	88.5935 	2.4854e-06 	3.07837e-07
0.163994 	88.4365 	2.4854e-06 	3.07837e-07
0.164248 	88.2796 	2.4854e-06 	3.07837e-07
0.164503 	88.1226 	2.4854e-06 	3.07837e-07
0.164757 	87.9656 	2.4854e-06 	3.07837e-07
0.165011 	87.8087 	2.4854e-06 	3.07837e-07
0.165265 	87.6517 	2.4854e-06 	3.07837e-07
0.16552 	87.4948 	2.4854e-06 	3.07837e-07
0.165774 	87.3378 	2.4854e-06 	3.07837e-07
0.166028 	87.1803 	2.49298e-06 	7.69323e-08
0.166282 	87.0206 	2.49298e-06 	7.69323e-08
0.166537 	86.8609 	2.49298e-06 	7.69323e-08
0.166791 	86.7011 	2.49298e-06 	7.69323e-08
0.167045 	86.5414 	2.49298e-06 	7.69323e-08
0.167299 	86.3817 	2.49298e-06 	7.69323e-08
0.167554 	86.2219 	2.49298e-06 	7.69323e-08
0.167808 	86.0622 	2.49298e-06 	7.69323e-08
0.168062 	85.9025 	2.49298e-06 	7.69323e-08
0.168316 	85.7427 	2.49298e-06 	7.69323e-08
0.168571 	85.5826 	2.47759e-06 	-1.24855e-06
0.168825 	85.4216 	2.47759e-06 	-1.24855e-06
0.169079 	85.2607 	2.47759e-06 	-1.24855e-06
0.169333 	85.0997 	2.47759e-06 	-1.24855e-06
0.169588 	84.9387 	2.47759e-06 	-1.24855e-06
0.169842 	84.7777 	2.47759e-06 	-1.24855e-06
0.170096 	84.6167 	2.47759e-06 	-1.24855e-06
0.17035 	84.4557 	2.47759e-06 	-1.24855e-06
0.170605 	84.2948 	2.47759e-06 	-1.24855e-06
0.170859 	84.1338 	2.47759e-06 	-1.24855e-06
0.171113 	83.9736 	2.48491e-06 	4.65374e-07
0.171367 	83.8145 	2.48491e-06 	4.65374e-07
0.171622 	83.6554 	2.48491e-06 	4.65374e-07
0.171876 	83.4964 	2.48491e-06 	4.65374e-07
0.17213 	83.3373 	2.48491e-06 	4.65374e-07
0.172384 	83.1782 	2.48491e-06 	4.65374e-07
0.172639 	83.0192 	2.48491e-06 	4.65374e-07
0.172893 	82.8601 	2.48491e-06 	4.65374e-07
0.173147 	82.701 	2.48491e-06 	4.65374e-07
0.173401 	82.542 	2.48491e-06 	4.65374e-07
0.173656 	82.3855 	2.53753e-06 	-3.35651e-07
0.17391 	82.2315 	2.53753e-06 	-3.35651e-07
0.174164 	82.0775 	2.53753e-06 	-3.35651e-07
0.174418 	81.9235 	2.53753e-06 	-3.35651e-07
0.174673 	81.7695 	2.53753e-06 	-3.35651e-07
0.174927 	81.6155 	2.53753e-06 	-3.35651e-07
0.175181 	81.4616 	2.53753e-06 	-3.35651e-07
0.175435 	81.3076 	2.53753e-06 	-3.35651e-07
0.17569 	81.1536 	2.53753e-06 	-3.35651e-07
0.175944 	80.9996 	2.53753e-06 	-3.35651e-07
0.176198 	80.8499 	2.61253e-06 	1.02197e-06
0.176452 	80.7027 	2.61253e-06 	1.02197e-06
0.176707 	80.5556 	2.61253e-06 	1.02197e-06
0.176961 	80.4084 	2.61253e-06 	1.02197e-06
0.177215 	80.2613 	2.61253e-06 	1.02197e-06
0.177469 	80.1141 	2.61253e-06 	1.02197e-06
0.177724 	79.967 	2.61253e-06 	1.02197e-06
0.177978 	79.8198 	2.61253e-06 	1.02197e-06
0.178232 	79.6727 	2.61253e-06 	1.02197e-06
0.178486 	79.5255 	2.61253e-06 	1.02197e-06
0.178741 	79.3836 	2.67837e-06 	1.23981e-06
0.178995 	79.2435 	2.67837e-06 	1.23981e-06
0.179249 	79.1035 	2.67837e-06 	1.23981e-06
0.179504 	78.9635 	2.67837e-06 	1.23981e-06
0.179758 	78.8234 	2.67837e-06 	1.23981e-06
0.180012 	78.6834 	2.67837e-06 	1.23981e-06
0.180266 	78.5433 	2.67837e-06 	1.23981e-06
0.180521 	78.4033 	2.67837e-06 	1.23981e-06
0.180775 	78.2632 	2.67837e-06 	1.23981e-06
0.181029 	78.1232 	2.67837e-06 	1.23981e-06
0.181283 	77.9883 	2.70373e-06 	-2.36148e-06
0.181538 	77.8544 	2.70373e-06 	-2.36148e-06
0.181792 	77.7205 	2.70373e-06 	-2.36148e-06
0.182046 	77.5866 	2.70373e-06 	-2.36148e-06
0.1823 	77.4526 	2.70373e-06 	-2.36148e-06
0.182555 	77.3187 	2.70373e-06 	-2.36148e-06
0.182809 	77.1848 	2.70373e-06 	-2.36148e-06
0.183063 	77.0509 	2.70373e-06 	-2.36148e-06
0.183317 	76.917 	2.70373e-06 	-2.36148e-06
0.183572 	76.7831 	2.70373e-06 	-2.36148e-06
0.183826 	76.6535 	2.66016e-06 	-1.73918e-07
0.18408 	76.5241 	2.66016e-06 	-1.73918e-07
0.184334 	76.3947 	2.66016e-06 	-1.73918e-07
0.184589 	76.2654 	2.66016e-06 	-1.73918e-07
0.184843 	76.136 	2.66016e-06 	-1.73918e-07
0.185097 	76.0066 	2.66016e-06 	-1.73918e-07
0.185351 	75.8773 	2.66016e-06 	-1.73918e-07
0.185606 	75.7479 	2.66016e-06 	-1.73918e-07
0.18586 	75.6186 	2.66016e-06 	-1.73918e-07
0.186114 	75.4894 	2.54917e-06 	9.02999e-07
0.186368 	75.3634 	2.54917e-06 	9.02999e-07
0.186623 	75.2374 	2.54917e-06 	9.02999e-07
0.186877 	75.1115 	2.54917e-06 	9.02999e-07
0.187131 	74.9855 	2.54917e-06 	9.02999e-07
0.187385 	74.8595 	2.54917e-06 	9.02999e-07
0.18764 	74.7336 	2.54917e-06 	9.02999e-07
0.187894 	74.6076 	2.54917e-06 	9.02999e-07
0.188148 	74.4816 	2.54917e-06 	9.02999e-07
0.188402 	74.3556 	2.54917e-06 	9.02999e-07
0.188657 	74.2301 	2.39242e-06 	-8.71085e-07
0.188911 	74.1069 	2.39242e-06 	-8.71085e-07
0.189165 	73.9837 	2.39242e-06 	-8.71085e-07
0.189419 	73.8604 	2.39242e-06 	-8.71085e-07
0.189674 	73.7372 	2.39242e-06 	-8.71085e-07
0.189928 	73.614 	2.39242e-06 	-8.71085e-07
0.190182 	73.4907 	2.39242e-06 	-8.71085e-07
0.190436 	73.3675 	2.39242e-06 	-8.71085e-07
0.190691 	73.2443 	2.39242e-06 	-8.71085e-07
0.190945 	73.121 	2.39242e-06 	-8.71085e-07
0.191199 	72.9985 	2.22531e-06 	-2.85874e-07
0.191453 	72.8779 	2.22531e-06 	-2.85874e-07
0.191708 	72.7572 	2.22531e-06 	-2.85874e-07
0.191962 	72.6365 	2.22531e-06 	-2.85874e-07
0.192216 	72.5159 	2.22531e-06 	-2.85874e-07
0.19247 	72.3952 	2.22531e-06 	-2.85874e-07
0.192725 	72.2745 	2.22531e-06 	-2.85874e-07
0.192979 	72.1539 	2.22531e-06 	-2.85874e-07
0.193233 	72.0332 	2.22531e-06 	-2.85874e-07
0.193487 	71.9125 	2.22531e-06 	-2.85874e-07
0.193742 	71.7931 	2.07075e-06 	8.50619e-07
0.193996 	71.6756 	2.07075e-06 	8.50619e-07
0.19425 	71.5581 	2.07075e-06 	8.50619e-07
0.194505 	71.4406 	2.07075e-06 	8.50619e-07
0.194759 	71.3231 	2.07075e-06 	8.50619e-07
0.195013 	71.2056 	2.07075e-06 	8.50619e-07
0.195267 	71.0881 	2.07075e-06 	8.50619e-07
0.195522 	70.9706 	2.07075e-06 	8.50619e-07
0.195776 	70.8531 	2.07075e-06 	8.50619e-07
0.19603 	70.7356 	2.07075e-06 	8.50619e-07
0.196284 	70.6202 	1.94087e-06 	-5.19512e-07
0.196539 	70.5071 	1.94087e-06 	-5.19512e-07
0.196793 	70.394 	1.94087e-06 	-5.19512e-07
0.197047 	70.2809 	1.94087e-06 	-5.19512e-07
0.197301 	70.1678 	1.94087e-06 	-5.19512e-07
0.197556 	70.0546 	1.94087e-06 	-5.19512e-07
0.19781 	69.9415 	1.94087e-06 	-5.19512e-07
0.198064 	69.8284 	1.94087e-06 	-5.19512e-07
0.198318 	69.7153 	1.94087e-06 	-5.19512e-07
0.198573 	69.6022 	1.94087e-06 	-5.19512e-07
0.198827 	69.4924 	1.84018e-06 	-1.22828e-07
0.199081 	69.3849 	1.84018e-06 	-1.22828e-07
0.199335 	69.2773 	1.84018e-06 	-1.22828e-07
0.19959 	69.1697 	1.84018e-06 	-1.22828e-07
0.199844 	69.0622 	1.84018e-06 	-1.22828e-07
0.200098 	68.9546 	1.84018e-06 	-1.22828e-07
0.200352 	68.847 	1.84018e-06 	-1.22828e-07
0.200607 	68.7395 	1.84018e-06 	-1.22828e-07
0.200861 	68.6319 	1.84018e-06 	-1.22828e-07
0.201115 	68.5244 	1.84018e-06 	-1.22828e-07
0.201369 	68.4212 	1.7595e-06 	1.20659e-06
0.201624 	68.3199 	1.7595e-06 	1.20659e-06
0.201878 	68.2186 	1.7595e-06 	1.20659e-06
0.202132 	68.1172 	1.7595e-06 	1.20659e-06
0.202386 	68.0159 	1.7595e-06 	1.20659e-06
0.202641 	67.9146 	1.7595e-06 	1.20659e-06
0.202895 	67.8133 	1.7595e-06 	1.20659e-06
0.203149 	67.7119 	1.7595e-06 	1.20659e-06
0.203403 	67.6106 	1.7595e-06 	1.20659e-06
0.203658 	67.5093 	1.7595e-06 	1.20659e-06
0.203912 	67.4131 	1.6913e-06 	-7.02987e-07
0.204166 	67.3181 	1.6913e-06 	-7.02987e-07
0.20442 	67.2231 	1.6913e-06 	-7.02987e-07
0.204675 	67.128 	1.6913e-06 	-7.02987e-07
0.204929 	67.033 	1.6913e-06 	-7.02987e-07
0.205183 	66.938 	1.6913e-06 	-7.02987e-07
0.205437 	66.8429 	1.6913e-06 	-7.02987e-07
0.205692 	66.7479 	1.6913e-06 	-7.02987e-07
0.205946 	66.6529 	1.6913e-06 	-7.02987e-07
0.2062 	66.5579 	1.6913e-06 	-7.02987e-07
0.206454 	66.4682 	1.63186e-06 	-5.52161e-08
0.206709 	66.379 	1.63186e-06 	-5.52161e-08
0.206963 	66.2898 	1.63186e-06 	-5.52161e-08
0.207217 	66.2006 	1.63186e-06 	-5.52161e-08
0.207471 	66.1114 	1.63186e-06 	-5.52161e-08
0.207726 	66.0222 	1.63186e-06 	-5.52161e-08
0.20798 	65.933 	1.63186e-06 	-5.52161e-08
0.208234 	65.8438 	1.63186e-06 	-5.52161e-08
0.208488 	65.7545 	1.63186e-06 	-5.52161e-08
0.208743 	65.6655 	1.56208e-06 	1.80286e-07
0.208997 	65.5815 	1.56208e-06 	1.80286e-07
0.209251 	65.4975 	1.56208e-06 	1.80286e-07
0.209506 	65.4134 	1.56208e-06 	1.80286e-07
0.20976 	65.3294 	1.56208e-06 	1.80286e-07
0.210014 	65.2454 	1.56208e-06 	1.80286e-07
0.210268 	65.1613 	1.56208e-06 	1.80286e-07
0.210523 	65.0773 	1.56208e-06 	1.80286e-07
0.210777 	64.9933 	1.56208e-06 	1.80286e-07
0.211031 	64.9092 	1.56208e-06 	1.80286e-07
0.211285 	64.8259 	1.47705e-06 	-5.16454e-08
0.21154 	64.7466 	1.47705e-06 	-5.16454e-08
0.211794 	64.6672 	1.47705e-06 	-5.16454e-08
0.212048 	64.5879 	1.47705e-06 	-5.16454e-08
0.212302 	64.5086 	1.47705e-06 	-5.16454e-08
0.212557 	64.4293 	1.47705e-06 	-5.16454e-08
0.212811 	64.3499 	1.47705e-06 	-5.16454e-08
0.213065 	64.2706 	1.47705e-06 	-5.16454e-08
0.213319 	64.1913 	1.47705e-06 	-5.16454e-08
0.213574 	64.112 	1.47705e-06 	-5.16454e-08
0.213828 	64.0338 	1.37099e-06 	6.02831e-07
0.214082 	63.9588 	1.37099e-06 	6.02831e-07
0.214336 	63.8838 	1.37099e-06 	6.02831e-07
0.214591 	63.8089 	1.37099e-06 	6.02831e-07
0.214845 	63.7339 	1.37099e-06 	6.02831e-07
0.215099 	63.6589 	1.37099e-06 	6.02831e-07
0.215353 	63.584 	1.37099e-06 	6.02831e-07
0.215608 	63.509 	1.37099e-06 	6.02831e-07
0.215862 	63.434 	1.37099e-06 	6.02831e-07
0.216116 	63.3591 	1.37099e-06 	6.02831e-07
0.21637 	63.2856 	1.25322e-06 	-1.01507e-06
0.216625 	63.2147 	1.25322e-06 	-1.01507e-06
0.216879 	63.1438 	1.25322e-06 	-1.01507e-06
0.217133 	63.0729 	1.25322e-06 	-1.01507e-06
0.217387 	63.002 	1.25322e-06 	-1.01507e-06
0.217642 	62.9311 	1.25322e-06 	-1.01507e-06
0.217896 	62.8602 	1.25322e-06 	-1.01507e-06
0.21815 	62.7894 	1.25322e-06 	-1.01507e-06
0.218404 	62.7185 	1.25322e-06 	-1.01507e-06
0.218659 	62.6476 	1.25322e-06 	-1.01507e-06
0.218913 	62.5785 	1.12573e-06 	8.20238e-08
0.219167 	62.5113 	1.12573e-06 	8.20238e-08
0.219421 	62.4442 	1.12573e-06 	8.20238e-08
0.219676 	62.3771 	1.12573e-06 	8.20238e-08
0.21993 	62.31 	1.12573e-06 	8.20238e-08
0.220184 	62.2429 	1.12573e-06 	8.20238e-08
0.220438 	62.1758 	1.12573e-06 	8.20238e-08
0.220693 	62.1086 	1.12573e-06 	8.20238e-08
0.220947 	62.0415 	1.12573e-06 	8.20238e-08
0.221201 	61.9744 	1.12573e-06 	8.20238e-08
0.221455 	61.9096 	9.98904e-07 	1.37827e-06
0.22171 	61.8464 	9.98904e-07 	1.37827e-06
0.221964 	61.7832 	9.98904e-07 	1.37827e-06
0.222218 	61.72 	9.98904e-07 	1.37827e-06
0.222472 	61.6568 	9.98904e-07 	1.37827e-06
0.222727 	61.5936 	9.98904e-07 	1.37827e-06
0.222981 	61.5304 	9.98904e-07 	1.37827e-06
0.223235 	61.4672 	9.98904e-07 	1.37827e-06
0.223489 	61.404 	9.98904e-07 	1.37827e-06
0.223744 	61.3408 	9.98904e-07 	1.37827e-06
0.223998 	61.2806 	8.60988e-07 	-1.19121e-06
0.224252 	61.2217 	8.60988e-07 	-1.19121e-06
0.224507 	61.1628 	8.60988e-07 	-1.19121e-06
0.224761 	61.1039 	8.60988e-07 	-1.19121e-06
0.225015 	61.045 	8.60988e-07 	-1.19121e-06
0.225269 	60.9861 	8.60988e-07 	-1.19121e-06
0.225524 	60.9272 	8.60988e-07 	-1.19121e-06
0.225778 	60.8684 	8.60988e-07 	-1.19121e-06
0.226032 	60.8095 	8.60988e-07 	-1.19121e-06
0.226286 	60.7506 	8.60988e-07 	-1.19121e-06
0.226541 	60.6955 	7.52353e-07 	-3.90228e-07
0.226795 	60.6413 	7.52353e-07 	-3.90228e-07
0.227049 	60.5871 	7.52353e-07 	-3.90228e-07
0.227303 	60.5329 	7.52353e-07 	-3.90228e-07
0.227558 	60.4787 	7.52353e-07 	-3.90228e-07
0.227812 	60.4245 	7.52353e-07 	-3.90228e-07
0.228066 	60.3703 	7.52353e-07 	-3.90228e-07
0.22832 	60.3161 	7.52353e-07 	-3.90228e-07
0.228575 	60.2619 	7.52353e-07 	-3.90228e-07
0.228829 	60.2077 	7.52353e-07 	-3.90228e-07
0.229083 	60.1581 	6.32551e-07 	5.29511e-07
0.229337 	60.109 	6.32551e-07 	5.29511e-07
0.229592 	60.06 	6.32551e-07 	5.29511e-07
0.229846 	60.0109 	6.32551e-07 	5.29511e-07
0.2301 	59.9618 	6.32551e-07 	5.29511e-07
0.230354 	59.9127 	6.32551e-07 	5.29511e-07
0.230609 	59.8636 	6.32551e-07 	5.29511e-07
0.230863 	59.8145 	6.32551e-07 	5.29511e-07
0.231117 	59.7655 	6.32551e-07 	5.29511e-07
0.231371 	59.7165 	5.68594e-07 	2.10025e-07
0.231626 	59.6727 	5.68594e-07 	2.10025e-07
0.23188 	59.6289 	5.68594e-07 	2.10025e-07
0.232134 	59.5851 	5.68594e-07 	2.10025e-07
0.232388 	59.5413 	5.68594e-07 	2.10025e-07
0.232643 	59.4975 	5.68594e-07 	2.10025e-07
0.232897 	59.4537 	5.68594e-07 	2.10025e-07
0.233151 	59.4099 	5.68594e-07 	2.10025e-07
0.233405 	59.3661 	5.68594e-07 	2.10025e-07
0.23366 	59.3223 	5.68594e-07 	2.10025e-07
0.233914 	59.2793 	4.72937e-07 	7.35487e-07
0.234168 	59.2411 	4.72937e-07 	7.35487e-07
0.234422 	59.203 	4.72937e-07 	7.35487e-07
0.234677 	59.1648 	4.72937e-07 	7.35487e-07
0.234931 	59.1267 	4.72937e-07 	7.35487e-07
0.235185 	59.0885 	4.72937e-07 	7.35487e-07
0.235439 	59.0504 	4.72937e-07 	7.35487e-07
0.235694 	59.0122 	4.72937e-07 	7.35487e-07
0.235948 	58.9741 	4.72937e-07 	7.35487e-07
0.236202 	58.9359 	4.72937e-07 	7.35487e-07
0.236456 	58.8992 	4.50135e-07 	-1.24242e-06
0.236711 	58.867 	4.50135e-07 	-1.24242e-06
0.236965 	58.8348 	4.50135e-07 	-1.24242e-06
0.237219 	58.8027 	4.50135e-07 	-1.24242e-06
0.237473 	58.7705 	4.50135e-07 	-1.24242e-06
0.237728 	58.7383 	4.50135e-07 	-1.24242e-06
0.237982 	58.7061 	4.50135e-07 	-1.24242e-06
0.238236 	58.674 	4.50135e-07 	-1.24242e-06
0.23849 	58.6418 	4.50135e-07 	-1.24242e-06
0.238745 	58.6096 	4.50135e-07 	-1.24242e-06
0.238999 	58.5795 	3.89291e-07 	-5.94383e-07
0.239253 	58.5532 	3.89291e-07 	-5.94383e-07
0.239508 	58.5268 	3.89291e-07 	-5.94383e-07
0.239762 	58.5005 	3.89291e-07 	-5.94383e-07
0.240016 	58.4742 	3.89291e-07 	-5.94383e-07
0.24027 	58.4479 	3.89291e-07 	-5.94383e-07
0.240525 	58.4215 	3.89291e-07 	-5.94383e-07
0.240779 	58.3952 	3.89291e-07 	-5.94383e-07
0.241033 	58.3689 	3.89291e-07 	-5.94383e-07
0.241287 	58.3425 	3.89291e-07 	-5.94383e-07
0.241542 	58.3188 	4.01871e-07 	1.32895e-06
0.241796 	58.2982 	4.01871e-07 	1.32895e-06
0.24205 	58.2776 	4.01871e-07 	1.32895e-06
0.242304 	58.257 	4.01871e-07 	1.32895e-06
0.242559 	58.2365 	4.01871e-07 	1.32895e-06
0.242813 	58.2159 	4.01871e-07 	1.32895e-06
0.243067 	58.1953 	4.01871e-07 	1.32895e-06
0.243321 	58.1747 	4.01871e-07 	1.32895e-06
0.243576 	58.1541 	4.01871e-07 	1.32895e-06
0.24383 	58.1335 	4.01871e-07 	1.32895e-06
0.244084 	58.1155 	3.28331e-07 	1.98313e-07
0.244338 	58.0995 	3.28331e-07 	1.98313e-07
0.244593 	58.0835 	3.28331e-07 	1.98313e-07
0.244847 	58.0675 	3.28331e-07 	1.98313e-07
0.245101 	58.0515 	3.28331e-07 	1.98313e-07
0.245355 	58.0356 	3.28331e-07 	1.98313e-07
0.24561 	58.0196 	3.28331e-07 	1.98313e-07
0.245864 	58.0036 	3.28331e-07 	1.98313e-07
0.246118 	57.9876 	3.28331e-07 	1.98313e-07
0.246372 	57.9716 	3.28331e-07 	1.98313e-07
0.246627 	57.9576 	3.28584e-07 	-5.70888e-07
0.246881 	57.9446 	3.28584e-07 	-5.70888e-07
0.247135 	57.9316 	3.28584e-07 	-5.70888e-07
0.247389 	57.9186 	3.28584e-07 	-5.70888e-07
0.247644 	57.9056 	3.28584e-07 	-5.70888e-07
0.247898 	57.8926 	3.28584e-07 	-5.70888e-07
0.248152 	57.8796 	3.28584e-07 	-5.70888e-07
0.248406 	57.8666 	3.28584e-07 	-5.70888e-07
0.248661 	57.8536 	3.28584e-07 	-5.70888e-07
0.248915 	57.8406 	3.28584e-07 	-5.70888e-07
0.249169 	57.8291 	2.86162e-07 	-1.29007e-07
0.249423 	57.8179 	2.86162e-07 	-1.29007e-07
0.249678 	57.8068 	2.86162e-07 	-1.29007e-07
0.249932 	57.7956 	2.86162e-07 	-1.29007e-07
0.250186 	57.7845 	2.86162e-07 	-1.29007e-07
0.25044 	57.7733 	2.86162e-07 	-1.29007e-07
0.250695 	57.7622 	2.86162e-07 	-1.29007e-07
0.250949 	57.751 	2.86162e-07 	-1.29007e-07
0.251203 	57.7399 	2.86162e-07 	-1.29007e-07
0.251457 	57.7288 	2.86162e-07 	-1.29007e-07
0.251712 	57.7228 	2.10289e-07 	-2.5391e-09
0.251966 	57.7176 	2.10289e-07 	-2.5391e-09
0.25222 	57.7123 	2.10289e-07 	-2.5391e-09
0.252474 	57.707 	2.10289e-07 	-2.5391e-09
0.252729 	57.7017 	2.10289e-07 	-2.5391e-09
0.252983 	57.6965 	2.10289e-07 	-2.5391e-09
0.253237 	57.6912 	2.10289e-07 	-2.5391e-09
0.253491 	57.6859 	2.10289e-07 	-2.5391e-09
0.253746 	57.6806 	2.10289e-07 	-2.5391e-09
0.254 	57.6754 	1.86636e-07 	-1.19395e-13
