0 	40.0767 	-0.0210816 	-7.21614e-14
0.000254254 	40.0807 	-4.34743e-07 	-3.04378e-14
0.000508509 	40.0847 	-4.34743e-07 	-3.04378e-14
0.000762763 	40.0888 	-4.34743e-07 	-3.04378e-14
0.00101702 	40.0928 	-4.34743e-07 	-3.04378e-14
0.00127127 	40.0968 	-4.34743e-07 	-3.04378e-14
0.00152553 	40.1009 	-4.34743e-07 	-3.04378e-14
0.00177978 	40.1049 	-4.34743e-07 	-3.04378e-14
0.00203403 	40.1089 	-4.34743e-07 	-3.04378e-14
0.00228829 	40.1129 	-4.34743e-07 	-3.04378e-14
0.00254254 	40.117 	-4.34743e-07 	-3.04378e-14
0.0027968 	40.121 	-4.34743e-07 	-3.04378e-14
0.00305105 	40.125 	-4.34743e-07 	-3.04378e-14
0.00330531 	40.1291 	-4.34743e-07 	-3.04378e-14
0.00355956 	40.1331 	-4.34743e-07 	-3.04378e-14
0.00381381 	40.1371 	-4.34743e-07 	-3.04378e-14
0.00406807 	40.1412 	-4.34743e-07 	-3.04378e-14
0.00432232 	40.1452 	-4.34743e-07 	-3.04378e-14
0.00457658 	40.1492 	-4.34743e-07 	-3.04378e-14
0.00483083 	40.1532 	-4.34743e-07 	-3.04378e-14
0.00508509 	40.1604 	-4.50126e-07 	-2.97345e-14
0.00533934 	40.1719 	-4.50126e-07 	-2.97345e-14
0.00559359 	40.1834 	-4.50126e-07 	-2.97345e-14
0.00584785 	40.195 	-4.50126e-07 	-2.97345e-14
0.0061021 	40.2065 	-4.50126e-07 	-2.97345e-14
0.00635636 	40.218 	-4.50126e-07 	-2.97345e-14
0.00661061 	40.2295 	-4.50126e-07 	-2.97345e-14
0.00686486 	40.2411 	-4.50126e-07 	-2.97345e-14
0.00711912 	40.2526 	-4.50126e-07 	-2.97345e-14
0.00737337 	40.2641 	-4.50126e-07 	-2.97345e-14
0.00762763 	40.2757 	-4.50126e-07 	-2.97345e-14
0.00788188 	40.2872 	-4.50126e-07 	-2.97345e-14
0.00813614 	40.2987 	-4.50126e-07 	-2.97345e-14
0.00839039 	40.3102 	-4.50126e-07 	-2.97345e-14
0.00864464 	40.3218 	-4.50126e-07 	-2.97345e-14
0.0088989 	40.3333 	-4.50126e-07 	-2.97345e-14
0.00915315 	40.3448 	-4.50126e-07 	-2.97345e-14
0.00940741 	40.3564 	-4.50126e-07 	-2.97345e-14
0.00966166 	40.3679 	-4.50126e-07 	-2.97345e-14
0.00991592 	40.3794 	-4.50126e-07 	-2.97345e-14
0.0101702 	40.3965 	-5.13061e-07 	-3.00562e-14
0.0104244 	40.4147 	-5.13061e-07 	-3.00562e-14
0.0106787 	40.433 	-5.13061e-07 	-3.00562e-14
0.0109329 	40.4512 	-5.13061e-07 	-3.00562e-14
0.0111872 	40.4694 	-5.13061e-07 	-3.00562e-14
0.0114414 	40.4877 	-5.13061e-07 	-3.00562e-14
0.0116957 	40.5059 	-5.13061e-07 	-3.00562e-14
0.0119499 	40.5242 	-5.13061e-07 	-3.00562e-14
0.0122042 	40.5424 	-5.13061e-07 	-3.00562e-14
0.0124585 	40.5606 	-5.13061e-07 	-3.00562e-14
0.0127127 	40.5789 	-5.13061e-07 	-3.00562e-14
0.012967 	40.5971 	-5.13061e-07 	-3.00562e-14
0.0132212 	40.6154 	-5.13061e-07 	-3.00562e-14
0.0134755 	40.6336 	-5.13061e-07 	-3.00562e-14
0.0137297 	40.6518 	-5.13061e-07 	-3.00562e-14
0.013984 	40.6701 	-5.13061e-07 	-3.00562e-14
0.0142382 	40.6883 	-5.13061e-07 	-3.00562e-14
0.0144925 	40.7066 	-5.13061e-07 	-3.00562e-14
0.0147467 	40.7248 	-5.13061e-07 	-3.00562e-14
0.015001 	40.7447 	-6.35257e-07 	-2.97543e-14
0.0152553 	40.77 	-6.35257e-07 	-2.97543e-14
0.0155095 	40.7953 	-6.35257e-07 	-2.97543e-14
0.0157638 	40.8206 	-6.35257e-07 	-2.97543e-14
0.016018 	40.8459 	-6.35257e-07 	-2.97543e-14
0.0162723 	40.8712 	-6.35257e-07 	-2.97543e-14
0.0165265 	40.8965 	-6.35257e-07 	-2.97543e-14
0.0167808 	40.9218 	-6.35257e-07 	-2.97543e-14
0.017035 	40.9471 	-6.35257e-07 	-2.97543e-14
0.0172893 	40.9724 	-6.35257e-07 	-2.97543e-14
0.0175435 	40.9977 	-6.35257e-07 	-2.97543e-14
0.0177978 	41.0231 	-6.35257e-07 	-2.97543e-14
0.0180521 	41.0484 	-6.35257e-07 	-2.97543e-14
0.0183063 	41.0737 	-6.35257e-07 	-2.97543e-14
0.0185606 	41.099 	-6.35257e-07 	-2.97543e-14
0.0188148 	41.1243 	-6.35257e-07 	-2.97543e-14
0.0190691 	41.1496 	-6.35257e-07 	-2.97543e-14
0.0193233 	41.1749 	-6.35257e-07 	-2.97543e-14
0.0195776 	41.2002 	-6.35257e-07 	-2.97543e-14
0.0198318 	41.2255 	-6.35257e-07 	-2.97543e-14
0.0200861 	41.2563 	-8.12319e-07 	-3.10587e-14
0.0203403 	41.2902 	-8.12319e-07 	-3.10587e-14
0.0205946 	41.3241 	-8.12319e-07 	-3.10587e-14
0.0208488 	41.358 	-8.12319e-07 	-3.10587e-14
0.0211031 	41.3918 	-8.12319e-07 	-3.10587e-14
0.0213574 	41.4257 	-8.12319e-07 	-3.10587e-14
0.0216116 	41.4596 	-8.12319e-07 	-3.10587e-14
0.0218659 	41.4934 	-8.12319e-07 	-3.10587e-14
0.0221201 	41.5273 	-8.12319e-07 	-3.10587e-14
0.0223744 	41.5612 	-8.12319e-07 	-3.10587e-14
0.0226286 	41.5951 	-8.12319e-07 	-3.10587e-14
0.0228829 	41.6289 	-8.12319e-07 	-3.10587e-14
0.0231371 	41.6628 	-8.12319e-07 	-3.10587e-14
0.0233914 	41.6967 	-8.12319e-07 	-3.10587e-14
0.0236456 	41.7306 	-8.12319e-07 	-3.10587e-14
0.0238999 	41.7644 	-8.12319e-07 	-3.10587e-14
0.0241542 	41.7983 	-8.12319e-07 	-3.10587e-14
0.0244084 	41.8322 	-8.12319e-07 	-3.10587e-14
0.0246627 	41.8661 	-8.12319e-07 	-3.10587e-14
0.0249169 	41.9005 	-1.02607e-06 	-3.08856e-14
0.0251712 	41.9448 	-1.02607e-06 	-3.08856e-14
0.0254254 	41.9891 	-1.02607e-06 	-3.08856e-14
0.0256797 	42.0333 	-1.02607e-06 	-3.08856e-14
0.0259339 	42.0776 	-1.02607e-06 	-3.08856e-14
0.0261882 	42.1218 	-1.02607e-06 	-3.08856e-14
0.0264424 	42.1661 	-1.02607e-06 	-3.08856e-14
0.0266967 	42.2103 	-1.02607e-06 	-3.08856e-14
0.026951 	42.2546 	-1.02607e-06 	-3.08856e-14
0.0272052 	42.2989 	-1.02607e-06 	-3.08856e-14
0.0274595 	42.3431 	-1.02607e-06 	-3.08856e-14
0.0277137 	42.3874 	-1.02607e-06 	-3.08856e-14
0.027968 	42.4316 	-1.02607e-06 	-3.08856e-14
0.0282222 	42.4759 	-1.02607e-06 	-3.08856e-14
0.0284765 	42.5202 	-1.02607e-06 	-3.08856e-14
0.0287307 	42.5644 	-1.02607e-06 	-3.08856e-14
0.028985 	42.6087 	-1.02607e-06 	-3.08856e-14
0.0292392 	42.6529 	-1.02607e-06 	-3.08856e-14
0.0294935 	42.6972 	-1.02607e-06 	-3.08856e-14
0.0297477 	42.7415 	-1.02607e-06 	-3.08856e-14
0.030002 	42.7913 	-1.25669e-06 	-3.08703e-14
0.0302563 	42.8475 	-1.25669e-06 	-3.08703e-14
0.0305105 	42.9037 	-1.25669e-06 	-3.08703e-14
0.0307648 	42.9598 	-1.25669e-06 	-3.08703e-14
0.031019 	43.016 	-1.25669e-06 	-3.08703e-14
0.0312733 	43.0722 	-1.25669e-06 	-3.08703e-14
0.0315275 	43.1283 	-1.25669e-06 	-3.08703e-14
0.0317818 	43.1845 	-1.25669e-06 	-3.08703e-14
0.032036 	43.2407 	-1.25669e-06 	-3.08703e-14
0.0322903 	43.2968 	-1.25669e-06 	-3.08703e-14
0.0325445 	43.353 	-1.25669e-06 	-3.08703e-14
0.0327988 	43.4092 	-1.25669e-06 	-3.08703e-14
0.0330531 	43.4654 	-1.25669e-06 	-3.08703e-14
0.0333073 	43.5215 	-1.25669e-06 	-3.08703e-14
0.0335616 	43.5777 	-1.25669e-06 	-3.08703e-14
0.0338158 	43.6339 	-1.25669e-06 	-3.08703e-14
0.0340701 	43.69 	-1.25669e-06 	-3.08703e-14
0.0343243 	43.7462 	-1.25669e-06 	-3.08703e-14
0.0345786 	43.8024 	-1.25669e-06 	-3.08703e-14
0.0348328 	43.8585 	-1.25669e-06 	-3.08703e-14
0.0350871 	43.9261 	-1.48796e-06 	-3.17795e-14
0.0353413 	43.9952 	-1.48796e-06 	-3.17795e-14
0.0355956 	44.0642 	-1.48796e-06 	-3.17795e-14
0.0358498 	44.1333 	-1.48796e-06 	-3.17795e-14
0.0361041 	44.2024 	-1.48796e-06 	-3.17795e-14
0.0363584 	44.2714 	-1.48796e-06 	-3.17795e-14
0.0366126 	44.3405 	-1.48796e-06 	-3.17795e-14
0.0368669 	44.4096 	-1.48796e-06 	-3.17795e-14
0.0371211 	44.4787 	-1.48796e-06 	-3.17795e-14
0.0373754 	44.5477 	-1.48796e-06 	-3.17795e-14
0.0376296 	44.6168 	-1.48796e-06 	-3.17795e-14
0.0378839 	44.6859 	-1.48796e-06 	-3.17795e-14
0.0381381 	44.7549 	-1.48796e-06 	-3.17795e-14
0.0383924 	44.824 	-1.48796e-06 	-3.17795e-14
0.0386466 	44.8931 	-1.48796e-06 	-3.17795e-14
0.0389009 	44.9621 	-1.48796e-06 	-3.17795e-14
0.0391552 	45.0312 	-1.48796e-06 	-3.17795e-14
0.0394094 	45.1003 	-1.48796e-06 	-3.17795e-14
0.0396637 	45.1694 	-1.48796e-06 	-3.17795e-14
0.0399179 	45.2424 	-1.71095e-06 	-3.28469e-14
0.0401722 	45.325 	-1.71095e-06 	-3.28469e-14
0.0404264 	45.4076 	-1.71095e-06 	-3.28469e-14
0.0406807 	45.4902 	-1.71095e-06 	-3.28469e-14
0.0409349 	45.5728 	-1.71095e-06 	-3.28469e-14
0.0411892 	45.6554 	-1.71095e-06 	-3.28469e-14
0.0414434 	45.738 	-1.71095e-06 	-3.28469e-14
0.0416977 	45.8206 	-1.71095e-06 	-3.28469e-14
0.041952 	45.9032 	-1.71095e-06 	-3.28469e-14
0.0422062 	45.9858 	-1.71095e-06 	-3.28469e-14
0.0424605 	46.0684 	-1.71095e-06 	-3.28469e-14
0.0427147 	46.151 	-1.71095e-06 	-3.28469e-14
0.042969 	46.2336 	-1.71095e-06 	-3.28469e-14
0.0432232 	46.3162 	-1.71095e-06 	-3.28469e-14
0.0434775 	46.3988 	-1.71095e-06 	-3.28469e-14
0.0437317 	46.4814 	-1.71095e-06 	-3.28469e-14
0.043986 	46.564 	-1.71095e-06 	-3.28469e-14
0.0442402 	46.6466 	-1.71095e-06 	-3.28469e-14
0.0444945 	46.7292 	-1.71095e-06 	-3.28469e-14
0.0447487 	46.8118 	-1.71095e-06 	-3.28469e-14
0.045003 	46.9043 	-1.94336e-06 	-3.43851e-14
0.0452573 	47.001 	-1.94336e-06 	-3.43851e-14
0.0455115 	47.0977 	-1.94336e-06 	-3.43851e-14
0.0457658 	47.1944 	-1.94336e-06 	-3.43851e-14
0.04602 	47.291 	-1.94336e-06 	-3.43851e-14
0.0462743 	47.3877 	-1.94336e-06 	-3.43851e-14
0.0465285 	47.4844 	-1.94336e-06 	-3.43851e-14
0.0467828 	47.5811 	-1.94336e-06 	-3.43851e-14
0.047037 	47.6778 	-1.94336e-06 	-3.43851e-14
0.0472913 	47.7745 	-1.94336e-06 	-3.43851e-14
0.0475455 	47.8712 	-1.94336e-06 	-3.43851e-14
0.0477998 	47.9679 	-1.94336e-06 	-3.43851e-14
0.0480541 	48.0645 	-1.94336e-06 	-3.43851e-14
0.0483083 	48.1612 	-1.94336e-06 	-3.43851e-14
0.0485626 	48.2579 	-1.94336e-06 	-3.43851e-14
0.0488168 	48.3546 	-1.94336e-06 	-3.43851e-14
0.0490711 	48.4513 	-1.94336e-06 	-3.43851e-14
0.0493253 	48.548 	-1.94336e-06 	-3.43851e-14
0.0495796 	48.6447 	-1.94336e-06 	-3.43851e-14
0.0498338 	48.7431 	-2.19106e-06 	-3.58282e-14
0.0500881 	48.8545 	-2.19106e-06 	-3.58282e-14
0.0503423 	48.966 	-2.19106e-06 	-3.58282e-14
0.0505966 	49.0775 	-2.19106e-06 	-3.58282e-14
0.0508509 	49.1889 	-2.19106e-06 	-3.58282e-14
0.0511051 	49.3004 	-2.19106e-06 	-3.58282e-14
0.0513594 	49.4119 	-2.19106e-06 	-3.58282e-14
0.0516136 	49.5233 	-2.19106e-06 	-3.58282e-14
0.0518679 	49.6348 	-2.19106e-06 	-3.58282e-14
0.0521221 	49.7463 	-2.19106e-06 	-3.58282e-14
0.0523764 	49.8577 	-2.19106e-06 	-3.58282e-14
0.0526306 	49.9692 	-2.19106e-06 	-3.58282e-14
0.0528849 	50.0806 	-2.19106e-06 	-3.58282e-14
0.0531391 	50.1921 	-2.19106e-06 	-3.58282e-14
0.0533934 	50.3036 	-2.19106e-06 	-3.58282e-14
0.0536476 	50.415 	-2.19106e-06 	-3.58282e-14
0.0539019 	50.5265 	-2.19106e-06 	-3.58282e-14
0.0541562 	50.638 	-2.19106e-06 	-3.58282e-14
0.0544104 	50.7494 	-2.19106e-06 	-3.58282e-14
0.0546647 	50.8609 	-2.19106e-06 	-3.58282e-14
0.0549189 	50.9806 	-2.44874e-06 	-3.66839e-14
0.0551732 	51.1077 	-2.44874e-06 	-3.66839e-14
0.0554274 	51.2348 	-2.44874e-06 	-3.66839e-14
0.0556817 	51.3619 	-2.44874e-06 	-3.66839e-14
0.0559359 	51.489 	-2.44874e-06 	-3.66839e-14
0.0561902 	51.6161 	-2.44874e-06 	-3.66839e-14
0.0564444 	51.7431 	-2.44874e-06 	-3.66839e-14
0.0566987 	51.8702 	-2.44874e-06 	-3.66839e-14
0.056953 	51.9973 	-2.44874e-06 	-3.66839e-14
0.0572072 	52.1244 	-2.44874e-06 	-3.66839e-14
0.0574615 	52.2515 	-2.44874e-06 	-3.66839e-14
0.0577157 	52.3786 	-2.44874e-06 	-3.66839e-14
0.05797 	52.5057 	-2.44874e-06 	-3.66839e-14
0.0582242 	52.6327 	-2.44874e-06 	-3.66839e-14
0.0584785 	52.7598 	-2.44874e-06 	-3.66839e-14
0.0587327 	52.8869 	-2.44874e-06 	-3.66839e-14
0.058987 	53.014 	-2.44874e-06 	-3.66839e-14
0.0592412 	53.1411 	-2.44874e-06 	-3.66839e-14
0.0594955 	53.2682 	-2.44874e-06 	-3.66839e-14
0.0597497 	53.3953 	-2.44874e-06 	-3.66839e-14
0.060004 	53.5379 	-2.71635e-06 	-3.93464e-14
0.0602583 	53.6816 	-2.71635e-06 	-3.93464e-14
0.0605125 	53.8253 	-2.71635e-06 	-3.93464e-14
0.0607668 	53.9689 	-2.71635e-06 	-3.93464e-14
0.061021 	54.1126 	-2.71635e-06 	-3.93464e-14
0.0612753 	54.2562 	-2.71635e-06 	-3.93464e-14
0.0615295 	54.3999 	-2.71635e-06 	-3.93464e-14
0.0617838 	54.5435 	-2.71635e-06 	-3.93464e-14
0.062038 	54.6872 	-2.71635e-06 	-3.93464e-14
0.0622923 	54.8308 	-2.71635e-06 	-3.93464e-14
0.0625465 	54.9745 	-2.71635e-06 	-3.93464e-14
0.0628008 	55.1181 	-2.71635e-06 	-3.93464e-14
0.0630551 	55.2618 	-2.71635e-06 	-3.93464e-14
0.0633093 	55.4054 	-2.71635e-06 	-3.93464e-14
0.0635636 	55.5491 	-2.71635e-06 	-3.93464e-14
0.0638178 	55.6927 	-2.71635e-06 	-3.93464e-14
0.0640721 	55.8364 	-2.71635e-06 	-3.93464e-14
0.0643263 	55.98 	-2.71635e-06 	-3.93464e-14
0.0645806 	56.1237 	-2.71635e-06 	-3.93464e-14
0.0648348 	56.2735 	-2.98521e-06 	-4.14474e-14
0.0650891 	56.4347 	-2.98521e-06 	-4.14474e-14
0.0653433 	56.5959 	-2.98521e-06 	-4.14474e-14
0.0655976 	56.757 	-2.98521e-06 	-4.14474e-14
0.0658519 	56.9182 	-2.98521e-06 	-4.14474e-14
0.0661061 	57.0794 	-2.98521e-06 	-4.14474e-14
0.0663604 	57.2405 	-2.98521e-06 	-4.14474e-14
0.0666146 	57.4017 	-2.98521e-06 	-4.14474e-14
0.0668689 	57.5629 	-2.98521e-06 	-4.14474e-14
0.0671231 	57.724 	-2.98521e-06 	-4.14474e-14
0.0673774 	57.8852 	-2.98521e-06 	-4.14474e-14
0.0676316 	58.0464 	-2.98521e-06 	-4.14474e-14
0.0678859 	58.2075 	-2.98521e-06 	-4.14474e-14
0.0681401 	58.3687 	-2.98521e-06 	-4.14474e-14
0.0683944 	58.5299 	-2.98521e-06 	-4.14474e-14
0.0686486 	58.691 	-2.98521e-06 	-4.14474e-14
0.0689029 	58.8522 	-2.98521e-06 	-4.14474e-14
0.0691572 	59.0134 	-2.98521e-06 	-4.14474e-14
0.0694114 	59.1745 	-2.98521e-06 	-4.14474e-14
0.0696657 	59.3357 	-2.98521e-06 	-4.14474e-14
0.0699199 	59.5109 	-3.24493e-06 	-4.4698e-14
0.0701742 	59.6905 	-3.24493e-06 	-4.4698e-14
0.0704284 	59.87 	-3.24493e-06 	-4.4698e-14
0.0706827 	60.0495 	-3.24493e-06 	-4.4698e-14
0.0709369 	60.2291 	-3.24493e-06 	-4.4698e-14
0.0711912 	60.4086 	-3.24493e-06 	-4.4698e-14
0.0714454 	60.5882 	-3.24493e-06 	-4.4698e-14
0.0716997 	60.7677 	-3.24493e-06 	-4.4698e-14
0.071954 	60.9472 	-3.24493e-06 	-4.4698e-14
0.0722082 	61.1268 	-3.24493e-06 	-4.4698e-14
0.0724625 	61.3063 	-3.24493e-06 	-4.4698e-14
0.0727167 	61.4859 	-3.24493e-06 	-4.4698e-14
0.072971 	61.6654 	-3.24493e-06 	-4.4698e-14
0.0732252 	61.8449 	-3.24493e-06 	-4.4698e-14
0.0734795 	62.0245 	-3.24493e-06 	-4.4698e-14
0.0737337 	62.204 	-3.24493e-06 	-4.4698e-14
0.073988 	62.3836 	-3.24493e-06 	-4.4698e-14
0.0742422 	62.5631 	-3.24493e-06 	-4.4698e-14
0.0744965 	62.7426 	-3.24493e-06 	-4.4698e-14
0.0747508 	62.9255 	-3.48309e-06 	-4.64091e-14
0.075005 	63.1241 	-3.48309e-06 	-4.64091e-14
0.0752593 	63.3227 	-3.48309e-06 	-4.64091e-14
0.0755135 	63.5213 	-3.48309e-06 	-4.64091e-14
0.0757678 	63.7198 	-3.48309e-06 	-4.64091e-14
0.076022 	63.9184 	-3.48309e-06 	-4.64091e-14
0.0762763 	64.117 	-3.48309e-06 	-4.64091e-14
0.0765305 	64.3155 	-3.48309e-06 	-4.64091e-14
0.0767848 	64.5141 	-3.48309e-06 	-4.64091e-14
0.077039 	64.7127 	-3.48309e-06 	-4.64091e-14
0.0772933 	64.9113 	-3.48309e-06 	-4.64091e-14
0.0775475 	65.1098 	-3.48309e-06 	-4.64091e-14
0.0778018 	65.3084 	-3.48309e-06 	-4.64091e-14
0.0780561 	65.507 	-3.48309e-06 	-4.64091e-14
0.0783103 	65.7056 	-3.48309e-06 	-4.64091e-14
0.0785646 	65.9041 	-3.48309e-06 	-4.64091e-14
0.0788188 	66.1027 	-3.48309e-06 	-4.6409e-14
0.0790731 	66.3013 	-3.48309e-06 	-4.6409e-14
0.0793273 	66.4998 	-3.48309e-06 	-4.6409e-14
0.0795816 	66.6984 	-3.48309e-06 	-4.6409e-14
0.0798358 	66.9084 	-3.68242e-06 	-4.98719e-14
0.0800901 	67.1263 	-3.68242e-06 	-4.98719e-14
0.0803443 	67.3443 	-3.68242e-06 	-4.98719e-14
0.0805986 	67.5622 	-3.68242e-06 	-4.98719e-14
0.0808529 	67.7801 	-3.68242e-06 	-4.98719e-14
0.0811071 	67.9981 	-3.68242e-06 	-4.98719e-14
0.0813614 	68.216 	-3.68242e-06 	-4.98719e-14
0.0816156 	68.4339 	-3.68242e-06 	-4.98718e-14
0.0818699 	68.6519 	-3.68242e-06 	-4.98718e-14
0.0821241 	68.8698 	-3.68242e-06 	-4.98718e-14
0.0823784 	69.0877 	-3.68242e-06 	-4.98718e-14
0.0826326 	69.3057 	-3.68242e-06 	-4.98718e-14
0.0828869 	69.5236 	-3.68242e-06 	-4.98718e-14
0.0831411 	69.7416 	-3.68242e-06 	-4.98718e-14
0.0833954 	69.9595 	-3.68242e-06 	-4.98718e-14
0.0836496 	70.1774 	-3.68242e-06 	-4.98718e-14
0.0839039 	70.3954 	-3.68242e-06 	-4.98718e-14
0.0841582 	70.6133 	-3.68242e-06 	-4.98718e-14
0.0844124 	70.8312 	-3.68242e-06 	-4.98718e-14
0.0846667 	71.0492 	-4.45297e-06 	-5.22707e-17
0.0849209 	71.2863 	-3.82147e-06 	-5.27424e-14
0.0851752 	71.5235 	-3.82147e-06 	-5.27424e-14
0.0854294 	71.7606 	-3.82147e-06 	-5.27424e-14
0.0856837 	71.9978 	-3.82147e-06 	-5.27424e-14
0.0859379 	72.235 	-3.82147e-06 	-5.27424e-14
0.0861922 	72.4721 	-3.82147e-06 	-5.27424e-14
0.0864464 	72.7093 	-3.82147e-06 	-5.27424e-14
0.0867007 	72.9464 	-3.82147e-06 	-5.27424e-14
0.086955 	73.1836 	-3.82147e-06 	-5.27424e-14
0.0872092 	73.4207 	-3.82147e-06 	-5.27424e-14
0.0874635 	73.6579 	-3.82147e-06 	-5.27424e-14
0.0877177 	73.895 	-3.82147e-06 	-5.27424e-14
0.087972 	74.1322 	-3.82147e-06 	-5.27424e-14
0.0882262 	74.3694 	-3.82147e-06 	-5.27424e-14
0.0884805 	74.6065 	-3.82147e-06 	-5.27424e-14
0.0887347 	74.8437 	-3.82147e-06 	-5.27424e-14
0.088989 	75.0808 	-3.82147e-06 	-5.27424e-14
0.0892432 	75.318 	-3.82147e-06 	-5.27424e-14
0.0894975 	75.5551 	-3.82147e-06 	-5.27424e-14
0.0897518 	75.7999 	-3.87414e-06 	-5.65391e-14
0.090006 	76.0555 	-3.87414e-06 	-5.65391e-14
0.0902603 	76.3111 	-3.87414e-06 	-5.65391e-14
0.0905145 	76.5667 	-3.87414e-06 	-5.65391e-14
0.0907688 	76.8223 	-3.87414e-06 	-5.65391e-14
0.091023 	77.0779 	-3.87414e-06 	-5.65391e-14
0.0912773 	77.3335 	-3.87414e-06 	-5.65391e-14
0.0915315 	77.5891 	-3.87414e-06 	-5.65391e-14
0.0917858 	77.8447 	-3.87414e-06 	-5.65391e-14
0.09204 	78.1003 	-3.87414e-06 	-5.65391e-14
0.0922943 	78.3559 	-3.87414e-06 	-5.65391e-14
0.0925485 	78.6115 	-3.87414e-06 	-5.65391e-14
0.0928028 	78.8671 	-3.87414e-06 	-5.65391e-14
0.0930571 	79.1227 	-3.87414e-06 	-5.65391e-14
0.0933113 	79.3783 	-3.87414e-06 	-5.65391e-14
0.0935656 	79.6338 	-3.87414e-06 	-5.65391e-14
0.0938198 	79.8894 	-3.87414e-06 	-5.65391e-14
0.0940741 	80.145 	-3.87414e-06 	-5.65391e-14
0.0943283 	80.4006 	-3.87414e-06 	-5.65391e-14
0.0945826 	80.6562 	-3.87414e-06 	-5.65391e-14
0.0948368 	80.9257 	-3.81252e-06 	-5.94419e-14
0.0950911 	81.1982 	-3.81252e-06 	-5.94419e-14
0.0953453 	81.4707 	-3.81252e-06 	-5.94419e-14
0.0955996 	81.7431 	-3.81252e-06 	-5.94419e-14
0.0958539 	82.0156 	-3.81252e-06 	-5.94419e-14
0.0961081 	82.2881 	-3.81252e-06 	-5.94419e-14
0.0963624 	82.5605 	-3.81252e-06 	-5.94418e-14
0.0966166 	82.833 	-3.81252e-06 	-5.94418e-14
0.0968709 	83.1054 	-3.81252e-06 	-5.94418e-14
0.0971251 	83.3779 	-3.81252e-06 	-5.94418e-14
0.0973794 	83.6504 	-3.81252e-06 	-5.94418e-14
0.0976336 	83.9228 	-3.81252e-06 	-5.94418e-14
0.0978879 	84.1953 	-3.81252e-06 	-5.94418e-14
0.0981421 	84.4678 	-3.81252e-06 	-5.94418e-14
0.0983964 	84.7402 	-3.81252e-06 	-5.94418e-14
0.0986507 	85.0127 	-3.81252e-06 	-5.94418e-14
0.0989049 	85.2852 	-3.81252e-06 	-5.94418e-14
0.0991592 	85.5576 	-3.81252e-06 	-5.94418e-14
0.0994134 	85.8301 	-3.81252e-06 	-5.94418e-14
0.0996677 	86.1059 	-3.61131e-06 	-6.21516e-14
0.0999219 	86.3928 	-3.61131e-06 	-6.21516e-14
0.100176 	86.6796 	-3.61131e-06 	-6.21516e-14
0.10043 	86.9664 	-3.61131e-06 	-6.21516e-14
0.100685 	87.2533 	-3.61131e-06 	-6.21516e-14
0.100939 	87.5401 	-3.61131e-06 	-6.21516e-14
0.101193 	87.8269 	-3.61131e-06 	-6.21516e-14
0.101447 	88.1138 	-3.61131e-06 	-6.21516e-14
0.101702 	88.4006 	-3.61131e-06 	-6.21516e-14
0.101956 	88.6874 	-3.61131e-06 	-6.21516e-14
0.10221 	88.9743 	-3.61131e-06 	-6.21516e-14
0.102464 	89.2611 	-3.61131e-06 	-6.21516e-14
0.102719 	89.5479 	-3.61131e-06 	-6.21516e-14
0.102973 	89.8348 	-3.61131e-06 	-6.21516e-14
0.103227 	90.1216 	-3.61131e-06 	-6.21516e-14
0.103481 	90.4084 	-3.61131e-06 	-6.21516e-14
0.103736 	90.6953 	-3.61131e-06 	-6.21516e-14
0.10399 	90.9821 	-3.61131e-06 	-6.21516e-14
0.104244 	91.2689 	-3.61131e-06 	-6.21516e-14
0.104498 	91.5558 	-3.61131e-06 	-6.21516e-14
0.104753 	91.8496 	-3.25491e-06 	-6.45583e-14
0.105007 	92.1473 	-3.25491e-06 	-6.45583e-14
0.105261 	92.445 	-3.25491e-06 	-6.45583e-14
0.105516 	92.7427 	-3.25491e-06 	-6.45583e-14
0.10577 	93.0404 	-3.25491e-06 	-6.45583e-14
0.106024 	93.3381 	-3.25491e-06 	-6.45583e-14
0.106278 	93.6358 	-3.25491e-06 	-6.45583e-14
0.106533 	93.9335 	-3.25491e-06 	-6.45583e-14
0.106787 	94.2312 	-3.25491e-06 	-6.45583e-14
0.107041 	94.5289 	-3.25491e-06 	-6.45583e-14
0.107295 	94.8266 	-3.25491e-06 	-6.45583e-14
0.10755 	95.1243 	-3.25491e-06 	-6.45583e-14
0.107804 	95.422 	-3.25491e-06 	-6.45583e-14
0.108058 	95.7197 	-3.25491e-06 	-6.45583e-14
0.108312 	96.0174 	-3.25491e-06 	-6.45583e-14
0.108567 	96.3151 	-3.25491e-06 	-6.45582e-14
0.108821 	96.6128 	-3.25491e-06 	-6.45582e-14
0.109075 	96.9105 	-3.25491e-06 	-6.45582e-14
0.109329 	97.2082 	-3.25491e-06 	-6.45582e-14
0.109584 	97.5063 	-2.768e-06 	-6.65473e-14
0.109838 	97.8104 	-2.768e-06 	-6.65473e-14
0.110092 	98.1145 	-2.768e-06 	-6.65473e-14
0.110346 	98.4187 	-2.768e-06 	-6.65473e-14
0.110601 	98.7228 	-2.768e-06 	-6.65473e-14
0.110855 	99.0269 	-2.768e-06 	-6.65473e-14
0.111109 	99.331 	-2.768e-06 	-6.65473e-14
0.111363 	99.6352 	-2.768e-06 	-6.65473e-14
0.111618 	99.9393 	-2.768e-06 	-6.65473e-14
0.111872 	100.243 	-2.768e-06 	-6.65473e-14
0.112126 	100.548 	-2.768e-06 	-6.65473e-14
0.11238 	100.852 	-2.768e-06 	-6.65473e-14
0.112635 	101.156 	-2.768e-06 	-6.65473e-14
0.112889 	101.46 	-2.768e-06 	-6.65473e-14
0.113143 	101.764 	-2.768e-06 	-6.65473e-14
0.113397 	102.068 	-2.768e-06 	-6.65473e-14
0.113652 	102.372 	-2.768e-06 	-6.65473e-14
0.113906 	102.676 	-2.768e-06 	-6.65473e-14
0.11416 	102.981 	-2.768e-06 	-6.65473e-14
0.114414 	103.285 	-2.768e-06 	-6.65473e-14
0.114669 	103.589 	-2.00591e-06 	-6.79712e-14
0.114923 	103.895 	-2.00591e-06 	-6.79712e-14
0.115177 	104.2 	-2.00591e-06 	-6.79712e-14
0.115431 	104.505 	-2.00591e-06 	-6.79712e-14
0.115686 	104.811 	-2.00591e-06 	-6.79711e-14
0.11594 	105.116 	-2.00591e-06 	-6.79711e-14
0.116194 	105.421 	-2.00591e-06 	-6.79711e-14
0.116448 	105.727 	-2.00591e-06 	-6.79711e-14
0.116703 	106.032 	-2.00591e-06 	-6.79711e-14
0.116957 	106.338 	-2.00591e-06 	-6.79711e-14
0.117211 	106.643 	-2.00591e-06 	-6.79711e-14
0.117465 	106.948 	-2.00591e-06 	-6.79711e-14
0.11772 	107.254 	-2.00591e-06 	-6.79711e-14
0.117974 	107.559 	-2.00591e-06 	-6.79711e-14
0.118228 	107.864 	-2.00591e-06 	-6.79711e-14
0.118482 	108.17 	-2.00591e-06 	-6.79711e-14
0.118737 	108.475 	-2.00591e-06 	-6.79711e-14
0.118991 	108.78 	-2.00591e-06 	-6.79711e-14
0.119245 	109.086 	-2.00591e-06 	-6.79711e-14
0.119499 	109.391 	-2.00591e-06 	-6.79711e-14
0.119754 	109.692 	-1.04751e-06 	-6.94591e-14
0.120008 	109.993 	-1.04751e-06 	-6.94591e-14
0.120262 	110.294 	-1.04751e-06 	-6.94591e-14
0.120517 	110.595 	-1.04751e-06 	-6.94591e-14
0.120771 	110.896 	-1.04751e-06 	-6.94591e-14
0.121025 	111.197 	-1.04751e-06 	-6.94591e-14
0.121279 	111.498 	-1.04751e-06 	-6.94591e-14
0.121534 	111.798 	-1.04751e-06 	-6.94591e-14
0.121788 	112.099 	-1.04751e-06 	-6.94591e-14
0.122042 	112.4 	-1.04751e-06 	-6.94591e-14
0.122296 	112.701 	-1.04751e-06 	-6.94591e-14
0.122551 	113.002 	-1.04751e-06 	-6.94591e-14
0.122805 	113.303 	-1.04751e-06 	-6.94591e-14
0.123059 	113.604 	-1.04751e-06 	-6.94591e-14
0.123313 	113.904 	-1.04751e-06 	-6.94591e-14
0.123568 	114.205 	-1.04751e-06 	-6.94591e-14
0.123822 	114.506 	-1.04751e-06 	-6.94591e-14
0.124076 	114.807 	-1.04751e-06 	-6.94591e-14
0.12433 	115.108 	-1.04751e-06 	-6.94591e-14
0.124585 	115.406 	-3.11053e-08 	-6.95496e-14
0.124839 	115.697 	-3.11053e-08 	-6.95496e-14
0.125093 	115.987 	-3.11053e-08 	-6.95496e-14
0.125347 	116.278 	-3.11053e-08 	-6.95496e-14
0.125602 	116.569 	-3.11053e-08 	-6.95496e-14
0.125856 	116.86 	-3.11053e-08 	-6.95496e-14
0.12611 	117.151 	-3.11053e-08 	-6.95496e-14
0.126364 	117.442 	-3.11053e-08 	-6.95496e-14
0.126619 	117.733 	-3.11053e-08 	-6.95496e-14
0.126873 	118.024 	-3.11053e-08 	-6.95496e-14
0.127127 	118.315 	-3.11053e-08 	-6.95496e-14
0.127381 	118.605 	-3.11053e-08 	-6.95496e-14
0.127636 	118.896 	-3.11053e-08 	-6.95496e-14
0.12789 	119.187 	-3.11053e-08 	-6.95496e-14
0.128144 	119.478 	-3.11053e-08 	-6.95496e-14
0.128398 	119.769 	-3.11053e-08 	-6.95496e-14
0.128653 	120.06 	-3.11053e-08 	-6.95496e-14
0.128907 	120.351 	-3.11053e-08 	-6.95496e-14
0.129161 	120.642 	-3.11053e-08 	-6.95496e-14
0.129415 	120.933 	-3.11053e-08 	-6.95496e-14
0.12967 	121.214 	8.42147e-07 	-6.908e-14
0.129924 	121.491 	8.42147e-07 	-6.908e-14
0.130178 	121.768 	8.42147e-07 	-6.908e-14
0.130432 	122.045 	8.42147e-07 	-6.908e-14
0.130687 	122.323 	8.42147e-07 	-6.908e-14
0.130941 	122.6 	8.42147e-07 	-6.908e-14
0.131195 	122.877 	8.42147e-07 	-6.908e-14
0.131449 	123.154 	8.42147e-07 	-6.908e-14
0.131704 	123.431 	8.42147e-07 	-6.908e-14
0.131958 	123.708 	8.42147e-07 	-6.908e-14
0.132212 	123.986 	8.42147e-07 	-6.908e-14
0.132466 	124.263 	8.42147e-07 	-6.908e-14
0.132721 	124.54 	8.42147e-07 	-6.908e-14
0.132975 	124.817 	8.42147e-07 	-6.908e-14
0.133229 	125.094 	8.42147e-07 	-6.908e-14
0.133483 	125.372 	8.42147e-07 	-6.908e-14
0.133738 	125.649 	8.42147e-07 	-6.908e-14
0.133992 	125.926 	8.42147e-07 	-6.908e-14
0.134246 	126.203 	8.42147e-07 	-6.90799e-14
0.134501 	126.478 	1.4734e-06 	-6.89606e-14
0.134755 	126.74 	1.4734e-06 	-6.89606e-14
0.135009 	127.002 	1.4734e-06 	-6.89606e-14
0.135263 	127.264 	1.4734e-06 	-6.89606e-14
0.135518 	127.526 	1.4734e-06 	-6.89606e-14
0.135772 	127.788 	1.4734e-06 	-6.89606e-14
0.136026 	128.05 	1.4734e-06 	-6.89606e-14
0.13628 	128.312 	1.4734e-06 	-6.89606e-14
0.136535 	128.574 	1.4734e-06 	-6.89606e-14
0.136789 	128.836 	1.4734e-06 	-6.89606e-14
0.137043 	129.098 	1.4734e-06 	-6.89606e-14
0.137297 	129.36 	1.4734e-06 	-6.89606e-14
0.137552 	129.622 	1.4734e-06 	-6.89606e-14
0.137806 	129.884 	1.4734e-06 	-6.89606e-14
0.13806 	130.145 	1.4734e-06 	-6.89606e-14
0.138314 	130.407 	1.4734e-06 	-6.89606e-14
0.138569 	130.669 	1.4734e-06 	-6.89606e-14
0.138823 	130.931 	1.4734e-06 	-6.89606e-14
0.139077 	131.193 	1.4734e-06 	-6.89606e-14
0.139331 	131.455 	1.4734e-06 	-6.89606e-14
0.139586 	131.709 	2.16851e-06 	-6.78487e-14
0.13984 	131.955 	2.16851e-06 	-6.78486e-14
0.140094 	132.201 	2.16851e-06 	-6.78486e-14
0.140348 	132.448 	2.16851e-06 	-6.78486e-14
0.140603 	132.694 	2.16851e-06 	-6.78486e-14
0.140857 	132.941 	2.16851e-06 	-6.78486e-14
0.141111 	133.187 	2.16851e-06 	-6.78486e-14
0.141365 	133.433 	2.16851e-06 	-6.78486e-14
0.14162 	133.68 	2.16851e-06 	-6.78486e-14
0.141874 	133.926 	2.16851e-06 	-6.78486e-14
0.142128 	134.172 	2.16851e-06 	-6.78486e-14
0.142382 	134.419 	2.16851e-06 	-6.78486e-14
0.142637 	134.665 	2.16851e-06 	-6.78486e-14
0.142891 	134.911 	2.16851e-06 	-6.78486e-14
0.143145 	135.158 	2.16851e-06 	-6.78486e-14
0.143399 	135.404 	2.16851e-06 	-6.78486e-14
0.143654 	135.65 	2.16851e-06 	-6.78486e-14
0.143908 	135.897 	2.16851e-06 	-6.78486e-14
0.144162 	136.143 	2.16851e-06 	-6.78486e-14
0.144416 	136.389 	2.16851e-06 	-6.78486e-14
0.144671 	136.621 	2.68419e-06 	-6.59739e-14
0.144925 	136.853 	2.68419e-06 	-6.59739e-14
0.145179 	137.084 	2.68419e-06 	-6.59739e-14
0.145433 	137.315 	2.68419e-06 	-6.59739e-14
0.145688 	137.546 	2.68419e-06 	-6.59739e-14
0.145942 	137.777 	2.68419e-06 	-6.59739e-14
0.146196 	138.008 	2.68419e-06 	-6.59739e-14
0.14645 	138.239 	2.68419e-06 	-6.59739e-14
0.146705 	138.47 	2.68419e-06 	-6.59739e-14
0.146959 	138.701 	2.68419e-06 	-6.59738e-14
0.147213 	138.932 	2.68419e-06 	-6.59738e-14
0.147467 	139.163 	2.68419e-06 	-6.59738e-14
0.147722 	139.395 	2.68419e-06 	-6.59738e-14
0.147976 	139.626 	2.68419e-06 	-6.59738e-14
0.14823 	139.857 	2.68419e-06 	-6.59738e-14
0.148484 	140.088 	2.68419e-06 	-6.59738e-14
0.148739 	140.319 	2.68419e-06 	-6.59738e-14
0.148993 	140.55 	2.68419e-06 	-6.59738e-14
0.149247 	140.781 	2.68419e-06 	-6.59738e-14
0.149502 	141.007 	3.04837e-06 	-6.45233e-14
0.149756 	141.223 	3.04837e-06 	-6.45233e-14
0.15001 	141.44 	3.04837e-06 	-6.45233e-14
0.150264 	141.656 	3.04837e-06 	-6.45233e-14
0.150519 	141.872 	3.04837e-06 	-6.45233e-14
0.150773 	142.089 	3.04837e-06 	-6.45233e-14
0.151027 	142.305 	3.04837e-06 	-6.45233e-14
0.151281 	142.521 	3.04837e-06 	-6.45233e-14
0.151536 	142.738 	3.04837e-06 	-6.45233e-14
0.15179 	142.954 	3.04837e-06 	-6.45233e-14
0.152044 	143.17 	3.04837e-06 	-6.45233e-14
0.152298 	143.387 	3.04837e-06 	-6.45233e-14
0.152553 	143.603 	3.04837e-06 	-6.45233e-14
0.152807 	143.82 	3.04837e-06 	-6.45233e-14
0.153061 	144.036 	3.04837e-06 	-6.45233e-14
0.153315 	144.252 	3.04837e-06 	-6.45233e-14
0.15357 	144.469 	3.04837e-06 	-6.45233e-14
0.153824 	144.685 	3.04837e-06 	-6.45233e-14
0.154078 	144.901 	3.04837e-06 	-6.45233e-14
0.154332 	145.118 	3.04837e-06 	-6.45233e-14
0.154587 	145.323 	3.31228e-06 	-6.24464e-14
0.154841 	145.525 	3.31228e-06 	-6.24464e-14
0.155095 	145.727 	3.31228e-06 	-6.24464e-14
0.155349 	145.929 	3.31228e-06 	-6.24464e-14
0.155604 	146.131 	3.31228e-06 	-6.24464e-14
0.155858 	146.334 	3.31228e-06 	-6.24464e-14
0.156112 	146.536 	3.31228e-06 	-6.24464e-14
0.156366 	146.738 	3.31228e-06 	-6.24464e-14
0.156621 	146.94 	3.31228e-06 	-6.24464e-14
0.156875 	147.142 	3.31228e-06 	-6.24464e-14
0.157129 	147.344 	3.31228e-06 	-6.24464e-14
0.157383 	147.546 	3.31228e-06 	-6.24464e-14
0.157638 	147.748 	3.31228e-06 	-6.24464e-14
0.157892 	147.95 	3.31228e-06 	-6.24464e-14
0.158146 	148.152 	3.31228e-06 	-6.24464e-14
0.1584 	148.354 	3.31228e-06 	-6.24464e-14
0.158655 	148.556 	3.31228e-06 	-6.24464e-14
0.158909 	148.758 	3.31228e-06 	-6.24464e-14
0.159163 	148.961 	3.31228e-06 	-6.24464e-14
0.159417 	149.16 	3.65059e-06 	-6.0847e-14
0.159672 	149.348 	3.65059e-06 	-6.08469e-14
0.159926 	149.536 	3.65059e-06 	-6.08469e-14
0.16018 	149.724 	3.65059e-06 	-6.08469e-14
0.160434 	149.912 	3.65059e-06 	-6.08469e-14
0.160689 	150.1 	3.65059e-06 	-6.08469e-14
0.160943 	150.288 	3.65059e-06 	-6.08469e-14
0.161197 	150.476 	3.65059e-06 	-6.08469e-14
0.161451 	150.664 	3.65059e-06 	-6.08469e-14
0.161706 	150.852 	3.65059e-06 	-6.08469e-14
0.16196 	151.04 	3.65059e-06 	-6.08469e-14
0.162214 	151.228 	3.65059e-06 	-6.08469e-14
0.162468 	151.416 	3.65059e-06 	-6.08469e-14
0.162723 	151.604 	3.65059e-06 	-6.08469e-14
0.162977 	151.792 	3.65059e-06 	-6.08469e-14
0.163231 	151.98 	3.65059e-06 	-6.08469e-14
0.163485 	152.168 	3.65059e-06 	-6.08469e-14
0.16374 	152.356 	3.65059e-06 	-6.08469e-14
0.163994 	152.544 	3.65059e-06 	-6.08469e-14
0.164248 	152.732 	3.65059e-06 	-6.08469e-14
0.164503 	152.911 	3.95425e-06 	-5.87566e-14
0.164757 	153.085 	3.95425e-06 	-5.87566e-14
0.165011 	153.259 	3.95425e-06 	-5.87566e-14
0.165265 	153.432 	3.95425e-06 	-5.87566e-14
0.16552 	153.606 	3.95425e-06 	-5.87566e-14
0.165774 	153.78 	3.95425e-06 	-5.87566e-14
0.166028 	153.953 	3.95425e-06 	-5.87566e-14
0.166282 	154.127 	3.95425e-06 	-5.87566e-14
0.166537 	154.301 	3.95425e-06 	-5.87566e-14
0.166791 	154.474 	3.95425e-06 	-5.87566e-14
0.167045 	154.648 	3.95425e-06 	-5.87566e-14
0.167299 	154.822 	3.95425e-06 	-5.87566e-14
0.167554 	154.995 	3.95425e-06 	-5.87566e-14
0.167808 	155.169 	3.95425e-06 	-5.87566e-14
0.168062 	155.343 	3.95425e-06 	-5.87566e-14
0.168316 	155.517 	3.95425e-06 	-5.87566e-14
0.168571 	155.69 	3.95425e-06 	-5.87566e-14
0.168825 	155.864 	3.95425e-06 	-5.87566e-14
0.169079 	156.038 	3.95425e-06 	-5.87566e-14
0.169333 	156.211 	3.91594e-06 	-4.29773e-17
0.169588 	156.37 	4.2104e-06 	-5.70968e-14
0.169842 	156.529 	4.2104e-06 	-5.70968e-14
0.170096 	156.688 	4.2104e-06 	-5.70968e-14
0.17035 	156.847 	4.2104e-06 	-5.70968e-14
0.170605 	157.006 	4.2104e-06 	-5.70968e-14
0.170859 	157.165 	4.2104e-06 	-5.70968e-14
0.171113 	157.324 	4.2104e-06 	-5.70968e-14
0.171367 	157.483 	4.2104e-06 	-5.70968e-14
0.171622 	157.642 	4.2104e-06 	-5.70968e-14
0.171876 	157.801 	4.2104e-06 	-5.70968e-14
0.17213 	157.96 	4.2104e-06 	-5.70968e-14
0.172384 	158.119 	4.2104e-06 	-5.70968e-14
0.172639 	158.278 	4.2104e-06 	-5.70968e-14
0.172893 	158.437 	4.2104e-06 	-5.70968e-14
0.173147 	158.596 	4.2104e-06 	-5.70968e-14
0.173401 	158.755 	4.2104e-06 	-5.70968e-14
0.173656 	158.914 	4.2104e-06 	-5.70968e-14
0.17391 	159.073 	4.2104e-06 	-5.70968e-14
0.174164 	159.232 	4.2104e-06 	-5.70968e-14
0.174418 	159.384 	4.40591e-06 	-5.54302e-14
0.174673 	159.528 	4.40591e-06 	-5.54302e-14
0.174927 	159.672 	4.40591e-06 	-5.54302e-14
0.175181 	159.816 	4.40591e-06 	-5.54302e-14
0.175435 	159.959 	4.40591e-06 	-5.54302e-14
0.17569 	160.103 	4.40591e-06 	-5.54302e-14
0.175944 	160.247 	4.40591e-06 	-5.54302e-14
0.176198 	160.39 	4.40591e-06 	-5.54302e-14
0.176452 	160.534 	4.40591e-06 	-5.54302e-14
0.176707 	160.678 	4.40591e-06 	-5.54302e-14
0.176961 	160.822 	4.40591e-06 	-5.54302e-14
0.177215 	160.965 	4.40591e-06 	-5.54302e-14
0.177469 	161.109 	4.40591e-06 	-5.54302e-14
0.177724 	161.253 	4.40591e-06 	-5.54302e-14
0.177978 	161.396 	4.40591e-06 	-5.54302e-14
0.178232 	161.54 	4.40591e-06 	-5.54302e-14
0.178486 	161.684 	4.40591e-06 	-5.54302e-14
0.178741 	161.828 	4.40591e-06 	-5.54302e-14
0.178995 	161.971 	4.40591e-06 	-5.54302e-14
0.179249 	162.115 	4.40591e-06 	-5.54302e-14
0.179504 	162.246 	4.52524e-06 	-5.37803e-14
0.179758 	162.374 	4.52524e-06 	-5.37803e-14
0.180012 	162.502 	4.52524e-06 	-5.37803e-14
0.180266 	162.629 	4.52524e-06 	-5.37802e-14
0.180521 	162.757 	4.52524e-06 	-5.37802e-14
0.180775 	162.885 	4.52524e-06 	-5.37802e-14
0.181029 	163.013 	4.52524e-06 	-5.37802e-14
0.181283 	163.141 	4.52524e-06 	-5.37802e-14
0.181538 	163.269 	4.52524e-06 	-5.37802e-14
0.181792 	163.397 	4.52524e-06 	-5.37802e-14
0.182046 	163.525 	4.52524e-06 	-5.37802e-14
0.1823 	163.653 	4.52524e-06 	-5.37802e-14
0.182555 	163.781 	4.52524e-06 	-5.37802e-14
0.182809 	163.909 	4.52524e-06 	-5.37802e-14
0.183063 	164.037 	4.52524e-06 	-5.37802e-14
0.183317 	164.165 	4.52524e-06 	-5.37802e-14
0.183572 	164.293 	4.52524e-06 	-5.37802e-14
0.183826 	164.42 	4.52524e-06 	-5.37802e-14
0.18408 	164.548 	4.52524e-06 	-5.37802e-14
0.184334 	164.672 	4.54708e-06 	-5.1821e-14
0.184589 	164.784 	4.54708e-06 	-5.1821e-14
0.184843 	164.896 	4.54708e-06 	-5.1821e-14
0.185097 	165.008 	4.54708e-06 	-5.1821e-14
0.185351 	165.12 	4.54708e-06 	-5.1821e-14
0.185606 	165.231 	4.54708e-06 	-5.1821e-14
0.18586 	165.343 	4.54708e-06 	-5.1821e-14
0.186114 	165.455 	4.54708e-06 	-5.1821e-14
0.186368 	165.567 	4.54708e-06 	-5.1821e-14
0.186623 	165.678 	4.54708e-06 	-5.1821e-14
0.186877 	165.79 	4.54708e-06 	-5.1821e-14
0.187131 	165.902 	4.54708e-06 	-5.1821e-14
0.187385 	166.014 	4.54708e-06 	-5.1821e-14
0.18764 	166.125 	4.54708e-06 	-5.1821e-14
0.187894 	166.237 	4.54708e-06 	-5.1821e-14
0.188148 	166.349 	4.54708e-06 	-5.1821e-14
0.188402 	166.461 	4.54708e-06 	-5.1821e-14
0.188657 	166.572 	4.54708e-06 	-5.1821e-14
0.188911 	166.684 	4.54708e-06 	-5.1821e-14
0.189165 	166.796 	4.54708e-06 	-5.1821e-14
0.189419 	166.897 	4.5503e-06 	-5.05968e-14
0.189674 	166.993 	4.5503e-06 	-5.05968e-14
0.189928 	167.088 	4.5503e-06 	-5.05968e-14
0.190182 	167.183 	4.5503e-06 	-5.05968e-14
0.190436 	167.279 	4.5503e-06 	-5.05968e-14
0.190691 	167.374 	4.5503e-06 	-5.05968e-14
0.190945 	167.47 	4.5503e-06 	-5.05968e-14
0.191199 	167.565 	4.5503e-06 	-5.05968e-14
0.191453 	167.661 	4.5503e-06 	-5.05968e-14
0.191708 	167.756 	4.5503e-06 	-5.05968e-14
0.191962 	167.852 	4.5503e-06 	-5.05968e-14
0.192216 	167.947 	4.5503e-06 	-5.05968e-14
0.19247 	168.042 	4.5503e-06 	-5.05968e-14
0.192725 	168.138 	4.5503e-06 	-5.05968e-14
0.192979 	168.233 	4.5503e-06 	-5.05968e-14
0.193233 	168.329 	4.5503e-06 	-5.05968e-14
0.193487 	168.424 	4.5503e-06 	-5.05968e-14
0.193742 	168.52 	4.5503e-06 	-5.05968e-14
0.193996 	168.615 	4.5503e-06 	-5.05968e-14
0.19425 	168.71 	4.4785e-06 	-4.94436e-14
0.194505 	168.789 	4.4785e-06 	-4.94436e-14
0.194759 	168.868 	4.4785e-06 	-4.94436e-14
0.195013 	168.948 	4.4785e-06 	-4.94436e-14
0.195267 	169.027 	4.4785e-06 	-4.94436e-14
0.195522 	169.106 	4.4785e-06 	-4.94436e-14
0.195776 	169.185 	4.4785e-06 	-4.94436e-14
0.19603 	169.265 	4.4785e-06 	-4.94436e-14
0.196284 	169.344 	4.4785e-06 	-4.94436e-14
0.196539 	169.423 	4.4785e-06 	-4.94436e-14
0.196793 	169.503 	4.4785e-06 	-4.94436e-14
0.197047 	169.582 	4.4785e-06 	-4.94436e-14
0.197301 	169.661 	4.4785e-06 	-4.94436e-14
0.197556 	169.741 	4.4785e-06 	-4.94436e-14
0.19781 	169.82 	4.4785e-06 	-4.94436e-14
0.198064 	169.899 	4.4785e-06 	-4.94436e-14
0.198318 	169.978 	4.4785e-06 	-4.94436e-14
0.198573 	170.058 	4.4785e-06 	-4.94436e-14
0.198827 	170.137 	4.4785e-06 	-4.94436e-14
0.199081 	170.216 	4.4785e-06 	-4.94436e-14
0.199335 	170.288 	4.33024e-06 	-4.80525e-14
0.19959 	170.352 	4.33024e-06 	-4.80525e-14
0.199844 	170.416 	4.33024e-06 	-4.80525e-14
0.200098 	170.48 	4.33024e-06 	-4.80525e-14
0.200352 	170.543 	4.33024e-06 	-4.80525e-14
0.200607 	170.607 	4.33024e-06 	-4.80525e-14
0.200861 	170.671 	4.33024e-06 	-4.80525e-14
0.201115 	170.734 	4.33024e-06 	-4.80525e-14
0.201369 	170.798 	4.33024e-06 	-4.80525e-14
0.201624 	170.862 	4.33024e-06 	-4.80525e-14
0.201878 	170.926 	4.33024e-06 	-4.80525e-14
0.202132 	170.989 	4.33024e-06 	-4.80525e-14
0.202386 	171.053 	4.33024e-06 	-4.80525e-14
0.202641 	171.117 	4.33024e-06 	-4.80525e-14
0.202895 	171.18 	4.33024e-06 	-4.80525e-14
0.203149 	171.244 	4.33024e-06 	-4.80525e-14
0.203403 	171.308 	4.33024e-06 	-4.80525e-14
0.203658 	171.372 	4.33024e-06 	-4.80525e-14
0.203912 	171.435 	4.33024e-06 	-4.80525e-14
0.204166 	171.499 	4.33024e-06 	-4.80525e-14
0.20442 	171.55 	4.11433e-06 	-4.7061e-14
0.204675 	171.599 	4.11433e-06 	-4.7061e-14
0.204929 	171.648 	4.11433e-06 	-4.7061e-14
0.205183 	171.697 	4.11433e-06 	-4.7061e-14
0.205437 	171.747 	4.11433e-06 	-4.7061e-14
0.205692 	171.796 	4.11433e-06 	-4.7061e-14
0.205946 	171.845 	4.11433e-06 	-4.7061e-14
0.2062 	171.894 	4.11433e-06 	-4.7061e-14
0.206454 	171.943 	4.11433e-06 	-4.7061e-14
0.206709 	171.992 	4.11433e-06 	-4.7061e-14
0.206963 	172.042 	4.11433e-06 	-4.7061e-14
0.207217 	172.091 	4.11433e-06 	-4.7061e-14
0.207471 	172.14 	4.11433e-06 	-4.7061e-14
0.207726 	172.189 	4.11433e-06 	-4.7061e-14
0.20798 	172.238 	4.11433e-06 	-4.7061e-14
0.208234 	172.287 	4.11433e-06 	-4.7061e-14
0.208488 	172.336 	4.11433e-06 	-4.7061e-14
0.208743 	172.386 	4.11433e-06 	-4.7061e-14
0.208997 	172.435 	4.11433e-06 	-4.7061e-14
0.209251 	172.48 	3.84089e-06 	-4.58645e-14
0.209506 	172.516 	3.84089e-06 	-4.58645e-14
0.20976 	172.552 	3.84089e-06 	-4.58645e-14
0.210014 	172.588 	3.84089e-06 	-4.58645e-14
0.210268 	172.624 	3.84089e-06 	-4.58645e-14
0.210523 	172.66 	3.84089e-06 	-4.58645e-14
0.210777 	172.697 	3.84089e-06 	-4.58645e-14
0.211031 	172.733 	3.84089e-06 	-4.58645e-14
0.211285 	172.769 	3.84089e-06 	-4.58645e-14
0.21154 	172.805 	3.84089e-06 	-4.58645e-14
0.211794 	172.841 	3.84089e-06 	-4.58645e-14
0.212048 	172.877 	3.84089e-06 	-4.58645e-14
0.212302 	172.913 	3.84089e-06 	-4.58645e-14
0.212557 	172.949 	3.84089e-06 	-4.58645e-14
0.212811 	172.985 	3.84089e-06 	-4.58645e-14
0.213065 	173.021 	3.84089e-06 	-4.58645e-14
0.213319 	173.057 	3.84089e-06 	-4.58645e-14
0.213574 	173.093 	3.84089e-06 	-4.58645e-14
0.213828 	173.129 	3.84089e-06 	-4.58645e-14
0.214082 	173.165 	3.84089e-06 	-4.58645e-14
0.214336 	173.194 	3.52053e-06 	-4.50791e-14
0.214591 	173.218 	3.52053e-06 	-4.50791e-14
0.214845 	173.243 	3.52053e-06 	-4.50791e-14
0.215099 	173.268 	3.52053e-06 	-4.50791e-14
0.215353 	173.293 	3.52053e-06 	-4.50791e-14
0.215608 	173.318 	3.52053e-06 	-4.50791e-14
0.215862 	173.343 	3.52053e-06 	-4.50791e-14
0.216116 	173.367 	3.52053e-06 	-4.50791e-14
0.21637 	173.392 	3.52053e-06 	-4.50791e-14
0.216625 	173.417 	3.52053e-06 	-4.50791e-14
0.216879 	173.442 	3.52053e-06 	-4.50791e-14
0.217133 	173.467 	3.52053e-06 	-4.50791e-14
0.217387 	173.492 	3.52053e-06 	-4.50791e-14
0.217642 	173.516 	3.52053e-06 	-4.50791e-14
0.217896 	173.541 	3.52053e-06 	-4.50791e-14
0.21815 	173.566 	3.52053e-06 	-4.50791e-14
0.218404 	173.591 	3.52053e-06 	-4.50791e-14
0.218659 	173.616 	3.52053e-06 	-4.50791e-14
0.218913 	173.641 	3.52053e-06 	-4.50791e-14
0.219167 	173.664 	3.16394e-06 	-4.41005e-14
0.219421 	173.68 	3.16394e-06 	-4.41005e-14
0.219676 	173.696 	3.16394e-06 	-4.41005e-14
0.21993 	173.712 	3.16394e-06 	-4.41005e-14
0.220184 	173.727 	3.16394e-06 	-4.41005e-14
0.220438 	173.743 	3.16394e-06 	-4.41005e-14
0.220693 	173.759 	3.16394e-06 	-4.41005e-14
0.220947 	173.775 	3.16394e-06 	-4.41005e-14
0.221201 	173.79 	3.16394e-06 	-4.41005e-14
0.221455 	173.806 	3.16394e-06 	-4.41005e-14
0.22171 	173.822 	3.16394e-06 	-4.41005e-14
0.221964 	173.838 	3.16394e-06 	-4.41005e-14
0.222218 	173.854 	3.16394e-06 	-4.41005e-14
0.222472 	173.869 	3.16394e-06 	-4.41005e-14
0.222727 	173.885 	3.16394e-06 	-4.41005e-14
0.222981 	173.901 	3.16394e-06 	-4.41005e-14
0.223235 	173.917 	3.16394e-06 	-4.41005e-14
0.223489 	173.932 	3.16394e-06 	-4.41005e-14
0.223744 	173.948 	3.16394e-06 	-4.41005e-14
0.223998 	173.964 	3.16394e-06 	-4.41005e-14
0.224252 	173.976 	2.78143e-06 	-4.29682e-14
0.224507 	173.985 	2.78143e-06 	-4.29682e-14
0.224761 	173.994 	2.78143e-06 	-4.29682e-14
0.225015 	174.003 	2.78143e-06 	-4.29682e-14
0.225269 	174.011 	2.78143e-06 	-4.29682e-14
0.225524 	174.02 	2.78143e-06 	-4.29682e-14
0.225778 	174.029 	2.78143e-06 	-4.29682e-14
0.226032 	174.038 	2.78143e-06 	-4.29682e-14
0.226286 	174.047 	2.78143e-06 	-4.29682e-14
0.226541 	174.056 	2.78143e-06 	-4.29682e-14
0.226795 	174.065 	2.78143e-06 	-4.29682e-14
0.227049 	174.074 	2.78143e-06 	-4.29682e-14
0.227303 	174.083 	2.78143e-06 	-4.29682e-14
0.227558 	174.091 	2.78143e-06 	-4.29682e-14
0.227812 	174.1 	2.78143e-06 	-4.29682e-14
0.228066 	174.109 	2.78143e-06 	-4.29682e-14
0.22832 	174.118 	2.78143e-06 	-4.29682e-14
0.228575 	174.127 	2.78143e-06 	-4.29682e-14
0.228829 	174.136 	2.78143e-06 	-4.29682e-14
0.229083 	174.145 	2.78143e-06 	-4.29682e-14
0.229337 	174.149 	2.38229e-06 	-4.25042e-14
0.229592 	174.153 	2.38229e-06 	-4.25042e-14
0.229846 	174.157 	2.38229e-06 	-4.25042e-14
0.2301 	174.161 	2.38229e-06 	-4.25042e-14
0.230354 	174.166 	2.38229e-06 	-4.25042e-14
0.230609 	174.17 	2.38229e-06 	-4.25042e-14
0.230863 	174.174 	2.38229e-06 	-4.25042e-14
0.231117 	174.178 	2.38229e-06 	-4.25042e-14
0.231371 	174.182 	2.38229e-06 	-4.25042e-14
0.231626 	174.186 	2.38229e-06 	-4.25042e-14
0.23188 	174.19 	2.38229e-06 	-4.25042e-14
0.232134 	174.194 	2.38229e-06 	-4.25042e-14
0.232388 	174.198 	2.38229e-06 	-4.25042e-14
0.232643 	174.202 	2.38229e-06 	-4.25042e-14
0.232897 	174.206 	2.38229e-06 	-4.25042e-14
0.233151 	174.211 	2.38229e-06 	-4.25042e-14
0.233405 	174.215 	2.38229e-06 	-4.25042e-14
0.23366 	174.219 	2.38229e-06 	-4.25042e-14
0.233914 	174.223 	2.38229e-06 	-4.25042e-14
0.234168 	174.226 	1.97412e-06 	-4.18972e-14
0.234422 	174.227 	1.97412e-06 	-4.18972e-14
0.234677 	174.228 	1.97412e-06 	-4.18972e-14
0.234931 	174.229 	1.97412e-06 	-4.18972e-14
0.235185 	174.23 	1.97412e-06 	-4.18972e-14
0.235439 	174.231 	1.97412e-06 	-4.18972e-14
0.235694 	174.232 	1.97412e-06 	-4.18972e-14
0.235948 	174.233 	1.97412e-06 	-4.18972e-14
0.236202 	174.234 	1.97412e-06 	-4.18972e-14
0.236456 	174.236 	1.97412e-06 	-4.18972e-14
0.236711 	174.237 	1.97412e-06 	-4.18972e-14
0.236965 	174.238 	1.97412e-06 	-4.18972e-14
0.237219 	174.239 	1.97412e-06 	-4.18972e-14
0.237473 	174.24 	1.97412e-06 	-4.18972e-14
0.237728 	174.241 	1.97412e-06 	-4.18972e-14
0.237982 	174.242 	1.97412e-06 	-4.18972e-14
0.238236 	174.243 	1.97412e-06 	-4.18972e-14
0.23849 	174.244 	1.97412e-06 	-4.18972e-14
0.238745 	174.245 	1.97412e-06 	-4.18972e-14
0.238999 	174.246 	1.97412e-06 	-4.18972e-14
0.239253 	174.245 	1.56232e-06 	-4.16483e-14
0.239508 	174.244 	1.56232e-06 	-4.16483e-14
0.239762 	174.242 	1.56232e-06 	-4.16483e-14
0.240016 	174.24 	1.56232e-06 	-4.16483e-14
0.24027 	174.239 	1.56232e-06 	-4.16483e-14
0.240525 	174.237 	1.56232e-06 	-4.16483e-14
0.240779 	174.236 	1.56232e-06 	-4.16483e-14
0.241033 	174.234 	1.56232e-06 	-4.16483e-14
0.241287 	174.232 	1.56232e-06 	-4.16483e-14
0.241542 	174.231 	1.56232e-06 	-4.16483e-14
0.241796 	174.229 	1.56232e-06 	-4.16483e-14
0.24205 	174.228 	1.56232e-06 	-4.16483e-14
0.242304 	174.226 	1.56232e-06 	-4.16483e-14
0.242559 	174.224 	1.56232e-06 	-4.16483e-14
0.242813 	174.223 	1.56232e-06 	-4.16483e-14
0.243067 	174.221 	1.56232e-06 	-4.16483e-14
0.243321 	174.22 	1.56232e-06 	-4.16483e-14
0.243576 	174.218 	1.56232e-06 	-4.16483e-14
0.24383 	174.216 	1.56232e-06 	-4.16483e-14
0.244084 	174.226 	1.14762e-06 	-4.10127e-14
0.244338 	174.286 	1.14762e-06 	-4.10127e-14
0.244593 	174.347 	1.14762e-06 	-4.10127e-14
0.244847 	174.407 	1.14762e-06 	-4.10127e-14
0.245101 	174.467 	1.14762e-06 	-4.10127e-14
0.245355 	174.528 	1.14762e-06 	-4.10127e-14
0.24561 	174.588 	1.14762e-06 	-4.10127e-14
0.245864 	174.648 	1.14762e-06 	-4.10127e-14
0.246118 	174.709 	1.14762e-06 	-4.10127e-14
0.246372 	174.769 	1.14762e-06 	-4.10127e-14
0.246627 	174.83 	1.14762e-06 	-4.10127e-14
0.246881 	174.89 	1.14762e-06 	-4.10127e-14
0.247135 	174.95 	1.14762e-06 	-4.10127e-14
0.247389 	175.011 	1.14762e-06 	-4.10127e-14
0.247644 	175.071 	1.14762e-06 	-4.10127e-14
0.247898 	175.131 	1.14762e-06 	-4.10127e-14
0.248152 	175.192 	1.14762e-06 	-4.10127e-14
0.248406 	175.252 	1.14762e-06 	-4.10127e-14
0.248661 	175.313 	1.14762e-06 	-4.10127e-14
0.248915 	175.373 	1.14762e-06 	-4.10127e-14
0.249169 	175.434 	7.20502e-07 	-4.10272e-14
0.249423 	175.496 	7.20502e-07 	-4.10272e-14
0.249678 	175.558 	7.20502e-07 	-4.10272e-14
0.249932 	175.62 	7.20502e-07 	-4.10272e-14
0.250186 	175.682 	7.20502e-07 	-4.10272e-14
0.25044 	175.744 	7.20502e-07 	-4.10272e-14
0.250695 	175.806 	7.20502e-07 	-4.10272e-14
0.250949 	175.868 	7.20502e-07 	-4.10272e-14
0.251203 	175.93 	7.20502e-07 	-4.10272e-14
0.251457 	175.992 	7.20502e-07 	-4.10272e-14
0.251712 	176.054 	7.20502e-07 	-4.10272e-14
0.251966 	176.116 	7.20502e-07 	-4.10272e-14
0.25222 	176.178 	7.20502e-07 	-4.10272e-14
0.252474 	176.24 	7.20502e-07 	-4.10272e-14
0.252729 	176.302 	7.20502e-07 	-4.10272e-14
0.252983 	176.364 	7.20502e-07 	-4.10272e-14
0.253237 	176.426 	7.20502e-07 	-4.10272e-14
0.253491 	176.488 	7.20502e-07 	-4.10272e-14
0.253746 	176.55 	7.20502e-07 	-4.10272e-14
0.254 	176.612 	4.24751e-07 	-5.10045e-19
