0 	34.1011 	-0.00349518 	6.67281e-11
0.000254254 	34.1047 	-2.78041e-07 	9.65841e-12
0.000508509 	34.1083 	-2.78041e-07 	9.65841e-12
0.000762763 	34.1119 	-2.78041e-07 	9.65841e-12
0.00101702 	34.1155 	-2.78041e-07 	9.65841e-12
0.00127127 	34.1192 	-3.60051e-07 	9.80547e-12
0.00152553 	34.1298 	-3.60051e-07 	9.80547e-12
0.00177978 	34.1404 	-3.60051e-07 	9.80547e-12
0.00203403 	34.151 	-3.60051e-07 	9.80547e-12
0.00228829 	34.1616 	-3.60051e-07 	9.80547e-12
0.00254254 	34.1722 	-2.01193e-07 	9.52123e-12
0.0027968 	34.1932 	-2.01193e-07 	9.52123e-12
0.00305105 	34.2142 	-2.01193e-07 	9.52123e-12
0.00330531 	34.2352 	-2.01193e-07 	9.52123e-12
0.00355956 	34.2561 	-2.01193e-07 	9.52123e-12
0.00381381 	34.2771 	-3.84795e-07 	9.81117e-12
0.00406807 	34.2982 	-3.84795e-07 	9.81117e-12
0.00432232 	34.3192 	-3.84795e-07 	9.81117e-12
0.00457658 	34.3402 	-3.84795e-07 	9.81117e-12
0.00483083 	34.3613 	-3.84795e-07 	9.81117e-12
0.00508509 	34.3823 	-2.12075e-07 	9.53882e-12
0.00533934 	34.4034 	-2.12075e-07 	9.53882e-12
0.00559359 	34.4244 	-2.12075e-07 	9.53882e-12
0.00584785 	34.4454 	-2.12075e-07 	9.53882e-12
0.0061021 	34.4665 	-2.12075e-07 	9.53882e-12
0.00635636 	34.4875 	-3.94782e-07 	9.8351e-12
0.00661061 	34.5085 	-3.94782e-07 	9.8351e-12
0.00686486 	34.5296 	-3.94782e-07 	9.8351e-12
0.00711912 	34.5506 	-3.94782e-07 	9.8351e-12
0.00737337 	34.5716 	-3.94782e-07 	9.8351e-12
0.00762763 	34.5926 	-2.33581e-07 	9.56574e-12
0.00788188 	34.6136 	-2.33581e-07 	9.56574e-12
0.00813614 	34.6346 	-2.33581e-07 	9.56574e-12
0.00839039 	34.6556 	-2.33581e-07 	9.56574e-12
0.00864464 	34.6766 	-2.33581e-07 	9.56574e-12
0.0088989 	34.6976 	-4.41764e-07 	9.87045e-12
0.00915315 	34.7188 	-4.41764e-07 	9.87045e-12
0.00940741 	34.7399 	-4.41764e-07 	9.87045e-12
0.00966166 	34.7611 	-4.41764e-07 	9.87045e-12
0.00991592 	34.7823 	-4.41764e-07 	9.87045e-12
0.0101702 	34.8035 	-3.08468e-07 	9.60439e-12
0.0104244 	34.8251 	-3.08468e-07 	9.60439e-12
0.0106787 	34.8468 	-3.08468e-07 	9.60439e-12
0.0109329 	34.8684 	-3.08468e-07 	9.60439e-12
0.0111872 	34.8901 	-3.08468e-07 	9.60439e-12
0.0114414 	34.9118 	-5.37236e-07 	9.9189e-12
0.0116957 	34.9341 	-5.37236e-07 	9.9189e-12
0.0119499 	34.9564 	-5.37236e-07 	9.9189e-12
0.0122042 	34.9788 	-5.37236e-07 	9.9189e-12
0.0124585 	35.0011 	-5.37236e-07 	9.9189e-12
0.0127127 	35.0235 	-4.08809e-07 	9.65984e-12
0.012967 	35.0473 	-4.08809e-07 	9.65984e-12
0.0132212 	35.0712 	-4.08809e-07 	9.65984e-12
0.0134755 	35.0951 	-4.08809e-07 	9.65984e-12
0.0137297 	35.1189 	-4.08809e-07 	9.65984e-12
0.013984 	35.1428 	-6.33029e-07 	9.98389e-12
0.0142382 	35.168 	-6.33029e-07 	9.98389e-12
0.0144925 	35.1931 	-6.33029e-07 	9.98389e-12
0.0147467 	35.2183 	-6.33029e-07 	9.98389e-12
0.015001 	35.2434 	-6.33029e-07 	9.98389e-12
0.0152553 	35.2687 	-4.98381e-07 	9.72996e-12
0.0155095 	35.2966 	-4.98381e-07 	9.72996e-12
0.0157638 	35.3245 	-4.98381e-07 	9.72996e-12
0.016018 	35.3524 	-4.98381e-07 	9.72996e-12
0.0162723 	35.3803 	-4.98381e-07 	9.72996e-12
0.0165265 	35.4083 	-7.11361e-07 	1.0063e-11
0.0167808 	35.4378 	-7.11361e-07 	1.0063e-11
0.017035 	35.4673 	-7.11361e-07 	1.0063e-11
0.0172893 	35.4969 	-7.11361e-07 	1.0063e-11
0.0175435 	35.5264 	-7.11361e-07 	1.0063e-11
0.0177978 	35.5562 	-5.76577e-07 	9.81292e-12
0.0180521 	35.5891 	-5.76577e-07 	9.81292e-12
0.0183063 	35.622 	-5.76577e-07 	9.81292e-12
0.0185606 	35.6549 	-5.76577e-07 	9.81292e-12
0.0188148 	35.6878 	-5.76577e-07 	9.81292e-12
0.0190691 	35.7209 	-7.89225e-07 	1.01569e-11
0.0193233 	35.7555 	-7.89225e-07 	1.01569e-11
0.0195776 	35.7901 	-7.89225e-07 	1.01569e-11
0.0198318 	35.8248 	-7.89225e-07 	1.01569e-11
0.0200861 	35.8594 	-7.89225e-07 	1.01569e-11
0.0203403 	35.8943 	-6.53636e-07 	9.91136e-12
0.0205946 	35.9319 	-6.53636e-07 	9.91136e-12
0.0208488 	35.9696 	-6.53636e-07 	9.91136e-12
0.0211031 	36.0073 	-6.53636e-07 	9.91136e-12
0.0213574 	36.0449 	-6.53636e-07 	9.91136e-12
0.0216116 	36.0828 	-8.70616e-07 	1.02624e-11
0.0218659 	36.1229 	-8.70616e-07 	1.02624e-11
0.0221201 	36.1631 	-8.70616e-07 	1.02624e-11
0.0223744 	36.2032 	-8.70616e-07 	1.02624e-11
0.0226286 	36.2433 	-8.70616e-07 	1.02624e-11
0.0228829 	36.2837 	-7.30306e-07 	1.00266e-11
0.0231371 	36.3264 	-7.30306e-07 	1.00266e-11
0.0233914 	36.3691 	-7.30306e-07 	1.00266e-11
0.0236456 	36.4118 	-7.30306e-07 	1.00266e-11
0.0238999 	36.4545 	-7.30306e-07 	1.00266e-11
0.0241542 	36.4974 	-9.55416e-07 	1.03831e-11
0.0244084 	36.5426 	-9.55416e-07 	1.03831e-11
0.0246627 	36.5878 	-9.55416e-07 	1.03831e-11
0.0249169 	36.633 	-9.55416e-07 	1.03831e-11
0.0251712 	36.6782 	-9.55416e-07 	1.03831e-11
0.0254254 	36.7237 	-8.20264e-07 	1.01565e-11
0.0256797 	36.7714 	-8.20264e-07 	1.01565e-11
0.0259339 	36.8191 	-8.20264e-07 	1.01565e-11
0.0261882 	36.8668 	-8.20264e-07 	1.01565e-11
0.0264424 	36.9146 	-8.20264e-07 	1.01565e-11
0.0266967 	36.9625 	-1.04371e-06 	1.05168e-11
0.026951 	37.0128 	-1.04371e-06 	1.05168e-11
0.0272052 	37.063 	-1.04371e-06 	1.05168e-11
0.0274595 	37.1132 	-1.04371e-06 	1.05168e-11
0.0277137 	37.1635 	-1.04371e-06 	1.05168e-11
0.027968 	37.214 	-9.20492e-07 	1.03038e-11
0.0282222 	37.2668 	-9.20492e-07 	1.03038e-11
0.0284765 	37.3195 	-9.20492e-07 	1.03038e-11
0.0287307 	37.3723 	-9.20492e-07 	1.03038e-11
0.028985 	37.4251 	-9.20492e-07 	1.03038e-11
0.0292392 	37.4782 	-1.14089e-06 	1.06645e-11
0.0294935 	37.5336 	-1.14089e-06 	1.06645e-11
0.0297477 	37.589 	-1.14089e-06 	1.06645e-11
0.030002 	37.6444 	-1.14089e-06 	1.06645e-11
0.0302563 	37.6998 	-1.14089e-06 	1.06645e-11
0.0305105 	37.7556 	-1.02533e-06 	1.047e-11
0.0307648 	37.8136 	-1.02533e-06 	1.047e-11
0.031019 	37.8716 	-1.02533e-06 	1.047e-11
0.0312733 	37.9296 	-1.02533e-06 	1.047e-11
0.0315275 	37.9876 	-1.02533e-06 	1.047e-11
0.0317818 	38.046 	-1.25526e-06 	1.08279e-11
0.032036 	38.1067 	-1.25526e-06 	1.08279e-11
0.0322903 	38.1674 	-1.25526e-06 	1.08279e-11
0.0325445 	38.2281 	-1.25526e-06 	1.08279e-11
0.0327988 	38.2888 	-1.25526e-06 	1.08279e-11
0.0330531 	38.3499 	-1.13546e-06 	1.06543e-11
0.0333073 	38.4132 	-1.13546e-06 	1.06543e-11
0.0335616 	38.4766 	-1.13546e-06 	1.06543e-11
0.0338158 	38.54 	-1.13546e-06 	1.06543e-11
0.0340701 	38.6034 	-1.13546e-06 	1.06543e-11
0.0343243 	38.6672 	-1.3752e-06 	1.10096e-11
0.0345786 	38.7334 	-1.3752e-06 	1.10096e-11
0.0348328 	38.7996 	-1.3752e-06 	1.10096e-11
0.0350871 	38.8657 	-1.3752e-06 	1.10096e-11
0.0353413 	38.9319 	-1.3752e-06 	1.10096e-11
0.0355956 	38.9985 	-1.25069e-06 	1.08561e-11
0.0358498 	39.0675 	-1.25069e-06 	1.08561e-11
0.0361041 	39.1365 	-1.25069e-06 	1.08561e-11
0.0363584 	39.2056 	-1.25069e-06 	1.08561e-11
0.0366126 	39.2746 	-1.25069e-06 	1.08561e-11
0.0368669 	39.344 	-1.48997e-06 	1.12101e-11
0.0371211 	39.416 	-1.48997e-06 	1.12101e-11
0.0373754 	39.488 	-1.48997e-06 	1.12101e-11
0.0376296 	39.5599 	-1.48997e-06 	1.12101e-11
0.0378839 	39.6319 	-1.48997e-06 	1.12101e-11
0.0381381 	39.7043 	-1.36688e-06 	1.10755e-11
0.0383924 	39.7793 	-1.36688e-06 	1.10755e-11
0.0386466 	39.8542 	-1.36688e-06 	1.10755e-11
0.0389009 	39.9292 	-1.36688e-06 	1.10755e-11
0.0391552 	40.0041 	-1.36688e-06 	1.10755e-11
0.0394094 	40.0796 	-1.60002e-06 	1.143e-11
0.0396637 	40.1577 	-1.60002e-06 	1.143e-11
0.0399179 	40.2357 	-1.60002e-06 	1.143e-11
0.0401722 	40.3138 	-1.60002e-06 	1.143e-11
0.0404264 	40.3919 	-1.60002e-06 	1.143e-11
0.0406807 	40.4705 	-1.48162e-06 	1.13144e-11
0.0409349 	40.5517 	-1.48162e-06 	1.13144e-11
0.0411892 	40.633 	-1.48162e-06 	1.13144e-11
0.0414434 	40.7142 	-1.48162e-06 	1.13144e-11
0.0416977 	40.7954 	-1.48162e-06 	1.13144e-11
0.041952 	40.8772 	-1.71672e-06 	1.167e-11
0.0422062 	40.9617 	-1.71672e-06 	1.167e-11
0.0424605 	41.0463 	-1.71672e-06 	1.167e-11
0.0427147 	41.1308 	-1.71672e-06 	1.167e-11
0.042969 	41.2154 	-1.71672e-06 	1.167e-11
0.0432232 	41.3005 	-1.59412e-06 	1.15715e-11
0.0434775 	41.3884 	-1.59412e-06 	1.15715e-11
0.0437317 	41.4763 	-1.59412e-06 	1.15715e-11
0.043986 	41.5642 	-1.59412e-06 	1.15715e-11
0.0442402 	41.6521 	-1.59412e-06 	1.15715e-11
0.0444945 	41.7406 	-1.83899e-06 	1.19319e-11
0.0447487 	41.8319 	-1.83899e-06 	1.19319e-11
0.045003 	41.9233 	-1.83899e-06 	1.19319e-11
0.0452573 	42.0146 	-1.83899e-06 	1.19319e-11
0.0455115 	42.106 	-1.83899e-06 	1.19319e-11
0.0457658 	42.198 	-1.70436e-06 	1.18476e-11
0.04602 	42.2929 	-1.70436e-06 	1.18476e-11
0.0462743 	42.3878 	-1.70436e-06 	1.18476e-11
0.0465285 	42.4827 	-1.70436e-06 	1.18476e-11
0.0467828 	42.5776 	-1.70436e-06 	1.18476e-11
0.047037 	42.6732 	-1.95759e-06 	1.22156e-11
0.0472913 	42.7717 	-1.95759e-06 	1.22156e-11
0.0475455 	42.8702 	-1.95759e-06 	1.22156e-11
0.0477998 	42.9687 	-1.95759e-06 	1.22156e-11
0.0480541 	43.0672 	-1.95759e-06 	1.22156e-11
0.0483083 	43.1665 	-1.81939e-06 	1.21443e-11
0.0485626 	43.2687 	-1.81939e-06 	1.21443e-11
0.0488168 	43.3709 	-1.81939e-06 	1.21443e-11
0.0490711 	43.4731 	-1.81939e-06 	1.21443e-11
0.0493253 	43.5754 	-1.81939e-06 	1.21443e-11
0.0495796 	43.6783 	-2.07294e-06 	1.25203e-11
0.0498338 	43.7843 	-2.07294e-06 	1.25203e-11
0.0500881 	43.8904 	-2.07294e-06 	1.25203e-11
0.0503423 	43.9964 	-2.07294e-06 	1.25203e-11
0.0505966 	44.1024 	-2.07294e-06 	1.25203e-11
0.0508509 	44.2092 	-1.93855e-06 	1.24639e-11
0.0511051 	44.319 	-1.93855e-06 	1.24639e-11
0.0513594 	44.4289 	-1.93855e-06 	1.24639e-11
0.0516136 	44.5387 	-1.93855e-06 	1.24639e-11
0.0518679 	44.6485 	-1.93855e-06 	1.24639e-11
0.0521221 	44.7592 	-2.18766e-06 	1.28441e-11
0.0523764 	44.873 	-2.18766e-06 	1.28441e-11
0.0526306 	44.9868 	-2.18766e-06 	1.28441e-11
0.0528849 	45.1006 	-2.18766e-06 	1.28441e-11
0.0531391 	45.2145 	-2.18766e-06 	1.28441e-11
0.0533934 	45.3291 	-2.05073e-06 	1.28043e-11
0.0536476 	45.4469 	-2.05073e-06 	1.28043e-11
0.0539019 	45.5647 	-2.05073e-06 	1.28043e-11
0.0541562 	45.6825 	-2.05073e-06 	1.28043e-11
0.0544104 	45.8003 	-2.05073e-06 	1.28043e-11
0.0546647 	45.919 	-2.29603e-06 	1.31852e-11
0.0549189 	46.0409 	-2.29603e-06 	1.31852e-11
0.0551732 	46.1628 	-2.29603e-06 	1.31852e-11
0.0554274 	46.2848 	-2.29603e-06 	1.31852e-11
0.0556817 	46.4067 	-2.29603e-06 	1.31852e-11
0.0559359 	46.5296 	-2.14923e-06 	1.31676e-11
0.0561902 	46.6557 	-2.14923e-06 	1.31676e-11
0.0564444 	46.7818 	-2.14923e-06 	1.31676e-11
0.0566987 	46.9079 	-2.14923e-06 	1.31676e-11
0.056953 	47.034 	-2.14923e-06 	1.31676e-11
0.0572072 	47.1611 	-2.41476e-06 	1.35485e-11
0.0574615 	47.2915 	-2.41476e-06 	1.35485e-11
0.0577157 	47.422 	-2.41476e-06 	1.35485e-11
0.05797 	47.5524 	-2.41476e-06 	1.35485e-11
0.0582242 	47.6828 	-2.41476e-06 	1.35485e-11
0.0584785 	47.8142 	-2.24984e-06 	1.35517e-11
0.0587327 	47.949 	-2.24984e-06 	1.35517e-11
0.058987 	48.0838 	-2.24984e-06 	1.35517e-11
0.0592412 	48.2185 	-2.24984e-06 	1.35517e-11
0.0594955 	48.3533 	-2.24984e-06 	1.35517e-11
0.0597497 	48.4892 	-2.53833e-06 	1.39324e-11
0.060004 	48.6284 	-2.53833e-06 	1.39324e-11
0.0602583 	48.7677 	-2.53833e-06 	1.39324e-11
0.0605125 	48.9069 	-2.53833e-06 	1.39324e-11
0.0607668 	49.0462 	-2.53833e-06 	1.39324e-11
0.061021 	49.1865 	-2.35419e-06 	1.39575e-11
0.0612753 	49.3303 	-2.35419e-06 	1.39575e-11
0.0615295 	49.4741 	-2.35419e-06 	1.39575e-11
0.0617838 	49.6179 	-2.35419e-06 	1.39575e-11
0.062038 	49.7618 	-2.35419e-06 	1.39575e-11
0.0622923 	49.9067 	-2.64751e-06 	1.43378e-11
0.0625465 	50.0552 	-2.64751e-06 	1.43378e-11
0.0628008 	50.2037 	-2.64751e-06 	1.43378e-11
0.0630551 	50.3521 	-2.64751e-06 	1.43378e-11
0.0633093 	50.5006 	-2.64751e-06 	1.43378e-11
0.0635636 	50.6502 	-2.47158e-06 	1.43844e-11
0.0638178 	50.8034 	-2.47158e-06 	1.43844e-11
0.0640721 	50.9566 	-2.47158e-06 	1.43844e-11
0.0643263 	51.1098 	-2.47158e-06 	1.43844e-11
0.0645806 	51.263 	-2.47158e-06 	1.43844e-11
0.0648348 	51.4175 	-2.74113e-06 	1.47643e-11
0.0650891 	51.5755 	-2.74113e-06 	1.47643e-11
0.0653433 	51.7336 	-2.74113e-06 	1.47643e-11
0.0655976 	51.8916 	-2.74113e-06 	1.47643e-11
0.0658519 	52.0497 	-2.74113e-06 	1.47643e-11
0.0661061 	52.209 	-2.6169e-06 	1.48358e-11
0.0663604 	52.3719 	-2.6169e-06 	1.48358e-11
0.0666146 	52.5349 	-2.6169e-06 	1.48358e-11
0.0668689 	52.6978 	-2.6169e-06 	1.48358e-11
0.0671231 	52.8608 	-2.6169e-06 	1.48358e-11
0.0673774 	53.0251 	-2.88213e-06 	1.5215e-11
0.0676316 	53.193 	-2.88213e-06 	1.5215e-11
0.0678859 	53.361 	-2.88213e-06 	1.5215e-11
0.0681401 	53.529 	-2.88213e-06 	1.5215e-11
0.0683944 	53.697 	-2.88213e-06 	1.5215e-11
0.0686486 	53.8664 	-2.68925e-06 	1.531e-11
0.0689029 	54.0394 	-2.68925e-06 	1.531e-11
0.0691572 	54.2125 	-2.68925e-06 	1.531e-11
0.0694114 	54.3855 	-2.68925e-06 	1.531e-11
0.0696657 	54.5585 	-2.68925e-06 	1.531e-11
0.0699199 	54.733 	-3.00223e-06 	1.56812e-11
0.0701742 	54.9113 	-3.00223e-06 	1.56812e-11
0.0704284 	55.0897 	-3.00223e-06 	1.56812e-11
0.0706827 	55.268 	-3.00223e-06 	1.56812e-11
0.0709369 	55.4463 	-3.00223e-06 	1.56812e-11
0.0711912 	55.6261 	-2.80294e-06 	1.58091e-11
0.0714454 	55.8098 	-2.80294e-06 	1.58091e-11
0.0716997 	55.9934 	-2.80294e-06 	1.58091e-11
0.071954 	56.1771 	-2.80294e-06 	1.58091e-11
0.0722082 	56.3608 	-2.80294e-06 	1.58091e-11
0.0724625 	56.546 	-3.10439e-06 	1.61737e-11
0.0727167 	56.735 	-3.10439e-06 	1.61737e-11
0.072971 	56.9241 	-3.10439e-06 	1.61737e-11
0.0732252 	57.1132 	-3.10439e-06 	1.61737e-11
0.0734795 	57.3022 	-3.10439e-06 	1.61737e-11
0.0737337 	57.4929 	-3.01411e-06 	1.63265e-11
0.073988 	57.6876 	-3.01411e-06 	1.63265e-11
0.0742422 	57.8823 	-3.01411e-06 	1.63265e-11
0.0744965 	58.077 	-3.01411e-06 	1.63265e-11
0.0747508 	58.2717 	-3.01411e-06 	1.63265e-11
0.075005 	58.468 	-3.16265e-06 	1.66935e-11
0.0752593 	58.6682 	-3.16265e-06 	1.66935e-11
0.0755135 	58.8684 	-3.16265e-06 	1.66935e-11
0.0757678 	59.0686 	-3.16265e-06 	1.66935e-11
0.076022 	59.2688 	-3.16265e-06 	1.66935e-11
0.0762763 	59.4707 	-3.16801e-06 	1.68699e-11
0.0765305 	59.6763 	-3.16801e-06 	1.68699e-11
0.0767848 	59.882 	-3.16801e-06 	1.68699e-11
0.077039 	60.0876 	-3.16801e-06 	1.68699e-11
0.0772933 	60.2932 	-3.16801e-06 	1.68699e-11
0.0775475 	60.5008 	-3.32787e-06 	1.72341e-11
0.0778018 	60.7126 	-3.32787e-06 	1.72341e-11
0.0780561 	60.9245 	-3.32787e-06 	1.72341e-11
0.0783103 	61.1363 	-3.32787e-06 	1.72341e-11
0.0785646 	61.3482 	-3.32787e-06 	1.72341e-11
0.0788188 	61.5619 	-3.12337e-06 	1.74364e-11
0.0790731 	61.7796 	-3.12337e-06 	1.74364e-11
0.0793273 	61.9973 	-3.12337e-06 	1.74364e-11
0.0795816 	62.215 	-3.12337e-06 	1.74364e-11
0.0798358 	62.4327 	-3.12337e-06 	1.74364e-11
0.0800901 	62.652 	-3.4165e-06 	1.77853e-11
0.0803443 	62.8748 	-3.4165e-06 	1.77853e-11
0.0805986 	63.0976 	-3.4165e-06 	1.77853e-11
0.0808529 	63.3203 	-3.4165e-06 	1.77853e-11
0.0811071 	63.5431 	-3.4165e-06 	1.77853e-11
0.0813614 	63.7678 	-3.28644e-06 	1.80116e-11
0.0816156 	63.9966 	-3.28644e-06 	1.80116e-11
0.0818699 	64.2254 	-3.28644e-06 	1.80116e-11
0.0821241 	64.4542 	-3.28644e-06 	1.80116e-11
0.0823784 	64.683 	-3.28644e-06 	1.80116e-11
0.0826326 	64.9139 	-3.36927e-06 	1.83541e-11
0.0828869 	65.1491 	-3.36927e-06 	1.83541e-11
0.0831411 	65.3843 	-3.36927e-06 	1.83541e-11
0.0833954 	65.6194 	-3.36927e-06 	1.83541e-11
0.0836496 	65.8546 	-3.36927e-06 	1.83541e-11
0.0839039 	66.0916 	-3.3625e-06 	1.86009e-11
0.0841582 	66.3321 	-3.3625e-06 	1.86009e-11
0.0844124 	66.5727 	-3.3625e-06 	1.86009e-11
0.0846667 	66.8133 	-3.3625e-06 	1.86009e-11
0.0849209 	67.0538 	-3.3625e-06 	1.86009e-11
0.0851752 	67.2963 	-3.43495e-06 	1.89391e-11
0.0854294 	67.5425 	-3.43495e-06 	1.89391e-11
0.0856837 	67.7886 	-3.43495e-06 	1.89391e-11
0.0859379 	68.0348 	-3.43495e-06 	1.89391e-11
0.0861922 	68.281 	-3.43495e-06 	1.89391e-11
0.0864464 	68.5291 	-3.35038e-06 	1.91928e-11
0.0867007 	68.781 	-3.35038e-06 	1.91928e-11
0.086955 	69.0329 	-3.35038e-06 	1.91928e-11
0.0872092 	69.2848 	-3.35038e-06 	1.91928e-11
0.0874635 	69.5367 	-3.35038e-06 	1.91928e-11
0.0877177 	69.7905 	-3.51743e-06 	1.9526e-11
0.087972 	70.0479 	-3.51743e-06 	1.9526e-11
0.0882262 	70.3053 	-3.51743e-06 	1.9526e-11
0.0884805 	70.5627 	-3.51743e-06 	1.9526e-11
0.0887347 	70.8201 	-3.51743e-06 	1.9526e-11
0.088989 	71.0796 	-3.33771e-06 	1.97911e-11
0.0892432 	71.3432 	-3.33771e-06 	1.97911e-11
0.0894975 	71.6068 	-3.33771e-06 	1.97911e-11
0.0897518 	71.8704 	-3.33771e-06 	1.97911e-11
0.090006 	72.1339 	-3.33771e-06 	1.97911e-11
0.0902603 	72.3997 	-3.34472e-06 	2.01209e-11
0.0905145 	72.6692 	-3.34472e-06 	2.01209e-11
0.0907688 	72.9388 	-3.34472e-06 	2.01209e-11
0.091023 	73.2084 	-3.34472e-06 	2.01209e-11
0.0912773 	73.478 	-3.34472e-06 	2.01209e-11
0.0915315 	73.7494 	-3.24202e-06 	2.03926e-11
0.0917858 	74.024 	-3.24202e-06 	2.03926e-11
0.09204 	74.2985 	-3.24202e-06 	2.03926e-11
0.0922943 	74.5731 	-3.24202e-06 	2.03926e-11
0.0925485 	74.8477 	-3.24202e-06 	2.03926e-11
0.0928028 	75.124 	-3.39572e-06 	2.07106e-11
0.0930571 	75.4033 	-3.39572e-06 	2.07106e-11
0.0933113 	75.6826 	-3.39572e-06 	2.07106e-11
0.0935656 	75.9619 	-3.39572e-06 	2.07106e-11
0.0938198 	76.2412 	-3.39572e-06 	2.07106e-11
0.0940741 	76.5223 	-3.30182e-06 	2.09828e-11
0.0943283 	76.8066 	-3.30182e-06 	2.09828e-11
0.0945826 	77.0908 	-3.30182e-06 	2.09828e-11
0.0948368 	77.3751 	-3.30182e-06 	2.09828e-11
0.0950911 	77.6593 	-3.30182e-06 	2.09828e-11
0.0953453 	77.9453 	-3.3113e-06 	2.13006e-11
0.0955996 	78.2343 	-3.3113e-06 	2.13006e-11
0.0958539 	78.5233 	-3.3113e-06 	2.13006e-11
0.0961081 	78.8123 	-3.3113e-06 	2.13006e-11
0.0963624 	79.1013 	-3.3113e-06 	2.13006e-11
0.0966166 	79.3919 	-3.05481e-06 	2.15568e-11
0.0968709 	79.6853 	-3.05481e-06 	2.15568e-11
0.0971251 	79.9786 	-3.05481e-06 	2.15568e-11
0.0973794 	80.272 	-3.05481e-06 	2.15568e-11
0.0976336 	80.5653 	-3.05481e-06 	2.15568e-11
0.0978879 	80.8603 	-3.10459e-06 	2.18677e-11
0.0981421 	81.158 	-3.10459e-06 	2.18677e-11
0.0983964 	81.4556 	-3.10459e-06 	2.18677e-11
0.0986507 	81.7532 	-3.10459e-06 	2.18677e-11
0.0989049 	82.0508 	-3.10459e-06 	2.18677e-11
0.0991592 	82.35 	-2.83394e-06 	2.21194e-11
0.0994134 	82.6517 	-2.83394e-06 	2.21194e-11
0.0996677 	82.9534 	-2.83394e-06 	2.21194e-11
0.0999219 	83.2551 	-2.83394e-06 	2.21194e-11
0.100176 	83.5568 	-2.83394e-06 	2.21194e-11
0.10043 	83.8596 	-2.84102e-06 	2.24114e-11
0.100685 	84.164 	-2.84102e-06 	2.24114e-11
0.100939 	84.4685 	-2.84102e-06 	2.24114e-11
0.101193 	84.773 	-2.84102e-06 	2.24114e-11
0.101447 	85.0775 	-2.84102e-06 	2.24114e-11
0.101702 	85.3826 	-2.69131e-06 	2.26379e-11
0.101956 	85.6886 	-2.69131e-06 	2.26379e-11
0.10221 	85.9947 	-2.69131e-06 	2.26379e-11
0.102464 	86.3008 	-2.69131e-06 	2.26379e-11
0.102719 	86.6068 	-2.69131e-06 	2.26379e-11
0.102973 	86.9136 	-2.73986e-06 	2.29156e-11
0.103227 	87.2213 	-2.73986e-06 	2.29156e-11
0.103481 	87.5291 	-2.73986e-06 	2.29156e-11
0.103736 	87.8368 	-2.73986e-06 	2.29156e-11
0.10399 	88.1446 	-2.73986e-06 	2.29156e-11
0.104244 	88.4527 	-2.48415e-06 	2.31211e-11
0.104498 	88.7615 	-2.48415e-06 	2.31211e-11
0.104753 	89.0702 	-2.48415e-06 	2.31211e-11
0.105007 	89.379 	-2.48415e-06 	2.31211e-11
0.105261 	89.6877 	-2.48415e-06 	2.31211e-11
0.105516 	89.9963 	-2.49164e-06 	2.33846e-11
0.10577 	90.3046 	-2.49164e-06 	2.33846e-11
0.106024 	90.6128 	-2.49164e-06 	2.33846e-11
0.106278 	90.9211 	-2.49164e-06 	2.33846e-11
0.106533 	91.2294 	-2.49164e-06 	2.33846e-11
0.106787 	91.5372 	-2.08823e-06 	2.35711e-11
0.107041 	91.8444 	-2.08823e-06 	2.35711e-11
0.107295 	92.1515 	-2.08823e-06 	2.35711e-11
0.10755 	92.4587 	-2.08823e-06 	2.35711e-11
0.107804 	92.7659 	-2.08823e-06 	2.35711e-11
0.108058 	93.0722 	-2.03306e-06 	2.38066e-11
0.108312 	93.3774 	-2.03306e-06 	2.38066e-11
0.108567 	93.6826 	-2.03306e-06 	2.38066e-11
0.108821 	93.9878 	-2.03306e-06 	2.38066e-11
0.109075 	94.293 	-2.03306e-06 	2.38066e-11
0.109329 	94.5968 	-1.60274e-06 	2.39755e-11
0.109584 	94.8986 	-1.60274e-06 	2.39755e-11
0.109838 	95.2005 	-1.60274e-06 	2.39755e-11
0.110092 	95.5024 	-1.60274e-06 	2.39755e-11
0.110346 	95.8042 	-1.60274e-06 	2.39755e-11
0.110601 	96.104 	-1.63224e-06 	2.41614e-11
0.110855 	96.4011 	-1.63224e-06 	2.41614e-11
0.111109 	96.6981 	-1.63224e-06 	2.41614e-11
0.111363 	96.9952 	-1.63224e-06 	2.41614e-11
0.111618 	97.2923 	-1.63224e-06 	2.41614e-11
0.111872 	97.5865 	-1.31313e-06 	2.43157e-11
0.112126 	97.8772 	-1.31313e-06 	2.43157e-11
0.11238 	98.1679 	-1.31313e-06 	2.43157e-11
0.112635 	98.4585 	-1.31313e-06 	2.43157e-11
0.112889 	98.7492 	-1.31313e-06 	2.43157e-11
0.113143 	99.0365 	-1.36651e-06 	2.44649e-11
0.113397 	99.3194 	-1.36651e-06 	2.44649e-11
0.113652 	99.6024 	-1.36651e-06 	2.44649e-11
0.113906 	99.8853 	-1.36651e-06 	2.44649e-11
0.11416 	100.168 	-1.36651e-06 	2.44649e-11
0.114414 	100.447 	-1.17326e-06 	2.46086e-11
0.114669 	100.721 	-1.17326e-06 	2.46086e-11
0.114923 	100.995 	-1.17326e-06 	2.46086e-11
0.115177 	101.269 	-1.17326e-06 	2.46086e-11
0.115431 	101.542 	-1.17326e-06 	2.46086e-11
0.115686 	101.811 	-9.77208e-07 	2.47217e-11
0.11594 	102.074 	-9.77208e-07 	2.47217e-11
0.116194 	102.337 	-9.77208e-07 	2.47217e-11
0.116448 	102.601 	-9.77208e-07 	2.47217e-11
0.116703 	102.864 	-9.77208e-07 	2.47217e-11
0.116957 	103.121 	-5.56179e-07 	2.48208e-11
0.117211 	103.372 	-5.56179e-07 	2.48208e-11
0.117465 	103.623 	-5.56179e-07 	2.48208e-11
0.11772 	103.874 	-5.56179e-07 	2.48208e-11
0.117974 	104.125 	-5.56179e-07 	2.48208e-11
0.118228 	104.369 	-4.87491e-07 	2.48929e-11
0.118482 	104.606 	-4.87491e-07 	2.48929e-11
0.118737 	104.843 	-4.87491e-07 	2.48929e-11
0.118991 	105.08 	-4.87491e-07 	2.48929e-11
0.119245 	105.316 	-4.87491e-07 	2.48929e-11
0.119499 	105.546 	-2.88071e-07 	2.49571e-11
0.119754 	105.767 	-2.88071e-07 	2.49571e-11
0.120008 	105.988 	-2.88071e-07 	2.49571e-11
0.120262 	106.209 	-2.88071e-07 	2.49571e-11
0.120517 	106.431 	-2.88071e-07 	2.49571e-11
0.120771 	106.644 	-1.94303e-07 	2.50074e-11
0.121025 	106.848 	-1.94303e-07 	2.50074e-11
0.121279 	107.052 	-1.94303e-07 	2.50074e-11
0.121534 	107.256 	-1.94303e-07 	2.50074e-11
0.121788 	107.46 	-1.94303e-07 	2.50074e-11
0.122042 	107.655 	8.75669e-09 	2.50246e-11
0.122296 	107.84 	8.75669e-09 	2.50246e-11
0.122551 	108.026 	8.75669e-09 	2.50246e-11
0.122805 	108.211 	8.75669e-09 	2.50246e-11
0.123059 	108.397 	8.75669e-09 	2.50246e-11
0.123313 	108.572 	1.01303e-07 	2.50528e-11
0.123568 	108.738 	1.01303e-07 	2.50528e-11
0.123822 	108.904 	1.01303e-07 	2.50528e-11
0.124076 	109.07 	1.01303e-07 	2.50528e-11
0.12433 	109.236 	1.01303e-07 	2.50528e-11
0.124585 	109.391 	2.57249e-07 	2.50171e-11
0.124839 	109.536 	2.57249e-07 	2.50171e-11
0.125093 	109.681 	2.57249e-07 	2.50171e-11
0.125347 	109.826 	2.57249e-07 	2.50171e-11
0.125602 	109.971 	2.57249e-07 	2.50171e-11
0.125856 	110.105 	3.63062e-07 	2.50125e-11
0.12611 	110.229 	3.63062e-07 	2.50125e-11
0.126364 	110.352 	3.63062e-07 	2.50125e-11
0.126619 	110.476 	3.63062e-07 	2.50125e-11
0.126873 	110.599 	3.63062e-07 	2.50125e-11
0.127127 	110.712 	5.48718e-07 	2.49094e-11
0.127381 	110.813 	5.48718e-07 	2.49094e-11
0.127636 	110.914 	5.48718e-07 	2.49094e-11
0.12789 	111.015 	5.48718e-07 	2.49094e-11
0.128144 	111.117 	5.48718e-07 	2.49094e-11
0.128398 	111.207 	7.62018e-07 	2.48838e-11
0.128653 	111.286 	7.62018e-07 	2.48838e-11
0.128907 	111.364 	7.62018e-07 	2.48838e-11
0.129161 	111.443 	7.62018e-07 	2.48838e-11
0.129415 	111.522 	7.62018e-07 	2.48838e-11
0.12967 	111.589 	9.42007e-07 	2.47729e-11
0.129924 	111.645 	9.42007e-07 	2.47729e-11
0.130178 	111.701 	9.42007e-07 	2.47729e-11
0.130432 	111.757 	9.42007e-07 	2.47729e-11
0.130687 	111.813 	9.42007e-07 	2.47729e-11
0.130941 	111.858 	1.14685e-06 	2.47468e-11
0.131195 	111.891 	1.14685e-06 	2.47468e-11
0.131449 	111.924 	1.14685e-06 	2.47468e-11
0.131704 	111.958 	1.14685e-06 	2.47468e-11
0.131958 	111.991 	1.14685e-06 	2.47468e-11
0.132212 	112.007 	1.15662e-06 	2.4633e-11
0.132466 	112.007 	1.15662e-06 	2.4633e-11
0.132721 	112.007 	1.15662e-06 	2.4633e-11
0.132975 	112.008 	1.15662e-06 	2.4633e-11
0.133229 	112.008 	1.15662e-06 	2.4633e-11
0.133483 	111.996 	1.09975e-06 	2.45812e-11
0.133738 	111.972 	1.09975e-06 	2.45812e-11
0.133992 	111.948 	1.09975e-06 	2.45812e-11
0.134246 	111.925 	1.09975e-06 	2.45812e-11
0.134501 	111.901 	1.09975e-06 	2.45812e-11
0.134755 	111.859 	8.65358e-07 	2.4519e-11
0.135009 	111.801 	8.65358e-07 	2.4519e-11
0.135263 	111.743 	8.65358e-07 	2.4519e-11
0.135518 	111.685 	8.65358e-07 	2.4519e-11
0.135772 	111.627 	8.65358e-07 	2.4519e-11
0.136026 	111.55 	1.28997e-06 	2.44683e-11
0.13628 	111.458 	1.28997e-06 	2.44683e-11
0.136535 	111.366 	1.28997e-06 	2.44683e-11
0.136789 	111.273 	1.28997e-06 	2.44683e-11
0.137043 	111.181 	1.28997e-06 	2.44683e-11
0.137297 	111.075 	1.15256e-06 	2.43746e-11
0.137552 	110.959 	1.15256e-06 	2.43746e-11
0.137806 	110.842 	1.15256e-06 	2.43746e-11
0.13806 	110.726 	1.15256e-06 	2.43746e-11
0.138314 	110.61 	1.15256e-06 	2.43746e-11
0.138569 	110.482 	1.31239e-06 	2.43254e-11
0.138823 	110.346 	1.31239e-06 	2.43254e-11
0.139077 	110.209 	1.31239e-06 	2.43254e-11
0.139331 	110.073 	1.31239e-06 	2.43254e-11
0.139586 	109.936 	1.31239e-06 	2.43254e-11
0.13984 	109.79 	1.40478e-06 	2.42229e-11
0.140094 	109.635 	1.40478e-06 	2.42229e-11
0.140348 	109.48 	1.40478e-06 	2.42229e-11
0.140603 	109.325 	1.40478e-06 	2.42229e-11
0.140857 	109.17 	1.40478e-06 	2.42229e-11
0.141111 	109.005 	1.31475e-06 	2.41548e-11
0.141365 	108.833 	1.31475e-06 	2.41548e-11
0.14162 	108.661 	1.31475e-06 	2.41548e-11
0.141874 	108.489 	1.31475e-06 	2.41548e-11
0.142128 	108.317 	1.31475e-06 	2.41548e-11
0.142382 	108.137 	1.4744e-06 	2.40603e-11
0.142637 	107.95 	1.4744e-06 	2.40603e-11
0.142891 	107.763 	1.4744e-06 	2.40603e-11
0.143145 	107.576 	1.4744e-06 	2.40603e-11
0.143399 	107.389 	1.4744e-06 	2.40603e-11
0.143654 	107.195 	1.28229e-06 	2.39766e-11
0.143908 	106.995 	1.28229e-06 	2.39766e-11
0.144162 	106.796 	1.28229e-06 	2.39766e-11
0.144416 	106.596 	1.28229e-06 	2.39766e-11
0.144671 	106.397 	1.28229e-06 	2.39766e-11
0.144925 	106.192 	1.45615e-06 	2.38875e-11
0.145179 	105.983 	1.45615e-06 	2.38875e-11
0.145433 	105.774 	1.45615e-06 	2.38875e-11
0.145688 	105.564 	1.45615e-06 	2.38875e-11
0.145942 	105.355 	1.45615e-06 	2.38875e-11
0.146196 	105.143 	1.51044e-06 	2.37953e-11
0.14645 	104.927 	1.51044e-06 	2.37953e-11
0.146705 	104.712 	1.51044e-06 	2.37953e-11
0.146959 	104.496 	1.51044e-06 	2.37953e-11
0.147213 	104.281 	1.51044e-06 	2.37953e-11
0.147467 	104.064 	1.51137e-06 	2.3689e-11
0.147722 	103.846 	1.51137e-06 	2.3689e-11
0.147976 	103.627 	1.51137e-06 	2.3689e-11
0.14823 	103.409 	1.51137e-06 	2.3689e-11
0.148484 	103.191 	1.51137e-06 	2.3689e-11
0.148739 	102.973 	1.30375e-06 	2.35934e-11
0.148993 	102.755 	1.30375e-06 	2.35934e-11
0.149247 	102.537 	1.30375e-06 	2.35934e-11
0.149502 	102.319 	1.30375e-06 	2.35934e-11
0.149756 	102.1 	1.30375e-06 	2.35934e-11
0.15001 	101.884 	1.34167e-06 	2.34924e-11
0.150264 	101.669 	1.34167e-06 	2.34924e-11
0.150519 	101.454 	1.34167e-06 	2.34924e-11
0.150773 	101.238 	1.34167e-06 	2.34924e-11
0.151027 	101.023 	1.34167e-06 	2.34924e-11
0.151281 	100.811 	1.20675e-06 	2.33745e-11
0.151536 	100.601 	1.20675e-06 	2.33745e-11
0.15179 	100.391 	1.20675e-06 	2.33745e-11
0.152044 	100.181 	1.20675e-06 	2.33745e-11
0.152298 	99.9707 	1.20675e-06 	2.33745e-11
0.152553 	99.7649 	1.07089e-06 	2.32794e-11
0.152807 	99.5619 	1.07089e-06 	2.32794e-11
0.153061 	99.3589 	1.07089e-06 	2.32794e-11
0.153315 	99.156 	1.07089e-06 	2.32794e-11
0.15357 	98.953 	1.07089e-06 	2.32794e-11
0.153824 	98.755 	1.06766e-06 	2.31598e-11
0.154078 	98.5603 	1.06766e-06 	2.31598e-11
0.154332 	98.3656 	1.06766e-06 	2.31598e-11
0.154587 	98.1709 	1.06766e-06 	2.31598e-11
0.154841 	97.9762 	1.06766e-06 	2.31598e-11
0.155095 	97.7867 	1.08136e-06 	2.30645e-11
0.155349 	97.6005 	1.08136e-06 	2.30645e-11
0.155604 	97.4144 	1.08136e-06 	2.30645e-11
0.155858 	97.2282 	1.08136e-06 	2.30645e-11
0.156112 	97.0421 	1.08136e-06 	2.30645e-11
0.156366 	96.8609 	1.20598e-06 	2.29336e-11
0.156621 	96.6829 	1.20598e-06 	2.29336e-11
0.156875 	96.5048 	1.20598e-06 	2.29336e-11
0.157129 	96.3268 	1.20598e-06 	2.29336e-11
0.157383 	96.1488 	1.20598e-06 	2.29336e-11
0.157638 	95.975 	1.29675e-06 	2.28333e-11
0.157892 	95.8038 	1.29675e-06 	2.28333e-11
0.158146 	95.6326 	1.29675e-06 	2.28333e-11
0.1584 	95.4614 	1.29675e-06 	2.28333e-11
0.158655 	95.2901 	1.29675e-06 	2.28333e-11
0.158909 	95.1221 	1.40939e-06 	2.26918e-11
0.159163 	94.9558 	1.40939e-06 	2.26918e-11
0.159417 	94.7896 	1.40939e-06 	2.26918e-11
0.159672 	94.6234 	1.40939e-06 	2.26918e-11
0.159926 	94.4572 	1.40939e-06 	2.26918e-11
0.16018 	94.2929 	1.49139e-06 	2.2589e-11
0.160434 	94.1298 	1.49139e-06 	2.2589e-11
0.160689 	93.9666 	1.49139e-06 	2.2589e-11
0.160943 	93.8034 	1.49139e-06 	2.2589e-11
0.161197 	93.6403 	1.49139e-06 	2.2589e-11
0.161451 	93.478 	1.57257e-06 	2.24362e-11
0.161706 	93.3163 	1.57257e-06 	2.24362e-11
0.16196 	93.1546 	1.57257e-06 	2.24362e-11
0.162214 	92.9928 	1.57257e-06 	2.24362e-11
0.162468 	92.8311 	1.57257e-06 	2.24362e-11
0.162723 	92.6694 	1.67233e-06 	2.233e-11
0.162977 	92.5078 	1.67233e-06 	2.233e-11
0.163231 	92.3462 	1.67233e-06 	2.233e-11
0.163485 	92.1845 	1.67233e-06 	2.233e-11
0.16374 	92.0229 	1.67233e-06 	2.233e-11
0.163994 	91.8607 	1.74056e-06 	2.21675e-11
0.164248 	91.6983 	1.74056e-06 	2.21675e-11
0.164503 	91.5359 	1.74056e-06 	2.21675e-11
0.164757 	91.3735 	1.74056e-06 	2.21675e-11
0.165011 	91.2111 	1.74056e-06 	2.21675e-11
0.165265 	91.0479 	1.72078e-06 	2.20557e-11
0.16552 	90.8843 	1.72078e-06 	2.20557e-11
0.165774 	90.7207 	1.72078e-06 	2.20557e-11
0.166028 	90.5571 	1.72078e-06 	2.20557e-11
0.166282 	90.3935 	1.72078e-06 	2.20557e-11
0.166537 	90.2292 	1.73697e-06 	2.18856e-11
0.166791 	90.0646 	1.73697e-06 	2.18856e-11
0.167045 	89.9 	1.73697e-06 	2.18856e-11
0.167299 	89.7353 	1.73697e-06 	2.18856e-11
0.167554 	89.5707 	1.73697e-06 	2.18856e-11
0.167808 	89.4056 	1.74723e-06 	2.17711e-11
0.168062 	89.2404 	1.74723e-06 	2.17711e-11
0.168316 	89.0751 	1.74723e-06 	2.17711e-11
0.168571 	88.9098 	1.74723e-06 	2.17711e-11
0.168825 	88.7446 	1.74723e-06 	2.17711e-11
0.169079 	88.5791 	1.78227e-06 	2.16024e-11
0.169333 	88.4135 	1.78227e-06 	2.16024e-11
0.169588 	88.2479 	1.78227e-06 	2.16024e-11
0.169842 	88.0824 	1.78227e-06 	2.16024e-11
0.170096 	87.9168 	1.78227e-06 	2.16024e-11
0.17035 	87.7512 	1.71357e-06 	2.14806e-11
0.170605 	87.5856 	1.71357e-06 	2.14806e-11
0.170859 	87.4199 	1.71357e-06 	2.14806e-11
0.171113 	87.2543 	1.71357e-06 	2.14806e-11
0.171367 	87.0887 	1.71357e-06 	2.14806e-11
0.171622 	86.9234 	1.74101e-06 	2.13166e-11
0.171876 	86.7582 	1.74101e-06 	2.13166e-11
0.17213 	86.593 	1.74101e-06 	2.13166e-11
0.172384 	86.4278 	1.74101e-06 	2.13166e-11
0.172639 	86.2626 	1.74101e-06 	2.13166e-11
0.172893 	86.0982 	1.74691e-06 	2.11906e-11
0.173147 	85.9341 	1.74691e-06 	2.11906e-11
0.173401 	85.77 	1.74691e-06 	2.11906e-11
0.173656 	85.6059 	1.74691e-06 	2.11906e-11
0.17391 	85.4418 	1.74691e-06 	2.11906e-11
0.174164 	85.2788 	1.76926e-06 	2.10275e-11
0.174418 	85.1164 	1.76926e-06 	2.10275e-11
0.174673 	84.954 	1.76926e-06 	2.10275e-11
0.174927 	84.7916 	1.76926e-06 	2.10275e-11
0.175181 	84.6292 	1.76926e-06 	2.10275e-11
0.175435 	84.4683 	1.7244e-06 	2.09022e-11
0.17569 	84.308 	1.7244e-06 	2.09022e-11
0.175944 	84.1476 	1.7244e-06 	2.09022e-11
0.176198 	83.9873 	1.7244e-06 	2.09022e-11
0.176452 	83.827 	1.7244e-06 	2.09022e-11
0.176707 	83.6683 	1.72173e-06 	2.0737e-11
0.176961 	83.5104 	1.72173e-06 	2.0737e-11
0.177215 	83.3524 	1.72173e-06 	2.0737e-11
0.177469 	83.1945 	1.72173e-06 	2.0737e-11
0.177724 	83.0365 	1.72173e-06 	2.0737e-11
0.177978 	82.8804 	1.73863e-06 	2.06088e-11
0.178232 	82.725 	1.73863e-06 	2.06088e-11
0.178486 	82.5697 	1.73863e-06 	2.06088e-11
0.178741 	82.4143 	1.73863e-06 	2.06088e-11
0.178995 	82.259 	1.73863e-06 	2.06088e-11
0.179249 	82.1056 	1.74071e-06 	2.04485e-11
0.179504 	81.953 	1.74071e-06 	2.04485e-11
0.179758 	81.8005 	1.74071e-06 	2.04485e-11
0.180012 	81.6479 	1.74071e-06 	2.04485e-11
0.180266 	81.4953 	1.74071e-06 	2.04485e-11
0.180521 	81.3448 	1.71978e-06 	2.03151e-11
0.180775 	81.1951 	1.71978e-06 	2.03151e-11
0.181029 	81.0453 	1.71978e-06 	2.03151e-11
0.181283 	80.8956 	1.71978e-06 	2.03151e-11
0.181538 	80.7459 	1.71978e-06 	2.03151e-11
0.181792 	80.5982 	1.67907e-06 	2.01589e-11
0.182046 	80.4515 	1.67907e-06 	2.01589e-11
0.1823 	80.3047 	1.67907e-06 	2.01589e-11
0.182555 	80.1579 	1.67907e-06 	2.01589e-11
0.182809 	80.0112 	1.67907e-06 	2.01589e-11
0.183063 	79.8666 	1.71672e-06 	2.00283e-11
0.183317 	79.7228 	1.71672e-06 	2.00283e-11
0.183572 	79.5791 	1.71672e-06 	2.00283e-11
0.183826 	79.4354 	1.71672e-06 	2.00283e-11
0.18408 	79.2916 	1.71672e-06 	2.00283e-11
0.184334 	79.15 	1.69479e-06 	1.98752e-11
0.184589 	79.0092 	1.69479e-06 	1.98752e-11
0.184843 	78.8685 	1.69479e-06 	1.98752e-11
0.185097 	78.7277 	1.69479e-06 	1.98752e-11
0.185351 	78.5869 	1.69479e-06 	1.98752e-11
0.185606 	78.4484 	1.71589e-06 	1.97398e-11
0.18586 	78.3106 	1.71589e-06 	1.97398e-11
0.186114 	78.1728 	1.71589e-06 	1.97398e-11
0.186368 	78.0351 	1.71589e-06 	1.97398e-11
0.186623 	77.8973 	1.71589e-06 	1.97398e-11
0.186877 	77.7617 	1.69524e-06 	1.95958e-11
0.187131 	77.6268 	1.69524e-06 	1.95958e-11
0.187385 	77.4918 	1.69524e-06 	1.95958e-11
0.18764 	77.3569 	1.69524e-06 	1.95958e-11
0.187894 	77.222 	1.69524e-06 	1.95958e-11
0.188148 	77.0891 	1.67769e-06 	1.9461e-11
0.188402 	76.9569 	1.67769e-06 	1.9461e-11
0.188657 	76.8247 	1.67769e-06 	1.9461e-11
0.188911 	76.6924 	1.67769e-06 	1.9461e-11
0.189165 	76.5602 	1.67769e-06 	1.9461e-11
0.189419 	76.4301 	1.66052e-06 	1.93155e-11
0.189674 	76.3007 	1.66052e-06 	1.93155e-11
0.189928 	76.1713 	1.66052e-06 	1.93155e-11
0.190182 	76.0419 	1.66052e-06 	1.93155e-11
0.190436 	75.9125 	1.66052e-06 	1.93155e-11
0.190691 	75.785 	1.69733e-06 	1.91854e-11
0.190945 	75.6582 	1.69733e-06 	1.91854e-11
0.191199 	75.5314 	1.69733e-06 	1.91854e-11
0.191453 	75.4045 	1.69733e-06 	1.91854e-11
0.191708 	75.2777 	1.69733e-06 	1.91854e-11
0.191962 	75.1528 	1.65479e-06 	1.90454e-11
0.192216 	75.0285 	1.65479e-06 	1.90454e-11
0.19247 	74.9041 	1.65479e-06 	1.90454e-11
0.192725 	74.7798 	1.65479e-06 	1.90454e-11
0.192979 	74.6555 	1.65479e-06 	1.90454e-11
0.193233 	74.5334 	1.6231e-06 	1.89168e-11
0.193487 	74.4121 	1.6231e-06 	1.89168e-11
0.193742 	74.2907 	1.6231e-06 	1.89168e-11
0.193996 	74.1693 	1.6231e-06 	1.89168e-11
0.19425 	74.0479 	1.6231e-06 	1.89168e-11
0.194505 	73.9286 	1.62699e-06 	1.8782e-11
0.194759 	73.8101 	1.62699e-06 	1.8782e-11
0.195013 	73.6915 	1.62699e-06 	1.8782e-11
0.195267 	73.573 	1.62699e-06 	1.8782e-11
0.195522 	73.4544 	1.62699e-06 	1.8782e-11
0.195776 	73.3378 	1.59676e-06 	1.86533e-11
0.19603 	73.2217 	1.59676e-06 	1.86533e-11
0.196284 	73.1056 	1.59676e-06 	1.86533e-11
0.196539 	72.9895 	1.59676e-06 	1.86533e-11
0.196793 	72.8735 	1.59676e-06 	1.86533e-11
0.197047 	72.7595 	1.57595e-06 	1.85265e-11
0.197301 	72.6462 	1.57595e-06 	1.85265e-11
0.197556 	72.5328 	1.57595e-06 	1.85265e-11
0.19781 	72.4195 	1.57595e-06 	1.85265e-11
0.198064 	72.3062 	1.57595e-06 	1.85265e-11
0.198318 	72.1952 	1.54348e-06 	1.83965e-11
0.198573 	72.0848 	1.54348e-06 	1.83965e-11
0.198827 	71.9745 	1.54348e-06 	1.83965e-11
0.199081 	71.8642 	1.54348e-06 	1.83965e-11
0.199335 	71.7539 	1.54348e-06 	1.83965e-11
0.19959 	71.6457 	1.53504e-06 	1.82712e-11
0.199844 	71.5382 	1.53504e-06 	1.82712e-11
0.200098 	71.4306 	1.53504e-06 	1.82712e-11
0.200352 	71.323 	1.53504e-06 	1.82712e-11
0.200607 	71.2155 	1.53504e-06 	1.82712e-11
0.200861 	71.11 	1.50099e-06 	1.81446e-11
0.201115 	71.005 	1.50099e-06 	1.81446e-11
0.201369 	70.9001 	1.50099e-06 	1.81446e-11
0.201624 	70.7951 	1.50099e-06 	1.81446e-11
0.201878 	70.6901 	1.50099e-06 	1.81446e-11
0.202132 	70.5874 	1.47487e-06 	1.80254e-11
0.202386 	70.4852 	1.47487e-06 	1.80254e-11
0.202641 	70.3831 	1.47487e-06 	1.80254e-11
0.202895 	70.2809 	1.47487e-06 	1.80254e-11
0.203149 	70.1787 	1.47487e-06 	1.80254e-11
0.203403 	70.0788 	1.46409e-06 	1.7903e-11
0.203658 	69.9795 	1.46409e-06 	1.7903e-11
0.203912 	69.8802 	1.46409e-06 	1.7903e-11
0.204166 	69.7808 	1.46409e-06 	1.7903e-11
0.20442 	69.6815 	1.46409e-06 	1.7903e-11
0.204675 	69.5843 	1.42491e-06 	1.77854e-11
0.204929 	69.4877 	1.42491e-06 	1.77854e-11
0.205183 	69.3911 	1.42491e-06 	1.77854e-11
0.205437 	69.2945 	1.42491e-06 	1.77854e-11
0.205692 	69.1979 	1.42491e-06 	1.77854e-11
0.205946 	69.1035 	1.3886e-06 	1.76735e-11
0.2062 	69.0096 	1.3886e-06 	1.76735e-11
0.206454 	68.9157 	1.3886e-06 	1.76735e-11
0.206709 	68.8218 	1.3886e-06 	1.76735e-11
0.206963 	68.7279 	1.3886e-06 	1.76735e-11
0.207217 	68.6363 	1.3655e-06 	1.7559e-11
0.207471 	68.5451 	1.3655e-06 	1.7559e-11
0.207726 	68.454 	1.3655e-06 	1.7559e-11
0.20798 	68.3629 	1.3655e-06 	1.7559e-11
0.208234 	68.2718 	1.3655e-06 	1.7559e-11
0.208488 	68.1829 	1.32036e-06 	1.74525e-11
0.208743 	68.0945 	1.32036e-06 	1.74525e-11
0.208997 	68.0061 	1.32036e-06 	1.74525e-11
0.209251 	67.9177 	1.32036e-06 	1.74525e-11
0.209506 	67.8293 	1.32036e-06 	1.74525e-11
0.20976 	67.7432 	1.29421e-06 	1.73468e-11
0.210014 	67.6575 	1.29421e-06 	1.73468e-11
0.210268 	67.5718 	1.29421e-06 	1.73468e-11
0.210523 	67.4861 	1.29421e-06 	1.73468e-11
0.210777 	67.4005 	1.29421e-06 	1.73468e-11
0.211031 	67.317 	1.26567e-06 	1.72459e-11
0.211285 	67.2341 	1.26567e-06 	1.72459e-11
0.21154 	67.1511 	1.26567e-06 	1.72459e-11
0.211794 	67.0682 	1.26567e-06 	1.72459e-11
0.212048 	66.9853 	1.26567e-06 	1.72459e-11
0.212302 	66.9045 	1.23255e-06 	1.71396e-11
0.212557 	66.8242 	1.23255e-06 	1.71396e-11
0.212811 	66.744 	1.23255e-06 	1.71396e-11
0.213065 	66.6637 	1.23255e-06 	1.71396e-11
0.213319 	66.5834 	1.23255e-06 	1.71396e-11
0.213574 	66.5053 	1.18369e-06 	1.70461e-11
0.213828 	66.4276 	1.18369e-06 	1.70461e-11
0.214082 	66.3499 	1.18369e-06 	1.70461e-11
0.214336 	66.2721 	1.18369e-06 	1.70461e-11
0.214591 	66.1944 	1.18369e-06 	1.70461e-11
0.214845 	66.119 	1.15066e-06 	1.69482e-11
0.215099 	66.0439 	1.15066e-06 	1.69482e-11
0.215353 	65.9689 	1.15066e-06 	1.69482e-11
0.215608 	65.8939 	1.15066e-06 	1.69482e-11
0.215862 	65.8188 	1.15066e-06 	1.69482e-11
0.216116 	65.7461 	1.11609e-06 	1.68607e-11
0.21637 	65.6737 	1.11609e-06 	1.68607e-11
0.216625 	65.6014 	1.11609e-06 	1.68607e-11
0.216879 	65.5291 	1.11609e-06 	1.68607e-11
0.217133 	65.4568 	1.11609e-06 	1.68607e-11
0.217387 	65.3867 	1.07679e-06 	1.67687e-11
0.217642 	65.317 	1.07679e-06 	1.67687e-11
0.217896 	65.2474 	1.07679e-06 	1.67687e-11
0.21815 	65.1777 	1.07679e-06 	1.67687e-11
0.218404 	65.108 	1.07679e-06 	1.67687e-11
0.218659 	65.0406 	1.0297e-06 	1.66842e-11
0.218913 	64.9735 	1.0297e-06 	1.66842e-11
0.219167 	64.9065 	1.0297e-06 	1.66842e-11
0.219421 	64.8394 	1.0297e-06 	1.66842e-11
0.219676 	64.7723 	1.0297e-06 	1.66842e-11
0.21993 	64.7075 	9.9791e-07 	1.65979e-11
0.220184 	64.643 	9.9791e-07 	1.65979e-11
0.220438 	64.5786 	9.9791e-07 	1.65979e-11
0.220693 	64.5141 	9.9791e-07 	1.65979e-11
0.220947 	64.4497 	9.9791e-07 	1.65979e-11
0.221201 	64.3875 	9.35974e-07 	1.65199e-11
0.221455 	64.3257 	9.35974e-07 	1.65199e-11
0.22171 	64.2639 	9.35974e-07 	1.65199e-11
0.221964 	64.202 	9.35974e-07 	1.65199e-11
0.222218 	64.1402 	9.35974e-07 	1.65199e-11
0.222472 	64.0806 	9.08902e-07 	1.64459e-11
0.222727 	64.0214 	9.08902e-07 	1.64459e-11
0.222981 	63.9622 	9.08902e-07 	1.64459e-11
0.223235 	63.9029 	9.08902e-07 	1.64459e-11
0.223489 	63.8437 	9.08902e-07 	1.64459e-11
0.223744 	63.7867 	8.58815e-07 	1.63717e-11
0.223998 	63.73 	8.58815e-07 	1.63717e-11
0.224252 	63.6733 	8.58815e-07 	1.63717e-11
0.224507 	63.6166 	8.58815e-07 	1.63717e-11
0.224761 	63.5598 	8.58815e-07 	1.63717e-11
0.225015 	63.5054 	8.11335e-07 	1.63017e-11
0.225269 	63.4512 	8.11335e-07 	1.63017e-11
0.225524 	63.3971 	8.11335e-07 	1.63017e-11
0.225778 	63.3429 	8.11335e-07 	1.63017e-11
0.226032 	63.2888 	8.11335e-07 	1.63017e-11
0.226286 	63.2369 	7.77383e-07 	1.62327e-11
0.226541 	63.1852 	7.77383e-07 	1.62327e-11
0.226795 	63.1336 	7.77383e-07 	1.62327e-11
0.227049 	63.082 	7.77383e-07 	1.62327e-11
0.227303 	63.0304 	7.77383e-07 	1.62327e-11
0.227558 	62.981 	7.43125e-07 	1.61663e-11
0.227812 	62.9319 	7.43125e-07 	1.61663e-11
0.228066 	62.8828 	7.43125e-07 	1.61663e-11
0.22832 	62.8337 	7.43125e-07 	1.61663e-11
0.228575 	62.7845 	7.43125e-07 	1.61663e-11
0.228829 	62.7376 	6.86228e-07 	1.61049e-11
0.229083 	62.691 	6.86228e-07 	1.61049e-11
0.229337 	62.6443 	6.86228e-07 	1.61049e-11
0.229592 	62.5976 	6.86228e-07 	1.61049e-11
0.229846 	62.551 	6.86228e-07 	1.61049e-11
0.2301 	62.5065 	6.5131e-07 	1.60417e-11
0.230354 	62.4623 	6.5131e-07 	1.60417e-11
0.230609 	62.4181 	6.5131e-07 	1.60417e-11
0.230863 	62.3739 	6.5131e-07 	1.60417e-11
0.231117 	62.3297 	6.5131e-07 	1.60417e-11
0.231371 	62.2877 	6.12825e-07 	1.59905e-11
0.231626 	62.246 	6.12825e-07 	1.59905e-11
0.23188 	62.2042 	6.12825e-07 	1.59905e-11
0.232134 	62.1625 	6.12825e-07 	1.59905e-11
0.232388 	62.1207 	6.12825e-07 	1.59905e-11
0.232643 	62.0812 	5.81192e-07 	1.59316e-11
0.232897 	62.0419 	5.81192e-07 	1.59316e-11
0.233151 	62.0026 	5.81192e-07 	1.59316e-11
0.233405 	61.9632 	5.81192e-07 	1.59316e-11
0.23366 	61.9239 	5.81192e-07 	1.59316e-11
0.233914 	61.8868 	5.4256e-07 	1.58861e-11
0.234168 	61.8498 	5.4256e-07 	1.58861e-11
0.234422 	61.8129 	5.4256e-07 	1.58861e-11
0.234677 	61.7759 	5.4256e-07 	1.58861e-11
0.234931 	61.7389 	5.4256e-07 	1.58861e-11
0.235185 	61.7041 	5.12092e-07 	1.5833e-11
0.235439 	61.6695 	5.12092e-07 	1.5833e-11
0.235694 	61.6348 	5.12092e-07 	1.5833e-11
0.235948 	61.6002 	5.12092e-07 	1.5833e-11
0.236202 	61.5655 	5.12092e-07 	1.5833e-11
0.236456 	61.533 	4.79397e-07 	1.57917e-11
0.236711 	61.5006 	4.79397e-07 	1.57917e-11
0.236965 	61.4682 	4.79397e-07 	1.57917e-11
0.237219 	61.4358 	4.79397e-07 	1.57917e-11
0.237473 	61.4035 	4.79397e-07 	1.57917e-11
0.237728 	61.3732 	4.5297e-07 	1.57438e-11
0.237982 	61.3431 	4.5297e-07 	1.57438e-11
0.238236 	61.313 	4.5297e-07 	1.57438e-11
0.23849 	61.2829 	4.5297e-07 	1.57438e-11
0.238745 	61.2528 	4.5297e-07 	1.57438e-11
0.238999 	61.2247 	4.23968e-07 	1.57075e-11
0.239253 	61.1968 	4.23968e-07 	1.57075e-11
0.239508 	61.1689 	4.23968e-07 	1.57075e-11
0.239762 	61.141 	4.23968e-07 	1.57075e-11
0.240016 	61.1131 	4.23968e-07 	1.57075e-11
0.24027 	61.0873 	3.96134e-07 	1.56659e-11
0.240525 	61.0615 	3.96134e-07 	1.56659e-11
0.240779 	61.0357 	3.96134e-07 	1.56659e-11
0.241033 	61.01 	3.96134e-07 	1.56659e-11
0.241287 	60.9842 	3.96134e-07 	1.56659e-11
0.241542 	60.9604 	3.62076e-07 	1.56312e-11
0.241796 	60.9367 	3.62076e-07 	1.56312e-11
0.24205 	60.913 	3.62076e-07 	1.56312e-11
0.242304 	60.8893 	3.62076e-07 	1.56312e-11
0.242559 	60.8656 	3.62076e-07 	1.56312e-11
0.242813 	60.8439 	3.32434e-07 	1.56005e-11
0.243067 	60.8222 	3.32434e-07 	1.56005e-11
0.243321 	60.8005 	3.32434e-07 	1.56005e-11
0.243576 	60.7789 	3.32434e-07 	1.56005e-11
0.24383 	60.7572 	3.32434e-07 	1.56005e-11
0.244084 	60.7375 	3.0117e-07 	1.55681e-11
0.244338 	60.7178 	3.0117e-07 	1.55681e-11
0.244593 	60.6981 	3.0117e-07 	1.55681e-11
0.244847 	60.6784 	3.0117e-07 	1.55681e-11
0.245101 	60.6587 	3.0117e-07 	1.55681e-11
0.245355 	60.6409 	2.75127e-07 	1.55399e-11
0.24561 	60.6231 	2.75127e-07 	1.55399e-11
0.245864 	60.6053 	2.75127e-07 	1.55399e-11
0.246118 	60.5876 	2.75127e-07 	1.55399e-11
0.246372 	60.5698 	2.75127e-07 	1.55399e-11
0.246627 	60.5538 	2.49102e-07 	1.55129e-11
0.246881 	60.5379 	2.49102e-07 	1.55129e-11
0.247135 	60.522 	2.49102e-07 	1.55129e-11
0.247389 	60.5061 	2.49102e-07 	1.55129e-11
0.247644 	60.4902 	2.49102e-07 	1.55129e-11
0.247898 	60.476 	2.29979e-07 	1.54925e-11
0.248152 	60.4619 	2.29979e-07 	1.54925e-11
0.248406 	60.4478 	2.29979e-07 	1.54925e-11
0.248661 	60.4337 	2.29979e-07 	1.54925e-11
0.248915 	60.4195 	2.29979e-07 	1.54925e-11
0.249169 	60.4071 	2.10797e-07 	1.54701e-11
0.249423 	60.3948 	2.10797e-07 	1.54701e-11
0.249678 	60.3824 	2.10797e-07 	1.54701e-11
0.249932 	60.37 	2.10797e-07 	1.54701e-11
0.250186 	60.3576 	2.10797e-07 	1.54701e-11
0.25044 	60.347 	1.9852e-07 	1.54552e-11
0.250695 	60.3363 	1.9852e-07 	1.54552e-11
0.250949 	60.3256 	1.9852e-07 	1.54552e-11
0.251203 	60.315 	1.9852e-07 	1.54552e-11
0.251457 	60.3043 	1.9852e-07 	1.54552e-11
0.251712 	60.2926 	1.85241e-07 	1.54391e-11
0.251966 	60.281 	1.85241e-07 	1.54391e-11
0.25222 	60.2693 	1.85241e-07 	1.54391e-11
0.252474 	60.2576 	1.85241e-07 	1.54391e-11
0.252729 	60.2459 	1.85241e-07 	1.54391e-11
0.252983 	60.2373 	1.86184e-07 	1.54245e-11
0.253237 	60.2287 	1.86184e-07 	1.54245e-11
0.253491 	60.2201 	1.86184e-07 	1.54245e-11
0.253746 	60.2116 	1.86184e-07 	1.54245e-11
0.254 	60.203 	2.02375e-07 	8.76827e-15
