0 	33.9399 	-0.00683809 	-6.93764e-13
0.000254254 	33.9435 	-2.66496e-07 	-3.6673e-14
0.000508509 	33.947 	-2.66496e-07 	-3.6673e-14
0.000762763 	33.9506 	-2.66496e-07 	-3.6673e-14
0.00101702 	33.9542 	-2.66496e-07 	-3.6673e-14
0.00127127 	33.9578 	-2.66496e-07 	-3.6673e-14
0.00152553 	33.9614 	-2.66496e-07 	-3.6673e-14
0.00177978 	33.965 	-2.66496e-07 	-3.6673e-14
0.00203403 	33.9686 	-2.66496e-07 	-3.6673e-14
0.00228829 	33.977 	-3.34872e-07 	-3.8987e-14
0.00254254 	33.9885 	-3.34872e-07 	-3.8987e-14
0.0027968 	34 	-3.34872e-07 	-3.8987e-14
0.00305105 	34.0115 	-3.34872e-07 	-3.8987e-14
0.00330531 	34.023 	-3.34872e-07 	-3.8987e-14
0.00355956 	34.0345 	-3.34872e-07 	-3.8987e-14
0.00381381 	34.046 	-3.34872e-07 	-3.8987e-14
0.00406807 	34.0575 	-3.34872e-07 	-3.8987e-14
0.00432232 	34.071 	-1.94322e-07 	-3.33177e-14
0.00457658 	34.0924 	-1.94322e-07 	-3.33177e-14
0.00483083 	34.1137 	-1.94322e-07 	-3.33177e-14
0.00508509 	34.1351 	-1.94322e-07 	-3.33177e-14
0.00533934 	34.1564 	-1.94322e-07 	-3.33177e-14
0.00559359 	34.1778 	-1.94322e-07 	-3.33177e-14
0.00584785 	34.1991 	-1.94322e-07 	-3.33178e-14
0.0061021 	34.2205 	-1.94322e-07 	-3.33178e-14
0.00635636 	34.2418 	-1.94322e-07 	-3.33178e-14
0.00661061 	34.2649 	-4.10808e-07 	-3.95061e-14
0.00686486 	34.2883 	-4.10808e-07 	-3.95061e-14
0.00711912 	34.3118 	-4.10808e-07 	-3.95061e-14
0.00737337 	34.3352 	-4.10808e-07 	-3.95061e-14
0.00762763 	34.3587 	-4.10808e-07 	-3.95061e-14
0.00788188 	34.3821 	-4.10808e-07 	-3.95061e-14
0.00813614 	34.4056 	-4.10808e-07 	-3.95061e-14
0.00839039 	34.429 	-4.10808e-07 	-3.95061e-14
0.00864464 	34.4529 	-2.76431e-07 	-3.41274e-14
0.0088989 	34.4775 	-2.76431e-07 	-3.41274e-14
0.00915315 	34.502 	-2.76431e-07 	-3.41274e-14
0.00940741 	34.5266 	-2.76431e-07 	-3.41274e-14
0.00966166 	34.5512 	-2.76431e-07 	-3.41274e-14
0.00991592 	34.5757 	-2.76431e-07 	-3.41274e-14
0.0101702 	34.6003 	-2.76431e-07 	-3.41274e-14
0.0104244 	34.6249 	-2.76431e-07 	-3.41274e-14
0.0106787 	34.6495 	-5.12982e-07 	-4.0582e-14
0.0109329 	34.6753 	-5.12982e-07 	-4.0582e-14
0.0111872 	34.7011 	-5.12982e-07 	-4.0582e-14
0.0114414 	34.727 	-5.12982e-07 	-4.0582e-14
0.0116957 	34.7528 	-5.12982e-07 	-4.0582e-14
0.0119499 	34.7787 	-5.12982e-07 	-4.0582e-14
0.0122042 	34.8045 	-5.12982e-07 	-4.0582e-14
0.0124585 	34.8304 	-5.12982e-07 	-4.0582e-14
0.0127127 	34.8562 	-5.12982e-07 	-4.0582e-14
0.012967 	34.883 	-3.9256e-07 	-3.3704e-14
0.0132212 	34.9103 	-3.9256e-07 	-3.3704e-14
0.0134755 	34.9377 	-3.9256e-07 	-3.37041e-14
0.0137297 	34.965 	-3.9256e-07 	-3.37041e-14
0.013984 	34.9924 	-3.9256e-07 	-3.37041e-14
0.0142382 	35.0197 	-3.9256e-07 	-3.37041e-14
0.0144925 	35.0471 	-3.9256e-07 	-3.37041e-14
0.0147467 	35.0744 	-3.9256e-07 	-3.37041e-14
0.015001 	35.1022 	-6.40421e-07 	-4.09022e-14
0.0152553 	35.1316 	-6.40421e-07 	-4.09022e-14
0.0155095 	35.161 	-6.40421e-07 	-4.09022e-14
0.0157638 	35.1904 	-6.40421e-07 	-4.09022e-14
0.016018 	35.2198 	-6.40421e-07 	-4.09023e-14
0.0162723 	35.2492 	-6.40421e-07 	-4.09023e-14
0.0165265 	35.2786 	-6.40421e-07 	-4.09023e-14
0.0167808 	35.308 	-6.40421e-07 	-4.09023e-14
0.017035 	35.3374 	-6.40421e-07 	-4.09023e-14
0.0172893 	35.369 	-5.3138e-07 	-3.40354e-14
0.0175435 	35.401 	-5.3138e-07 	-3.40354e-14
0.0177978 	35.433 	-5.3138e-07 	-3.40354e-14
0.0180521 	35.465 	-5.3138e-07 	-3.40354e-14
0.0183063 	35.497 	-5.3138e-07 	-3.40354e-14
0.0185606 	35.529 	-5.3138e-07 	-3.40354e-14
0.0188148 	35.561 	-5.3138e-07 	-3.40354e-14
0.0190691 	35.5931 	-5.3138e-07 	-3.40354e-14
0.0193233 	35.6265 	-7.91758e-07 	-4.15576e-14
0.0195776 	35.6618 	-7.91758e-07 	-4.15576e-14
0.0198318 	35.6971 	-7.91758e-07 	-4.15576e-14
0.0200861 	35.7324 	-7.91758e-07 	-4.15576e-14
0.0203403 	35.7677 	-7.91758e-07 	-4.15576e-14
0.0205946 	35.803 	-7.91758e-07 	-4.15576e-14
0.0208488 	35.8382 	-7.91758e-07 	-4.15576e-14
0.0211031 	35.8735 	-7.91758e-07 	-4.15576e-14
0.0213574 	35.909 	-6.86597e-07 	-3.53109e-14
0.0216116 	35.9481 	-6.86597e-07 	-3.53109e-14
0.0218659 	35.9871 	-6.86597e-07 	-3.53109e-14
0.0221201 	36.0262 	-6.86597e-07 	-3.53109e-14
0.0223744 	36.0652 	-6.86597e-07 	-3.53109e-14
0.0226286 	36.1043 	-6.86597e-07 	-3.53109e-14
0.0228829 	36.1434 	-6.86597e-07 	-3.53109e-14
0.0231371 	36.1824 	-6.86597e-07 	-3.53109e-14
0.0233914 	36.2215 	-6.86597e-07 	-3.53109e-14
0.0236456 	36.2632 	-9.52375e-07 	-4.23048e-14
0.0238999 	36.3064 	-9.52375e-07 	-4.23048e-14
0.0241542 	36.3496 	-9.52375e-07 	-4.23048e-14
0.0244084 	36.3927 	-9.52375e-07 	-4.23048e-14
0.0246627 	36.4359 	-9.52375e-07 	-4.23049e-14
0.0249169 	36.4791 	-9.52375e-07 	-4.23049e-14
0.0251712 	36.5222 	-9.52375e-07 	-4.23049e-14
0.0254254 	36.5654 	-9.52375e-07 	-4.23049e-14
0.0256797 	36.6097 	-8.49336e-07 	-3.62343e-14
0.0259339 	36.6572 	-8.49336e-07 	-3.62343e-14
0.0261882 	36.7047 	-8.49336e-07 	-3.62343e-14
0.0264424 	36.7522 	-8.49336e-07 	-3.62343e-14
0.0266967 	36.7997 	-8.49336e-07 	-3.62343e-14
0.026951 	36.8473 	-8.49336e-07 	-3.62343e-14
0.0272052 	36.8948 	-8.49336e-07 	-3.62343e-14
0.0274595 	36.9423 	-8.49336e-07 	-3.62343e-14
0.0277137 	36.9898 	-8.49336e-07 	-3.62343e-14
0.027968 	37.0411 	-1.11555e-06 	-4.31243e-14
0.0282222 	37.093 	-1.11555e-06 	-4.31243e-14
0.0284765 	37.145 	-1.11555e-06 	-4.31244e-14
0.0287307 	37.1969 	-1.11555e-06 	-4.31244e-14
0.028985 	37.2488 	-1.11555e-06 	-4.31244e-14
0.0292392 	37.3007 	-1.11555e-06 	-4.31244e-14
0.0294935 	37.3526 	-1.11555e-06 	-4.31244e-14
0.0297477 	37.4046 	-1.11555e-06 	-4.31244e-14
0.030002 	37.4587 	-1.0159e-06 	-3.82308e-14
0.0302563 	37.5152 	-1.0159e-06 	-3.82308e-14
0.0305105 	37.5718 	-1.0159e-06 	-3.82308e-14
0.0307648 	37.6283 	-1.0159e-06 	-3.82308e-14
0.031019 	37.6849 	-1.0159e-06 	-3.82309e-14
0.0312733 	37.7414 	-1.0159e-06 	-3.82309e-14
0.0315275 	37.7979 	-1.0159e-06 	-3.82309e-14
0.0317818 	37.8545 	-1.0159e-06 	-3.82309e-14
0.032036 	37.9114 	-1.27979e-06 	-4.34644e-14
0.0322903 	37.9727 	-1.27979e-06 	-4.34644e-14
0.0325445 	38.0339 	-1.27979e-06 	-4.34644e-14
0.0327988 	38.0952 	-1.27979e-06 	-4.34644e-14
0.0330531 	38.1564 	-1.27979e-06 	-4.34644e-14
0.0333073 	38.2177 	-1.27979e-06 	-4.34644e-14
0.0335616 	38.279 	-1.27979e-06 	-4.34644e-14
0.0338158 	38.3402 	-1.27979e-06 	-4.34644e-14
0.0340701 	38.4015 	-1.27979e-06 	-4.34644e-14
0.0343243 	38.466 	-1.18593e-06 	-3.91739e-14
0.0345786 	38.5321 	-1.18593e-06 	-3.91739e-14
0.0348328 	38.5982 	-1.18593e-06 	-3.91739e-14
0.0350871 	38.6643 	-1.18593e-06 	-3.91739e-14
0.0353413 	38.7304 	-1.18593e-06 	-3.91739e-14
0.0355956 	38.7965 	-1.18593e-06 	-3.91739e-14
0.0358498 	38.8626 	-1.18593e-06 	-3.91739e-14
0.0361041 	38.9287 	-1.18593e-06 	-3.91739e-14
0.0363584 	38.9962 	-1.45186e-06 	-4.46676e-14
0.0366126 	39.0673 	-1.45186e-06 	-4.46676e-14
0.0368669 	39.1384 	-1.45186e-06 	-4.46676e-14
0.0371211 	39.2095 	-1.45186e-06 	-4.46676e-14
0.0373754 	39.2806 	-1.45186e-06 	-4.46676e-14
0.0376296 	39.3516 	-1.45186e-06 	-4.46676e-14
0.0378839 	39.4227 	-1.45186e-06 	-4.46676e-14
0.0381381 	39.4938 	-1.45186e-06 	-4.46676e-14
0.0383924 	39.5649 	-1.45186e-06 	-4.46676e-14
0.0386466 	39.6406 	-1.36429e-06 	-4.02499e-14
0.0389009 	39.7168 	-1.36429e-06 	-4.02499e-14
0.0391552 	39.793 	-1.36429e-06 	-4.02499e-14
0.0394094 	39.8692 	-1.36429e-06 	-4.02499e-14
0.0396637 	39.9455 	-1.36429e-06 	-4.02499e-14
0.0399179 	40.0217 	-1.36429e-06 	-4.02499e-14
0.0401722 	40.0979 	-1.36429e-06 	-4.02499e-14
0.0404264 	40.1741 	-1.36429e-06 	-4.02499e-14
0.0406807 	40.253 	-1.63152e-06 	-4.61114e-14
0.0409349 	40.3346 	-1.63152e-06 	-4.61114e-14
0.0411892 	40.4161 	-1.63152e-06 	-4.61114e-14
0.0414434 	40.4976 	-1.63152e-06 	-4.61114e-14
0.0416977 	40.5792 	-1.63152e-06 	-4.61114e-14
0.041952 	40.6607 	-1.63152e-06 	-4.61114e-14
0.0422062 	40.7423 	-1.63152e-06 	-4.61114e-14
0.0424605 	40.8238 	-1.63152e-06 	-4.61115e-14
0.0427147 	40.9059 	-1.54945e-06 	-4.20465e-14
0.042969 	40.9929 	-1.54945e-06 	-4.20465e-14
0.0432232 	41.0799 	-1.54945e-06 	-4.20465e-14
0.0434775 	41.167 	-1.54945e-06 	-4.20465e-14
0.0437317 	41.254 	-1.54945e-06 	-4.20465e-14
0.043986 	41.341 	-1.54945e-06 	-4.20466e-14
0.0442402 	41.428 	-1.54945e-06 	-4.20466e-14
0.0444945 	41.515 	-1.54945e-06 	-4.20466e-14
0.0447487 	41.6021 	-1.54945e-06 	-4.20466e-14
0.045003 	41.6931 	-1.82271e-06 	-4.67826e-14
0.0452573 	41.7857 	-1.82271e-06 	-4.67827e-14
0.0455115 	41.8784 	-1.82271e-06 	-4.67827e-14
0.0457658 	41.9711 	-1.82271e-06 	-4.67827e-14
0.04602 	42.0638 	-1.82271e-06 	-4.67827e-14
0.0462743 	42.1565 	-1.82271e-06 	-4.67827e-14
0.0465285 	42.2491 	-1.82271e-06 	-4.67827e-14
0.0467828 	42.3418 	-1.82271e-06 	-4.67827e-14
0.047037 	42.4363 	-1.74429e-06 	-4.46832e-14
0.0472913 	42.5348 	-1.74429e-06 	-4.46832e-14
0.0475455 	42.6333 	-1.74429e-06 	-4.46832e-14
0.0477998 	42.7319 	-1.74429e-06 	-4.46832e-14
0.0480541 	42.8304 	-1.74429e-06 	-4.46832e-14
0.0483083 	42.9289 	-1.74429e-06 	-4.46832e-14
0.0485626 	43.0274 	-1.74429e-06 	-4.46832e-14
0.0488168 	43.1259 	-1.74429e-06 	-4.46833e-14
0.0490711 	43.2244 	-1.74429e-06 	-4.46833e-14
0.0493253 	43.3286 	-2.02544e-06 	-4.84012e-14
0.0495796 	43.4332 	-2.02544e-06 	-4.84012e-14
0.0498338 	43.5378 	-2.02544e-06 	-4.84012e-14
0.0500881 	43.6425 	-2.02544e-06 	-4.84012e-14
0.0503423 	43.7471 	-2.02544e-06 	-4.84012e-14
0.0505966 	43.8518 	-2.02544e-06 	-4.84012e-14
0.0508509 	43.9564 	-2.02544e-06 	-4.84012e-14
0.0511051 	44.061 	-2.02544e-06 	-4.84012e-14
0.0513594 	44.169 	-1.94542e-06 	-4.70292e-14
0.0516136 	44.2799 	-1.94542e-06 	-4.70292e-14
0.0518679 	44.3908 	-1.94542e-06 	-4.70292e-14
0.0521221 	44.5018 	-1.94542e-06 	-4.70292e-14
0.0523764 	44.6127 	-1.94542e-06 	-4.70292e-14
0.0526306 	44.7237 	-1.94542e-06 	-4.70292e-14
0.0528849 	44.8346 	-1.94542e-06 	-4.70292e-14
0.0531391 	44.9456 	-1.94542e-06 	-4.70292e-14
0.0533934 	45.0574 	-2.23449e-06 	-5.05109e-14
0.0536476 	45.175 	-2.23449e-06 	-5.05109e-14
0.0539019 	45.2925 	-2.23449e-06 	-5.05109e-14
0.0541562 	45.4101 	-2.23449e-06 	-5.05109e-14
0.0544104 	45.5277 	-2.23449e-06 	-5.0511e-14
0.0546647 	45.6453 	-2.23449e-06 	-5.0511e-14
0.0549189 	45.7629 	-2.23449e-06 	-5.0511e-14
0.0551732 	45.8805 	-2.23449e-06 	-5.0511e-14
0.0554274 	45.9981 	-2.23449e-06 	-5.0511e-14
0.0556817 	46.1207 	-2.1428e-06 	-4.92704e-14
0.0559359 	46.2451 	-2.1428e-06 	-4.92704e-14
0.0561902 	46.3696 	-2.1428e-06 	-4.92705e-14
0.0564444 	46.4941 	-2.1428e-06 	-4.92705e-14
0.0566987 	46.6185 	-2.1428e-06 	-4.92705e-14
0.056953 	46.743 	-2.1428e-06 	-4.92705e-14
0.0572072 	46.8675 	-2.1428e-06 	-4.92705e-14
0.0574615 	46.9919 	-2.1428e-06 	-4.92705e-14
0.0577157 	47.1188 	-2.43804e-06 	-5.29591e-14
0.05797 	47.2505 	-2.43804e-06 	-5.29591e-14
0.0582242 	47.3821 	-2.43804e-06 	-5.29592e-14
0.0584785 	47.5138 	-2.43804e-06 	-5.29592e-14
0.0587327 	47.6454 	-2.43804e-06 	-5.29592e-14
0.058987 	47.777 	-2.43804e-06 	-5.29592e-14
0.0592412 	47.9087 	-2.43804e-06 	-5.29592e-14
0.0594955 	48.0403 	-2.43804e-06 	-5.29592e-14
0.0597497 	48.172 	-2.43804e-06 	-5.29592e-14
0.060004 	48.3106 	-2.34191e-06 	-5.14678e-14
0.0602583 	48.4497 	-2.34191e-06 	-5.14678e-14
0.0605125 	48.5887 	-2.34191e-06 	-5.14678e-14
0.0607668 	48.7278 	-2.34191e-06 	-5.14678e-14
0.061021 	48.8669 	-2.34191e-06 	-5.14678e-14
0.0612753 	49.0059 	-2.34191e-06 	-5.14678e-14
0.0615295 	49.145 	-2.34191e-06 	-5.14678e-14
0.0617838 	49.2841 	-2.34191e-06 	-5.14679e-14
0.062038 	49.4273 	-2.65294e-06 	-5.49156e-14
0.0622923 	49.5741 	-2.65294e-06 	-5.49156e-14
0.0625465 	49.7208 	-2.65294e-06 	-5.49156e-14
0.0628008 	49.8676 	-2.65294e-06 	-5.49156e-14
0.0630551 	50.0143 	-2.65294e-06 	-5.49156e-14
0.0633093 	50.161 	-2.65294e-06 	-5.49156e-14
0.0635636 	50.3078 	-2.65294e-06 	-5.49157e-14
0.0638178 	50.4545 	-2.65294e-06 	-5.49157e-14
0.0640721 	50.6025 	-2.53885e-06 	-5.40411e-14
0.0643263 	50.7571 	-2.53885e-06 	-5.40411e-14
0.0645806 	50.9118 	-2.53885e-06 	-5.40411e-14
0.0648348 	51.0664 	-2.53885e-06 	-5.40411e-14
0.0650891 	51.221 	-2.53885e-06 	-5.40412e-14
0.0653433 	51.3757 	-2.53885e-06 	-5.40412e-14
0.0655976 	51.5303 	-2.53885e-06 	-5.40412e-14
0.0658519 	51.685 	-2.53885e-06 	-5.40412e-14
0.0661061 	51.8396 	-2.53885e-06 	-5.40412e-14
0.0663604 	52.0005 	-2.85735e-06 	-5.8009e-14
0.0666146 	52.1633 	-2.85735e-06 	-5.8009e-14
0.0668689 	52.3261 	-2.85735e-06 	-5.8009e-14
0.0671231 	52.489 	-2.85735e-06 	-5.8009e-14
0.0673774 	52.6518 	-2.85735e-06 	-5.8009e-14
0.0676316 	52.8147 	-2.85735e-06 	-5.8009e-14
0.0678859 	52.9775 	-2.85735e-06 	-5.80091e-14
0.0681401 	53.1403 	-2.85735e-06 	-5.80091e-14
0.0683944 	53.3062 	-2.74418e-06 	-5.73949e-14
0.0686486 	53.4774 	-2.74418e-06 	-5.73949e-14
0.0689029 	53.6486 	-2.74418e-06 	-5.73949e-14
0.0691572 	53.8198 	-2.74418e-06 	-5.73949e-14
0.0694114 	53.991 	-2.74418e-06 	-5.73949e-14
0.0696657 	54.1622 	-2.74418e-06 	-5.73949e-14
0.0699199 	54.3334 	-2.74418e-06 	-5.7395e-14
0.0701742 	54.5047 	-2.74418e-06 	-5.7395e-14
0.0704284 	54.6759 	-2.74418e-06 	-5.7395e-14
0.0706827 	54.8554 	-3.07383e-06 	-6.18344e-14
0.0709369 	55.0352 	-3.07383e-06 	-6.18344e-14
0.0711912 	55.215 	-3.07383e-06 	-6.18344e-14
0.0714454 	55.3948 	-3.07383e-06 	-6.18345e-14
0.0716997 	55.5745 	-3.07383e-06 	-6.18345e-14
0.071954 	55.7543 	-3.07383e-06 	-6.18345e-14
0.0722082 	55.9341 	-3.07383e-06 	-6.18345e-14
0.0724625 	56.1139 	-3.07383e-06 	-6.18345e-14
0.0727167 	56.2988 	-2.99131e-06 	-6.07218e-14
0.072971 	56.4874 	-2.99131e-06 	-6.07218e-14
0.0732252 	56.676 	-2.99131e-06 	-6.07218e-14
0.0734795 	56.8647 	-2.99131e-06 	-6.07219e-14
0.0737337 	57.0533 	-2.99131e-06 	-6.07219e-14
0.073988 	57.2419 	-2.99131e-06 	-6.07219e-14
0.0742422 	57.4305 	-2.99131e-06 	-6.07219e-14
0.0744965 	57.6192 	-2.99131e-06 	-6.07219e-14
0.0747508 	57.8094 	-3.29768e-06 	-6.49861e-14
0.075005 	58.007 	-3.29768e-06 	-6.49861e-14
0.0752593 	58.2046 	-3.29768e-06 	-6.49861e-14
0.0755135 	58.4022 	-3.29768e-06 	-6.49861e-14
0.0757678 	58.5998 	-3.29768e-06 	-6.49862e-14
0.076022 	58.7973 	-3.29768e-06 	-6.49862e-14
0.0762763 	58.9949 	-3.29768e-06 	-6.49862e-14
0.0765305 	59.1925 	-3.29768e-06 	-6.49862e-14
0.0767848 	59.3901 	-3.29768e-06 	-6.49862e-14
0.077039 	59.595 	-3.23297e-06 	-6.32957e-14
0.0772933 	59.8018 	-3.23297e-06 	-6.32957e-14
0.0775475 	60.0086 	-3.23297e-06 	-6.32958e-14
0.0778018 	60.2155 	-3.23297e-06 	-6.32958e-14
0.0780561 	60.4223 	-3.23297e-06 	-6.32958e-14
0.0783103 	60.6291 	-3.23297e-06 	-6.32958e-14
0.0785646 	60.836 	-3.23297e-06 	-6.32958e-14
0.0788188 	61.0428 	-3.23297e-06 	-6.32958e-14
0.0790731 	61.2534 	-3.47222e-06 	-6.81235e-14
0.0793273 	61.4698 	-3.47222e-06 	-6.81235e-14
0.0795816 	61.6862 	-3.47222e-06 	-6.81235e-14
0.0798358 	61.9026 	-3.47222e-06 	-6.81236e-14
0.0800901 	62.119 	-3.47222e-06 	-6.81236e-14
0.0803443 	62.3354 	-3.47222e-06 	-6.81236e-14
0.0805986 	62.5517 	-3.47222e-06 	-6.81236e-14
0.0808529 	62.7681 	-3.47222e-06 	-6.81236e-14
0.0811071 	62.9845 	-3.47222e-06 	-6.81236e-14
0.0813614 	63.2102 	-3.38544e-06 	-6.74306e-14
0.0816156 	63.4359 	-3.38544e-06 	-6.74306e-14
0.0818699 	63.6616 	-3.38544e-06 	-6.74306e-14
0.0821241 	63.8873 	-3.38544e-06 	-6.74306e-14
0.0823784 	64.113 	-3.38544e-06 	-6.74307e-14
0.0826326 	64.3387 	-3.38544e-06 	-6.74307e-14
0.0828869 	64.5644 	-3.38544e-06 	-6.74307e-14
0.0831411 	64.7901 	-3.38544e-06 	-6.74307e-14
0.0833954 	65.0212 	-3.65052e-06 	-7.13459e-14
0.0836496 	65.256 	-3.65052e-06 	-7.1346e-14
0.0839039 	65.4908 	-3.65052e-06 	-7.1346e-14
0.0841582 	65.7256 	-3.65052e-06 	-7.1346e-14
0.0844124 	65.9604 	-3.65052e-06 	-7.1346e-14
0.0846667 	66.1952 	-3.65052e-06 	-7.1346e-14
0.0849209 	66.43 	-3.65052e-06 	-7.13461e-14
0.0851752 	66.6648 	-3.65052e-06 	-7.13461e-14
0.0854294 	66.9015 	-3.54753e-06 	-7.13373e-14
0.0856837 	67.1456 	-3.54753e-06 	-7.13374e-14
0.0859379 	67.3897 	-3.54753e-06 	-7.13374e-14
0.0861922 	67.6338 	-3.54753e-06 	-7.13374e-14
0.0864464 	67.8779 	-3.54753e-06 	-7.13374e-14
0.0867007 	68.122 	-3.54753e-06 	-7.13374e-14
0.086955 	68.3661 	-3.54753e-06 	-7.13375e-14
0.0872092 	68.6102 	-3.54753e-06 	-7.13375e-14
0.0874635 	68.8543 	-3.54753e-06 	-7.13375e-14
0.0877177 	69.106 	-3.69776e-06 	-7.49618e-14
0.087972 	69.3594 	-3.69776e-06 	-7.49619e-14
0.0882262 	69.6129 	-3.69776e-06 	-7.49619e-14
0.0884805 	69.8664 	-3.69776e-06 	-7.49619e-14
0.0887347 	70.1198 	-3.69776e-06 	-7.49619e-14
0.088989 	70.3733 	-3.69776e-06 	-7.49619e-14
0.0892432 	70.6268 	-3.69776e-06 	-7.4962e-14
0.0894975 	70.8802 	-3.69776e-06 	-7.4962e-14
0.0897518 	71.1373 	-3.58498e-06 	-7.52041e-14
0.090006 	71.3997 	-3.58498e-06 	-7.52041e-14
0.0902603 	71.662 	-3.58498e-06 	-7.52042e-14
0.0905145 	71.9243 	-3.58498e-06 	-7.52042e-14
0.0907688 	72.1867 	-3.58498e-06 	-7.52042e-14
0.091023 	72.449 	-3.58498e-06 	-7.52042e-14
0.0912773 	72.7113 	-3.58498e-06 	-7.52042e-14
0.0915315 	72.9737 	-3.58498e-06 	-7.52043e-14
0.0917858 	73.2361 	-3.71712e-06 	-7.9462e-14
0.09204 	73.5066 	-3.71712e-06 	-7.9462e-14
0.0922943 	73.7771 	-3.71712e-06 	-7.94621e-14
0.0925485 	74.0476 	-3.71712e-06 	-7.94621e-14
0.0928028 	74.3181 	-3.71712e-06 	-7.94621e-14
0.0930571 	74.5886 	-3.71712e-06 	-7.94621e-14
0.0933113 	74.8591 	-3.71712e-06 	-7.94621e-14
0.0935656 	75.1296 	-3.71712e-06 	-7.94622e-14
0.0938198 	75.4002 	-3.71712e-06 	-7.94622e-14
0.0940741 	75.6753 	-3.60583e-06 	-7.96557e-14
0.0943283 	75.9534 	-3.60583e-06 	-7.96557e-14
0.0945826 	76.2314 	-3.60583e-06 	-7.96557e-14
0.0948368 	76.5095 	-3.60583e-06 	-7.96557e-14
0.0950911 	76.7875 	-3.60583e-06 	-7.96557e-14
0.0953453 	77.0655 	-3.60583e-06 	-7.96558e-14
0.0955996 	77.3436 	-3.60583e-06 	-7.96558e-14
0.0958539 	77.6216 	-3.60583e-06 	-7.96558e-14
0.0961081 	77.9012 	-3.71023e-06 	-8.27395e-14
0.0963624 	78.1859 	-3.71023e-06 	-8.27395e-14
0.0966166 	78.4707 	-3.71023e-06 	-8.27396e-14
0.0968709 	78.7555 	-3.71023e-06 	-8.27396e-14
0.0971251 	79.0403 	-3.71023e-06 	-8.27396e-14
0.0973794 	79.325 	-3.71023e-06 	-8.27396e-14
0.0976336 	79.6098 	-3.71023e-06 	-8.27396e-14
0.0978879 	79.8946 	-3.71023e-06 	-8.27397e-14
0.0981421 	80.1793 	-3.71023e-06 	-8.27397e-14
0.0983964 	80.4689 	-3.53671e-06 	-8.39838e-14
0.0986507 	80.7594 	-3.53671e-06 	-8.39838e-14
0.0989049 	81.0499 	-3.53671e-06 	-8.39838e-14
0.0991592 	81.3405 	-3.53671e-06 	-8.39839e-14
0.0994134 	81.631 	-3.53671e-06 	-8.39839e-14
0.0996677 	81.9215 	-3.53671e-06 	-8.39839e-14
0.0999219 	82.212 	-3.53671e-06 	-8.39839e-14
0.100176 	82.5026 	-3.53671e-06 	-8.39839e-14
0.10043 	82.795 	-3.48415e-06 	-8.59863e-14
0.100685 	83.0899 	-3.48415e-06 	-8.59863e-14
0.100939 	83.3848 	-3.48415e-06 	-8.59863e-14
0.101193 	83.6796 	-3.48415e-06 	-8.59863e-14
0.101447 	83.9745 	-3.48415e-06 	-8.59863e-14
0.101702 	84.2694 	-3.48415e-06 	-8.59864e-14
0.101956 	84.5643 	-3.48415e-06 	-8.59864e-14
0.10221 	84.8592 	-3.48415e-06 	-8.59864e-14
0.102464 	85.1541 	-3.26056e-06 	-8.76309e-14
0.102719 	85.4513 	-3.26056e-06 	-8.76309e-14
0.102973 	85.7485 	-3.26056e-06 	-8.7631e-14
0.103227 	86.0457 	-3.26056e-06 	-8.7631e-14
0.103481 	86.3429 	-3.26056e-06 	-8.7631e-14
0.103736 	86.6401 	-3.26056e-06 	-8.7631e-14
0.10399 	86.9373 	-3.26056e-06 	-8.76311e-14
0.104244 	87.2345 	-3.26056e-06 	-8.76311e-14
0.104498 	87.5317 	-3.26056e-06 	-8.76311e-14
0.104753 	87.8291 	-3.24719e-06 	-8.94952e-14
0.105007 	88.1265 	-3.24719e-06 	-8.94953e-14
0.105261 	88.4239 	-3.24719e-06 	-8.94953e-14
0.105516 	88.7213 	-3.24719e-06 	-8.94953e-14
0.10577 	89.0187 	-3.24719e-06 	-8.94953e-14
0.106024 	89.3161 	-3.24719e-06 	-8.94953e-14
0.106278 	89.6135 	-3.24719e-06 	-8.94954e-14
0.106533 	89.9109 	-3.24719e-06 	-8.94954e-14
0.106787 	90.2077 	-2.92869e-06 	-9.10225e-14
0.107041 	90.5027 	-2.92869e-06 	-9.10226e-14
0.107295 	90.7978 	-2.92869e-06 	-9.10226e-14
0.10755 	91.0929 	-2.92869e-06 	-9.10226e-14
0.107804 	91.388 	-2.92869e-06 	-9.10226e-14
0.108058 	91.683 	-2.92869e-06 	-9.10226e-14
0.108312 	91.9781 	-2.92869e-06 	-9.10227e-14
0.108567 	92.2732 	-2.92869e-06 	-9.10227e-14
0.108821 	92.5683 	-2.92869e-06 	-9.10227e-14
0.109075 	92.8589 	-2.83376e-06 	-9.28134e-14
0.109329 	93.1487 	-2.83376e-06 	-9.28134e-14
0.109584 	93.4386 	-2.83376e-06 	-9.28135e-14
0.109838 	93.7284 	-2.83376e-06 	-9.28135e-14
0.110092 	94.0183 	-2.83376e-06 	-9.28135e-14
0.110346 	94.3081 	-2.83376e-06 	-9.28135e-14
0.110601 	94.598 	-2.83376e-06 	-9.28135e-14
0.110855 	94.8878 	-2.83376e-06 	-9.28136e-14
0.111109 	95.1738 	-2.39072e-06 	-9.38464e-14
0.111363 	95.4554 	-2.39072e-06 	-9.38464e-14
0.111618 	95.737 	-2.39072e-06 	-9.38464e-14
0.111872 	96.0185 	-2.39072e-06 	-9.38464e-14
0.112126 	96.3001 	-2.39072e-06 	-9.38465e-14
0.11238 	96.5816 	-2.39072e-06 	-9.38465e-14
0.112635 	96.8632 	-2.39072e-06 	-9.38465e-14
0.112889 	97.1447 	-2.39072e-06 	-9.38465e-14
0.113143 	97.4255 	-2.22656e-06 	-9.55374e-14
0.113397 	97.6954 	-2.22656e-06 	-9.55374e-14
0.113652 	97.9652 	-2.22656e-06 	-9.55374e-14
0.113906 	98.2351 	-2.22656e-06 	-9.55374e-14
0.11416 	98.5049 	-2.22656e-06 	-9.55375e-14
0.114414 	98.7748 	-2.22656e-06 	-9.55375e-14
0.114669 	99.0446 	-2.22656e-06 	-9.55375e-14
0.114923 	99.3145 	-2.22656e-06 	-9.55375e-14
0.115177 	99.5843 	-2.22656e-06 	-9.55375e-14
0.115431 	99.8438 	-1.7399e-06 	-9.61222e-14
0.115686 	100.098 	-1.7399e-06 	-9.61222e-14
0.11594 	100.353 	-1.7399e-06 	-9.61223e-14
0.116194 	100.607 	-1.7399e-06 	-9.61223e-14
0.116448 	100.862 	-1.7399e-06 	-9.61223e-14
0.116703 	101.116 	-1.7399e-06 	-9.61223e-14
0.116957 	101.37 	-1.7399e-06 	-9.61223e-14
0.117211 	101.625 	-1.7399e-06 	-9.61224e-14
0.117465 	101.874 	-1.61953e-06 	-9.65458e-14
0.11772 	102.109 	-1.61953e-06 	-9.65459e-14
0.117974 	102.345 	-1.61953e-06 	-9.65459e-14
0.118228 	102.58 	-1.61953e-06 	-9.65459e-14
0.118482 	102.815 	-1.61953e-06 	-9.65459e-14
0.118737 	103.05 	-1.61953e-06 	-9.65459e-14
0.118991 	103.286 	-1.61953e-06 	-9.6546e-14
0.119245 	103.521 	-1.61953e-06 	-9.6546e-14
0.119499 	103.756 	-1.61953e-06 	-9.6546e-14
0.119754 	103.972 	-8.77459e-07 	-9.83247e-14
0.120008 	104.184 	-8.77459e-07 	-9.83247e-14
0.120262 	104.397 	-8.77459e-07 	-9.83247e-14
0.120517 	104.61 	-8.77459e-07 	-9.83247e-14
0.120771 	104.822 	-8.77459e-07 	-9.83247e-14
0.121025 	105.035 	-8.77459e-07 	-9.83248e-14
0.121279 	105.247 	-8.77459e-07 	-9.83248e-14
0.121534 	105.46 	-8.77459e-07 	-9.83248e-14
0.121788 	105.66 	-7.30441e-07 	-9.75049e-14
0.122042 	105.846 	-7.30441e-07 	-9.7505e-14
0.122296 	106.033 	-7.30441e-07 	-9.7505e-14
0.122551 	106.219 	-7.30441e-07 	-9.7505e-14
0.122805 	106.406 	-7.30441e-07 	-9.7505e-14
0.123059 	106.592 	-7.30441e-07 	-9.7505e-14
0.123313 	106.779 	-7.30441e-07 	-9.7505e-14
0.123568 	106.965 	-7.30441e-07 	-9.7505e-14
0.123822 	107.149 	-2.59708e-07 	-9.89473e-14
0.124076 	107.307 	-2.59708e-07 	-9.89474e-14
0.12433 	107.464 	-2.59708e-07 	-9.89474e-14
0.124585 	107.622 	-2.59708e-07 	-9.89474e-14
0.124839 	107.779 	-2.59708e-07 	-9.89474e-14
0.125093 	107.937 	-2.59708e-07 	-9.89474e-14
0.125347 	108.095 	-2.59708e-07 	-9.89474e-14
0.125602 	108.252 	-2.59708e-07 	-9.89474e-14
0.125856 	108.41 	-2.59708e-07 	-9.89474e-14
0.12611 	108.546 	2.61939e-07 	-9.7715e-14
0.126364 	108.673 	2.61939e-07 	-9.7715e-14
0.126619 	108.799 	2.61939e-07 	-9.7715e-14
0.126873 	108.926 	2.61939e-07 	-9.7715e-14
0.127127 	109.052 	2.61939e-07 	-9.77151e-14
0.127381 	109.179 	2.61939e-07 	-9.77151e-14
0.127636 	109.306 	2.61939e-07 	-9.77151e-14
0.12789 	109.432 	2.61939e-07 	-9.77151e-14
0.128144 	109.549 	5.95645e-07 	-9.83406e-14
0.128398 	109.644 	5.95645e-07 	-9.83406e-14
0.128653 	109.739 	5.95645e-07 	-9.83406e-14
0.128907 	109.833 	5.95645e-07 	-9.83406e-14
0.129161 	109.928 	5.95645e-07 	-9.83406e-14
0.129415 	110.022 	5.95645e-07 	-9.83406e-14
0.12967 	110.117 	5.95645e-07 	-9.83406e-14
0.129924 	110.211 	5.95645e-07 	-9.83407e-14
0.130178 	110.306 	5.95645e-07 	-9.83407e-14
0.130432 	110.371 	8.24794e-07 	-9.76806e-14
0.130687 	110.433 	8.24794e-07 	-9.76806e-14
0.130941 	110.495 	8.24794e-07 	-9.76806e-14
0.131195 	110.557 	8.24794e-07 	-9.76806e-14
0.131449 	110.619 	8.24794e-07 	-9.76806e-14
0.131704 	110.682 	8.24794e-07 	-9.76806e-14
0.131958 	110.744 	8.24794e-07 	-9.76806e-14
0.132212 	110.806 	8.24794e-07 	-9.76806e-14
0.132466 	110.845 	9.79095e-07 	-9.76387e-14
0.132721 	110.862 	9.79095e-07 	-9.76387e-14
0.132975 	110.88 	9.79095e-07 	-9.76387e-14
0.133229 	110.897 	9.79095e-07 	-9.76387e-14
0.133483 	110.915 	9.79095e-07 	-9.76388e-14
0.133738 	110.932 	9.79095e-07 	-9.76388e-14
0.133992 	110.95 	9.79095e-07 	-9.76388e-14
0.134246 	110.967 	9.79095e-07 	-9.76388e-14
0.134501 	110.98 	1.0556e-06 	-9.7574e-14
0.134755 	110.961 	1.0556e-06 	-9.7574e-14
0.135009 	110.942 	1.0556e-06 	-9.7574e-14
0.135263 	110.923 	1.0556e-06 	-9.7574e-14
0.135518 	110.904 	1.0556e-06 	-9.7574e-14
0.135772 	110.885 	1.0556e-06 	-9.7574e-14
0.136026 	110.866 	1.0556e-06 	-9.7574e-14
0.13628 	110.847 	1.0556e-06 	-9.7574e-14
0.136535 	110.828 	1.0556e-06 	-9.7574e-14
0.136789 	110.788 	1.11539e-06 	-9.61544e-14
0.137043 	110.739 	1.11539e-06 	-9.61544e-14
0.137297 	110.69 	1.11539e-06 	-9.61544e-14
0.137552 	110.642 	1.11539e-06 	-9.61544e-14
0.137806 	110.593 	1.11539e-06 	-9.61544e-14
0.13806 	110.544 	1.11539e-06 	-9.61544e-14
0.138314 	110.495 	1.11539e-06 	-9.61544e-14
0.138569 	110.446 	1.11539e-06 	-9.61544e-14
0.138823 	110.38 	1.3971e-06 	-9.79627e-14
0.139077 	110.278 	1.3971e-06 	-9.79627e-14
0.139331 	110.176 	1.3971e-06 	-9.79627e-14
0.139586 	110.074 	1.3971e-06 	-9.79627e-14
0.13984 	109.973 	1.3971e-06 	-9.79627e-14
0.140094 	109.871 	1.3971e-06 	-9.79627e-14
0.140348 	109.769 	1.3971e-06 	-9.79627e-14
0.140603 	109.667 	1.3971e-06 	-9.79627e-14
0.140857 	109.565 	1.3971e-06 	-9.79627e-14
0.141111 	109.413 	1.53018e-06 	-9.38429e-14
0.141365 	109.259 	1.53018e-06 	-9.38429e-14
0.14162 	109.104 	1.53018e-06 	-9.38429e-14
0.141874 	108.949 	1.53018e-06 	-9.38429e-14
0.142128 	108.794 	1.53018e-06 	-9.38429e-14
0.142382 	108.639 	1.53018e-06 	-9.38429e-14
0.142637 	108.485 	1.53018e-06 	-9.38428e-14
0.142891 	108.33 	1.53018e-06 	-9.38428e-14
0.143145 	108.154 	1.64056e-06 	-9.69751e-14
0.143399 	107.959 	1.64056e-06 	-9.69751e-14
0.143654 	107.765 	1.64056e-06 	-9.69751e-14
0.143908 	107.571 	1.64056e-06 	-9.69751e-14
0.144162 	107.377 	1.64056e-06 	-9.69751e-14
0.144416 	107.183 	1.64056e-06 	-9.6975e-14
0.144671 	106.988 	1.64056e-06 	-9.6975e-14
0.144925 	106.794 	1.64056e-06 	-9.6975e-14
0.145179 	106.596 	1.65698e-06 	-9.33108e-14
0.145433 	106.373 	1.65698e-06 	-9.33108e-14
0.145688 	106.15 	1.65698e-06 	-9.33108e-14
0.145942 	105.928 	1.65698e-06 	-9.33108e-14
0.146196 	105.705 	1.65698e-06 	-9.33108e-14
0.14645 	105.482 	1.65698e-06 	-9.33107e-14
0.146705 	105.26 	1.65698e-06 	-9.33107e-14
0.146959 	105.037 	1.65698e-06 	-9.33107e-14
0.147213 	104.814 	1.65698e-06 	-9.33107e-14
0.147467 	104.578 	1.63064e-06 	-9.46751e-14
0.147722 	104.338 	1.63064e-06 	-9.4675e-14
0.147976 	104.097 	1.63064e-06 	-9.4675e-14
0.14823 	103.857 	1.63064e-06 	-9.4675e-14
0.148484 	103.616 	1.63064e-06 	-9.4675e-14
0.148739 	103.376 	1.63064e-06 	-9.4675e-14
0.148993 	103.135 	1.63064e-06 	-9.4675e-14
0.149247 	102.895 	1.63064e-06 	-9.46749e-14
0.149502 	102.652 	1.72671e-06 	-9.08875e-14
0.149756 	102.404 	1.72671e-06 	-9.08875e-14
0.15001 	102.157 	1.72671e-06 	-9.08874e-14
0.150264 	101.909 	1.72671e-06 	-9.08874e-14
0.150519 	101.661 	1.72671e-06 	-9.08874e-14
0.150773 	101.414 	1.72671e-06 	-9.08874e-14
0.151027 	101.166 	1.72671e-06 	-9.08874e-14
0.151281 	100.919 	1.72671e-06 	-9.08874e-14
0.151536 	100.671 	1.72671e-06 	-9.08873e-14
0.15179 	100.426 	1.6192e-06 	-9.38531e-14
0.152044 	100.181 	1.6192e-06 	-9.38531e-14
0.152298 	99.9354 	1.6192e-06 	-9.38531e-14
0.152553 	99.6903 	1.6192e-06 	-9.38531e-14
0.152807 	99.4451 	1.6192e-06 	-9.3853e-14
0.153061 	99.1999 	1.6192e-06 	-9.3853e-14
0.153315 	98.9547 	1.6192e-06 	-9.3853e-14
0.15357 	98.7095 	1.6192e-06 	-9.3853e-14
0.153824 	98.4702 	1.59425e-06 	-8.91276e-14
0.154078 	98.2354 	1.59425e-06 	-8.91275e-14
0.154332 	98.0007 	1.59425e-06 	-8.91275e-14
0.154587 	97.7659 	1.59425e-06 	-8.91275e-14
0.154841 	97.5312 	1.59425e-06 	-8.91275e-14
0.155095 	97.2964 	1.59425e-06 	-8.91275e-14
0.155349 	97.0617 	1.59425e-06 	-8.91275e-14
0.155604 	96.8269 	1.59425e-06 	-8.91274e-14
0.155858 	96.595 	1.44282e-06 	-9.23305e-14
0.156112 	96.3769 	1.44282e-06 	-9.23305e-14
0.156366 	96.1589 	1.44282e-06 	-9.23305e-14
0.156621 	95.9409 	1.44282e-06 	-9.23305e-14
0.156875 	95.7228 	1.44282e-06 	-9.23305e-14
0.157129 	95.5048 	1.44282e-06 	-9.23304e-14
0.157383 	95.2868 	1.44282e-06 	-9.23304e-14
0.157638 	95.0687 	1.44282e-06 	-9.23304e-14
0.157892 	94.8507 	1.44282e-06 	-9.23304e-14
0.158146 	94.6485 	1.3713e-06 	-8.71678e-14
0.1584 	94.4509 	1.3713e-06 	-8.71678e-14
0.158655 	94.2533 	1.3713e-06 	-8.71678e-14
0.158909 	94.0557 	1.3713e-06 	-8.71678e-14
0.159163 	93.8581 	1.3713e-06 	-8.71678e-14
0.159417 	93.6605 	1.3713e-06 	-8.71677e-14
0.159672 	93.4629 	1.3713e-06 	-8.71677e-14
0.159926 	93.2653 	1.3713e-06 	-8.71677e-14
0.16018 	93.0753 	1.41396e-06 	-9.06967e-14
0.160434 	92.8977 	1.41396e-06 	-9.06967e-14
0.160689 	92.7202 	1.41396e-06 	-9.06967e-14
0.160943 	92.5426 	1.41396e-06 	-9.06966e-14
0.161197 	92.365 	1.41396e-06 	-9.06966e-14
0.161451 	92.1875 	1.41396e-06 	-9.06966e-14
0.161706 	92.0099 	1.41396e-06 	-9.06966e-14
0.16196 	91.8324 	1.41396e-06 	-9.06966e-14
0.162214 	91.6548 	1.41396e-06 	-9.06966e-14
0.162468 	91.493 	1.55077e-06 	-8.6365e-14
0.162723 	91.3315 	1.55077e-06 	-8.6365e-14
0.162977 	91.17 	1.55077e-06 	-8.6365e-14
0.163231 	91.0085 	1.55077e-06 	-8.63649e-14
0.163485 	90.8471 	1.55077e-06 	-8.63649e-14
0.16374 	90.6856 	1.55077e-06 	-8.63649e-14
0.163994 	90.5241 	1.55077e-06 	-8.63649e-14
0.164248 	90.3626 	1.55077e-06 	-8.63649e-14
0.164503 	90.2072 	1.69653e-06 	-8.78445e-14
0.164757 	90.0561 	1.69653e-06 	-8.78445e-14
0.165011 	89.9051 	1.69653e-06 	-8.78445e-14
0.165265 	89.754 	1.69653e-06 	-8.78445e-14
0.16552 	89.603 	1.69653e-06 	-8.78445e-14
0.165774 	89.4519 	1.69653e-06 	-8.78445e-14
0.166028 	89.3008 	1.69653e-06 	-8.78445e-14
0.166282 	89.1498 	1.69653e-06 	-8.78445e-14
0.166537 	88.9997 	1.84056e-06 	-8.50472e-14
0.166791 	88.8536 	1.84056e-06 	-8.50472e-14
0.167045 	88.7075 	1.84056e-06 	-8.50472e-14
0.167299 	88.5614 	1.84056e-06 	-8.50472e-14
0.167554 	88.4153 	1.84056e-06 	-8.50472e-14
0.167808 	88.2692 	1.84056e-06 	-8.50472e-14
0.168062 	88.1231 	1.84056e-06 	-8.50472e-14
0.168316 	87.977 	1.84056e-06 	-8.50471e-14
0.168571 	87.8309 	1.84056e-06 	-8.50471e-14
0.168825 	87.6854 	1.91133e-06 	-8.57221e-14
0.169079 	87.54 	1.91133e-06 	-8.57221e-14
0.169333 	87.3947 	1.91133e-06 	-8.57221e-14
0.169588 	87.2493 	1.91133e-06 	-8.57221e-14
0.169842 	87.1039 	1.91133e-06 	-8.57221e-14
0.170096 	86.9585 	1.91133e-06 	-8.5722e-14
0.17035 	86.8132 	1.91133e-06 	-8.5722e-14
0.170605 	86.6678 	1.91133e-06 	-8.5722e-14
0.170859 	86.5218 	1.91927e-06 	-8.31616e-14
0.171113 	86.3748 	1.91927e-06 	-8.31616e-14
0.171367 	86.2279 	1.91927e-06 	-8.31616e-14
0.171622 	86.0809 	1.91927e-06 	-8.31616e-14
0.171876 	85.934 	1.91927e-06 	-8.31616e-14
0.17213 	85.787 	1.91927e-06 	-8.31616e-14
0.172384 	85.6401 	1.91927e-06 	-8.31615e-14
0.172639 	85.4931 	1.91927e-06 	-8.31615e-14
0.172893 	85.3462 	1.92085e-06 	-8.37164e-14
0.173147 	85.1971 	1.92085e-06 	-8.37164e-14
0.173401 	85.0481 	1.92085e-06 	-8.37164e-14
0.173656 	84.899 	1.92085e-06 	-8.37164e-14
0.17391 	84.75 	1.92085e-06 	-8.37164e-14
0.174164 	84.6009 	1.92085e-06 	-8.37164e-14
0.174418 	84.4519 	1.92085e-06 	-8.37164e-14
0.174673 	84.3028 	1.92085e-06 	-8.37164e-14
0.174927 	84.1538 	1.92085e-06 	-8.37164e-14
0.175181 	84.0039 	1.91495e-06 	-8.11939e-14
0.175435 	83.8535 	1.91495e-06 	-8.11939e-14
0.17569 	83.7031 	1.91495e-06 	-8.11938e-14
0.175944 	83.5526 	1.91495e-06 	-8.11938e-14
0.176198 	83.4022 	1.91495e-06 	-8.11938e-14
0.176452 	83.2518 	1.91495e-06 	-8.11938e-14
0.176707 	83.1014 	1.91495e-06 	-8.11938e-14
0.176961 	82.951 	1.91495e-06 	-8.11938e-14
0.177215 	82.8006 	1.90354e-06 	-8.15404e-14
0.177469 	82.65 	1.90354e-06 	-8.15404e-14
0.177724 	82.4995 	1.90354e-06 	-8.15404e-14
0.177978 	82.349 	1.90354e-06 	-8.15404e-14
0.178232 	82.1985 	1.90354e-06 	-8.15404e-14
0.178486 	82.0479 	1.90354e-06 	-8.15404e-14
0.178741 	81.8974 	1.90354e-06 	-8.15404e-14
0.178995 	81.7469 	1.90354e-06 	-8.15404e-14
0.179249 	81.5963 	1.90354e-06 	-8.15404e-14
0.179504 	81.4469 	1.89741e-06 	-7.97322e-14
0.179758 	81.2977 	1.89741e-06 	-7.97322e-14
0.180012 	81.1484 	1.89741e-06 	-7.97322e-14
0.180266 	80.9992 	1.89741e-06 	-7.97322e-14
0.180521 	80.85 	1.89741e-06 	-7.97321e-14
0.180775 	80.7007 	1.89741e-06 	-7.97321e-14
0.181029 	80.5515 	1.89741e-06 	-7.97321e-14
0.181283 	80.4023 	1.89741e-06 	-7.97321e-14
0.181538 	80.2542 	1.83605e-06 	-7.9324e-14
0.181792 	80.1076 	1.83605e-06 	-7.9324e-14
0.182046 	79.961 	1.83605e-06 	-7.9324e-14
0.1823 	79.8145 	1.83605e-06 	-7.9324e-14
0.182555 	79.6679 	1.83605e-06 	-7.9324e-14
0.182809 	79.5213 	1.83605e-06 	-7.9324e-14
0.183063 	79.3747 	1.83605e-06 	-7.9324e-14
0.183317 	79.2281 	1.83605e-06 	-7.9324e-14
0.183572 	79.0817 	1.80415e-06 	-7.78073e-14
0.183826 	78.939 	1.80415e-06 	-7.78073e-14
0.18408 	78.7962 	1.80415e-06 	-7.78073e-14
0.184334 	78.6535 	1.80415e-06 	-7.78073e-14
0.184589 	78.5108 	1.80415e-06 	-7.78073e-14
0.184843 	78.3681 	1.80415e-06 	-7.78072e-14
0.185097 	78.2254 	1.80415e-06 	-7.78072e-14
0.185351 	78.0826 	1.80415e-06 	-7.78072e-14
0.185606 	77.9399 	1.80415e-06 	-7.78072e-14
0.18586 	77.8002 	1.75733e-06 	-7.7369e-14
0.186114 	77.6622 	1.75733e-06 	-7.7369e-14
0.186368 	77.5243 	1.75733e-06 	-7.7369e-14
0.186623 	77.3863 	1.75733e-06 	-7.7369e-14
0.186877 	77.2483 	1.75733e-06 	-7.73689e-14
0.187131 	77.1103 	1.75733e-06 	-7.73689e-14
0.187385 	76.9723 	1.75733e-06 	-7.73689e-14
0.18764 	76.8343 	1.75733e-06 	-7.73689e-14
0.187894 	76.6976 	1.73558e-06 	-7.57741e-14
0.188148 	76.5649 	1.73558e-06 	-7.57741e-14
0.188402 	76.4322 	1.73558e-06 	-7.57741e-14
0.188657 	76.2995 	1.73558e-06 	-7.57741e-14
0.188911 	76.1668 	1.73558e-06 	-7.57741e-14
0.189165 	76.034 	1.73558e-06 	-7.5774e-14
0.189419 	75.9013 	1.73558e-06 	-7.5774e-14
0.189674 	75.7686 	1.73558e-06 	-7.5774e-14
0.189928 	75.6359 	1.73558e-06 	-7.5774e-14
0.190182 	75.5079 	1.71465e-06 	-7.56298e-14
0.190436 	75.3807 	1.71465e-06 	-7.56297e-14
0.190691 	75.2535 	1.71465e-06 	-7.56297e-14
0.190945 	75.1262 	1.71465e-06 	-7.56297e-14
0.191199 	74.999 	1.71465e-06 	-7.56297e-14
0.191453 	74.8718 	1.71465e-06 	-7.56297e-14
0.191708 	74.7446 	1.71465e-06 	-7.56297e-14
0.191962 	74.6174 	1.71465e-06 	-7.56297e-14
0.192216 	74.4927 	1.69441e-06 	-7.30836e-14
0.19247 	74.3709 	1.69441e-06 	-7.30836e-14
0.192725 	74.2492 	1.69441e-06 	-7.30836e-14
0.192979 	74.1274 	1.69441e-06 	-7.30836e-14
0.193233 	74.0057 	1.69441e-06 	-7.30836e-14
0.193487 	73.8839 	1.69441e-06 	-7.30836e-14
0.193742 	73.7622 	1.69441e-06 	-7.30836e-14
0.193996 	73.6405 	1.69441e-06 	-7.30836e-14
0.19425 	73.519 	1.66124e-06 	-7.2909e-14
0.194505 	73.4026 	1.66124e-06 	-7.2909e-14
0.194759 	73.2861 	1.66124e-06 	-7.2909e-14
0.195013 	73.1696 	1.66124e-06 	-7.2909e-14
0.195267 	73.0532 	1.66124e-06 	-7.2909e-14
0.195522 	72.9367 	1.66124e-06 	-7.29089e-14
0.195776 	72.8202 	1.66124e-06 	-7.29089e-14
0.19603 	72.7037 	1.66124e-06 	-7.29089e-14
0.196284 	72.5873 	1.66124e-06 	-7.29089e-14
0.196539 	72.4742 	1.62876e-06 	-7.14923e-14
0.196793 	72.3629 	1.62876e-06 	-7.14923e-14
0.197047 	72.2515 	1.62876e-06 	-7.14923e-14
0.197301 	72.1402 	1.62876e-06 	-7.14923e-14
0.197556 	72.0288 	1.62876e-06 	-7.14923e-14
0.19781 	71.9175 	1.62876e-06 	-7.14923e-14
0.198064 	71.8061 	1.62876e-06 	-7.14923e-14
0.198318 	71.6948 	1.62876e-06 	-7.14923e-14
0.198573 	71.5848 	1.57243e-06 	-7.03243e-14
0.198827 	71.4784 	1.57243e-06 	-7.03242e-14
0.199081 	71.372 	1.57243e-06 	-7.03242e-14
0.199335 	71.2656 	1.57243e-06 	-7.03242e-14
0.19959 	71.1592 	1.57243e-06 	-7.03242e-14
0.199844 	71.0528 	1.57243e-06 	-7.03242e-14
0.200098 	70.9464 	1.57243e-06 	-7.03242e-14
0.200352 	70.84 	1.57243e-06 	-7.03242e-14
0.200607 	70.7336 	1.57243e-06 	-7.03242e-14
0.200861 	70.6314 	1.52089e-06 	-6.95774e-14
0.201115 	70.5297 	1.52089e-06 	-6.95774e-14
0.201369 	70.4281 	1.52089e-06 	-6.95774e-14
0.201624 	70.3265 	1.52089e-06 	-6.95774e-14
0.201878 	70.2249 	1.52089e-06 	-6.95774e-14
0.202132 	70.1233 	1.52089e-06 	-6.95773e-14
0.202386 	70.0216 	1.52089e-06 	-6.95773e-14
0.202641 	69.92 	1.52089e-06 	-6.95773e-14
0.202895 	69.8206 	1.45464e-06 	-6.91566e-14
0.203149 	69.7235 	1.45464e-06 	-6.91566e-14
0.203403 	69.6264 	1.45464e-06 	-6.91566e-14
0.203658 	69.5293 	1.45464e-06 	-6.91566e-14
0.203912 	69.4322 	1.45464e-06 	-6.91566e-14
0.204166 	69.3351 	1.45464e-06 	-6.91566e-14
0.20442 	69.238 	1.45464e-06 	-6.91566e-14
0.204675 	69.1409 	1.45464e-06 	-6.91566e-14
0.204929 	69.0441 	1.3993e-06 	-6.75528e-14
0.205183 	68.9514 	1.3993e-06 	-6.75528e-14
0.205437 	68.8587 	1.3993e-06 	-6.75528e-14
0.205692 	68.766 	1.3993e-06 	-6.75528e-14
0.205946 	68.6733 	1.3993e-06 	-6.75528e-14
0.2062 	68.5805 	1.3993e-06 	-6.75528e-14
0.206454 	68.4878 	1.3993e-06 	-6.75528e-14
0.206709 	68.3951 	1.3993e-06 	-6.75528e-14
0.206963 	68.3024 	1.3993e-06 	-6.75528e-14
0.207217 	68.2126 	1.32402e-06 	-6.65857e-14
0.207471 	68.1243 	1.32402e-06 	-6.65857e-14
0.207726 	68.0359 	1.32402e-06 	-6.65857e-14
0.20798 	67.9475 	1.32402e-06 	-6.65857e-14
0.208234 	67.8591 	1.32402e-06 	-6.65857e-14
0.208488 	67.7708 	1.32402e-06 	-6.65857e-14
0.208743 	67.6824 	1.32402e-06 	-6.65857e-14
0.208997 	67.594 	1.32402e-06 	-6.65857e-14
0.209251 	67.5069 	1.26525e-06 	-6.64564e-14
0.209506 	67.4229 	1.26525e-06 	-6.64564e-14
0.20976 	67.339 	1.26525e-06 	-6.64564e-14
0.210014 	67.255 	1.26525e-06 	-6.64564e-14
0.210268 	67.171 	1.26525e-06 	-6.64564e-14
0.210523 	67.087 	1.26525e-06 	-6.64564e-14
0.210777 	67.0031 	1.26525e-06 	-6.64564e-14
0.211031 	66.9191 	1.26525e-06 	-6.64564e-14
0.211285 	66.8351 	1.26525e-06 	-6.64564e-14
0.21154 	66.7551 	1.1961e-06 	-6.45276e-14
0.211794 	66.6755 	1.1961e-06 	-6.45276e-14
0.212048 	66.5959 	1.1961e-06 	-6.45276e-14
0.212302 	66.5163 	1.1961e-06 	-6.45276e-14
0.212557 	66.4368 	1.1961e-06 	-6.45276e-14
0.212811 	66.3572 	1.1961e-06 	-6.45276e-14
0.213065 	66.2776 	1.1961e-06 	-6.45276e-14
0.213319 	66.198 	1.1961e-06 	-6.45276e-14
0.213574 	66.1206 	1.13284e-06 	-6.42857e-14
0.213828 	66.0454 	1.13284e-06 	-6.42857e-14
0.214082 	65.9703 	1.13284e-06 	-6.42857e-14
0.214336 	65.8951 	1.13284e-06 	-6.42857e-14
0.214591 	65.8199 	1.13284e-06 	-6.42856e-14
0.214845 	65.7447 	1.13284e-06 	-6.42856e-14
0.215099 	65.6695 	1.13284e-06 	-6.42856e-14
0.215353 	65.5943 	1.13284e-06 	-6.42856e-14
0.215608 	65.5196 	1.05263e-06 	-6.35097e-14
0.215862 	65.4487 	1.05263e-06 	-6.35097e-14
0.216116 	65.3779 	1.05263e-06 	-6.35097e-14
0.21637 	65.307 	1.05263e-06 	-6.35097e-14
0.216625 	65.2362 	1.05263e-06 	-6.35097e-14
0.216879 	65.1653 	1.05263e-06 	-6.35097e-14
0.217133 	65.0945 	1.05263e-06 	-6.35097e-14
0.217387 	65.0236 	1.05263e-06 	-6.35097e-14
0.217642 	64.9528 	1.05263e-06 	-6.35097e-14
0.217896 	64.885 	9.94773e-07 	-6.30941e-14
0.21815 	64.8184 	9.94773e-07 	-6.30941e-14
0.218404 	64.7519 	9.94773e-07 	-6.30941e-14
0.218659 	64.6853 	9.94773e-07 	-6.30941e-14
0.218913 	64.6188 	9.94773e-07 	-6.30941e-14
0.219167 	64.5522 	9.94773e-07 	-6.30941e-14
0.219421 	64.4857 	9.94773e-07 	-6.30941e-14
0.219676 	64.4191 	9.94773e-07 	-6.3094e-14
0.21993 	64.3539 	9.29837e-07 	-6.22887e-14
0.220184 	64.2916 	9.29837e-07 	-6.22887e-14
0.220438 	64.2293 	9.29837e-07 	-6.22887e-14
0.220693 	64.1669 	9.29837e-07 	-6.22887e-14
0.220947 	64.1046 	9.29837e-07 	-6.22887e-14
0.221201 	64.0423 	9.29837e-07 	-6.22887e-14
0.221455 	63.98 	9.29837e-07 	-6.22887e-14
0.22171 	63.9176 	9.29837e-07 	-6.22887e-14
0.221964 	63.8553 	9.29837e-07 	-6.22887e-14
0.222218 	63.7969 	8.70175e-07 	-6.31377e-14
0.222472 	63.7388 	8.70175e-07 	-6.31377e-14
0.222727 	63.6807 	8.70175e-07 	-6.31377e-14
0.222981 	63.6226 	8.70175e-07 	-6.31377e-14
0.223235 	63.5645 	8.70175e-07 	-6.31377e-14
0.223489 	63.5064 	8.70175e-07 	-6.31377e-14
0.223744 	63.4483 	8.70175e-07 	-6.31377e-14
0.223998 	63.3902 	8.70175e-07 	-6.31377e-14
0.224252 	63.3343 	8.00464e-07 	-6.14422e-14
0.224507 	63.2804 	8.00464e-07 	-6.14422e-14
0.224761 	63.2266 	8.00464e-07 	-6.14422e-14
0.225015 	63.1727 	8.00464e-07 	-6.14422e-14
0.225269 	63.1188 	8.00464e-07 	-6.14422e-14
0.225524 	63.065 	8.00464e-07 	-6.14422e-14
0.225778 	63.0111 	8.00464e-07 	-6.14422e-14
0.226032 	62.9572 	8.00464e-07 	-6.14422e-14
0.226286 	62.9039 	7.50359e-07 	-6.22762e-14
0.226541 	62.8543 	7.50359e-07 	-6.22762e-14
0.226795 	62.8046 	7.50359e-07 	-6.22762e-14
0.227049 	62.755 	7.50359e-07 	-6.22762e-14
0.227303 	62.7053 	7.50359e-07 	-6.22762e-14
0.227558 	62.6557 	7.50359e-07 	-6.22762e-14
0.227812 	62.6061 	7.50359e-07 	-6.22762e-14
0.228066 	62.5564 	7.50359e-07 	-6.22762e-14
0.22832 	62.5068 	7.50359e-07 	-6.22762e-14
0.228575 	62.4602 	6.86129e-07 	-6.13356e-14
0.228829 	62.4147 	6.86129e-07 	-6.13356e-14
0.229083 	62.3691 	6.86129e-07 	-6.13356e-14
0.229337 	62.3236 	6.86129e-07 	-6.13356e-14
0.229592 	62.2781 	6.86129e-07 	-6.13356e-14
0.229846 	62.2326 	6.86129e-07 	-6.13356e-14
0.2301 	62.1871 	6.86129e-07 	-6.13356e-14
0.230354 	62.1416 	6.86129e-07 	-6.13356e-14
0.230609 	62.0975 	6.33247e-07 	-6.15843e-14
0.230863 	62.056 	6.33247e-07 	-6.15843e-14
0.231117 	62.0146 	6.33247e-07 	-6.15843e-14
0.231371 	61.9732 	6.33247e-07 	-6.15843e-14
0.231626 	61.9318 	6.33247e-07 	-6.15843e-14
0.23188 	61.8903 	6.33247e-07 	-6.15843e-14
0.232134 	61.8489 	6.33247e-07 	-6.15843e-14
0.232388 	61.8075 	6.33247e-07 	-6.15843e-14
0.232643 	61.7661 	6.33247e-07 	-6.15843e-14
0.232897 	61.7284 	5.70682e-07 	-6.00192e-14
0.233151 	61.691 	5.70682e-07 	-6.00192e-14
0.233405 	61.6535 	5.70682e-07 	-6.00192e-14
0.23366 	61.6161 	5.70682e-07 	-6.00192e-14
0.233914 	61.5787 	5.70682e-07 	-6.00192e-14
0.234168 	61.5412 	5.70682e-07 	-6.00192e-14
0.234422 	61.5038 	5.70682e-07 	-6.00192e-14
0.234677 	61.4663 	5.70682e-07 	-6.00192e-14
0.234931 	61.431 	5.19993e-07 	-6.07219e-14
0.235185 	61.3975 	5.19993e-07 	-6.07219e-14
0.235439 	61.3639 	5.19993e-07 	-6.07219e-14
0.235694 	61.3303 	5.19993e-07 	-6.07219e-14
0.235948 	61.2967 	5.19993e-07 	-6.07218e-14
0.236202 	61.2632 	5.19993e-07 	-6.07218e-14
0.236456 	61.2296 	5.19993e-07 	-6.07218e-14
0.236711 	61.196 	5.19993e-07 	-6.07218e-14
0.236965 	61.163 	4.59799e-07 	-5.93981e-14
0.237219 	61.1332 	4.59799e-07 	-5.93981e-14
0.237473 	61.1033 	4.59799e-07 	-5.93981e-14
0.237728 	61.0735 	4.59799e-07 	-5.93981e-14
0.237982 	61.0436 	4.59799e-07 	-5.93981e-14
0.238236 	61.0138 	4.59799e-07 	-5.93981e-14
0.23849 	60.9839 	4.59799e-07 	-5.93981e-14
0.238745 	60.954 	4.59799e-07 	-5.93981e-14
0.238999 	60.9242 	4.59799e-07 	-5.93981e-14
0.239253 	60.8971 	4.11532e-07 	-6.00631e-14
0.239508 	60.8709 	4.11532e-07 	-6.00631e-14
0.239762 	60.8448 	4.11532e-07 	-6.00631e-14
0.240016 	60.8186 	4.11532e-07 	-6.00631e-14
0.24027 	60.7924 	4.11532e-07 	-6.00631e-14
0.240525 	60.7662 	4.11532e-07 	-6.00631e-14
0.240779 	60.74 	4.11532e-07 	-6.00631e-14
0.241033 	60.7138 	4.11532e-07 	-6.00631e-14
0.241287 	60.689 	3.55514e-07 	-5.79559e-14
0.241542 	60.6664 	3.55514e-07 	-5.79559e-14
0.241796 	60.6438 	3.55514e-07 	-5.79559e-14
0.24205 	60.6212 	3.55514e-07 	-5.79559e-14
0.242304 	60.5986 	3.55514e-07 	-5.79559e-14
0.242559 	60.576 	3.55514e-07 	-5.79559e-14
0.242813 	60.5534 	3.55514e-07 	-5.79559e-14
0.243067 	60.5308 	3.55514e-07 	-5.79559e-14
0.243321 	60.5082 	3.55514e-07 	-5.79559e-14
0.243576 	60.489 	3.1096e-07 	-5.96191e-14
0.24383 	60.4698 	3.1096e-07 	-5.96191e-14
0.244084 	60.4507 	3.1096e-07 	-5.96191e-14
0.244338 	60.4315 	3.1096e-07 	-5.96191e-14
0.244593 	60.4124 	3.1096e-07 	-5.96191e-14
0.244847 	60.3932 	3.1096e-07 	-5.96191e-14
0.245101 	60.3741 	3.1096e-07 	-5.96191e-14
0.245355 	60.355 	3.1096e-07 	-5.96191e-14
0.24561 	60.3377 	2.63213e-07 	-5.77151e-14
0.245864 	60.3218 	2.63213e-07 	-5.77151e-14
0.246118 	60.3059 	2.63213e-07 	-5.77151e-14
0.246372 	60.2901 	2.63213e-07 	-5.77151e-14
0.246627 	60.2742 	2.63213e-07 	-5.77151e-14
0.246881 	60.2583 	2.63213e-07 	-5.77151e-14
0.247135 	60.2424 	2.63213e-07 	-5.77151e-14
0.247389 	60.2265 	2.63213e-07 	-5.77151e-14
0.247644 	60.2112 	2.31293e-07 	-5.88347e-14
0.247898 	60.1985 	2.31293e-07 	-5.88347e-14
0.248152 	60.1858 	2.31293e-07 	-5.88347e-14
0.248406 	60.173 	2.31293e-07 	-5.88347e-14
0.248661 	60.1603 	2.31293e-07 	-5.88347e-14
0.248915 	60.1476 	2.31293e-07 	-5.88347e-14
0.249169 	60.1348 	2.31293e-07 	-5.88347e-14
0.249423 	60.1221 	2.31293e-07 	-5.88347e-14
0.249678 	60.1094 	2.31293e-07 	-5.88347e-14
0.249932 	60.0973 	2.00877e-07 	-5.81394e-14
0.250186 	60.0855 	2.00877e-07 	-5.81394e-14
0.25044 	60.0737 	2.00877e-07 	-5.81394e-14
0.250695 	60.0619 	2.00877e-07 	-5.81394e-14
0.250949 	60.05 	2.00877e-07 	-5.81394e-14
0.251203 	60.0382 	2.00877e-07 	-5.81393e-14
0.251457 	60.0264 	2.00877e-07 	-5.81393e-14
0.251712 	60.0145 	2.00877e-07 	-5.81393e-14
0.251966 	60.004 	1.90935e-07 	-5.85807e-14
0.25222 	59.9956 	1.90935e-07 	-5.85807e-14
0.252474 	59.9871 	1.90935e-07 	-5.85807e-14
0.252729 	59.9786 	1.90935e-07 	-5.85807e-14
0.252983 	59.9701 	1.90935e-07 	-5.85807e-14
0.253237 	59.9616 	1.90935e-07 	-5.85807e-14
0.253491 	59.9532 	1.90935e-07 	-5.85807e-14
0.253746 	59.9447 	1.90935e-07 	-5.85807e-14
0.254 	59.9362 	2.07803e-07 	-5.1198e-17
