0 	34.6479 	-0.0138537 	-1.33045e-08
0.000254254 	34.6566 	-3.22353e-07 	-6.0318e-09
0.000508509 	34.6651 	-3.22353e-07 	-6.0318e-09
0.000762763 	34.6735 	-3.22353e-07 	-6.0318e-09
0.00101702 	34.682 	-3.22353e-07 	-6.0318e-09
0.00127127 	34.6904 	-3.22353e-07 	-6.0318e-09
0.00152553 	34.6989 	-3.22353e-07 	-6.0318e-09
0.00177978 	34.7074 	-3.22353e-07 	-6.0318e-09
0.00203403 	34.7158 	-3.22353e-07 	-6.0318e-09
0.00228829 	34.7243 	-3.22353e-07 	-6.0318e-09
0.00254254 	34.7327 	-3.22353e-07 	-6.0318e-09
0.0027968 	34.7412 	-3.22353e-07 	-6.0318e-09
0.00305105 	34.7496 	-3.22353e-07 	-6.0318e-09
0.00330531 	34.7581 	-3.22353e-07 	-6.0318e-09
0.00355956 	34.7666 	-3.22353e-07 	-6.0318e-09
0.00381381 	34.775 	-3.22353e-07 	-6.0318e-09
0.00406807 	34.7835 	-3.22353e-07 	-6.0318e-09
0.00432232 	34.7919 	-3.22353e-07 	-6.0318e-09
0.00457658 	34.8004 	-3.22353e-07 	-6.0318e-09
0.00483083 	34.8088 	-3.22353e-07 	-6.0318e-09
0.00508509 	34.8206 	-4.08264e-07 	-6.00855e-09
0.00533934 	34.8372 	-4.08264e-07 	-6.00855e-09
0.00559359 	34.8537 	-4.08264e-07 	-6.00855e-09
0.00584785 	34.8703 	-4.08264e-07 	-6.00855e-09
0.0061021 	34.8868 	-4.08264e-07 	-6.00855e-09
0.00635636 	34.9034 	-4.08264e-07 	-6.00855e-09
0.00661061 	34.9199 	-4.08264e-07 	-6.00855e-09
0.00686486 	34.9365 	-4.08264e-07 	-6.00855e-09
0.00711912 	34.953 	-4.08264e-07 	-6.00855e-09
0.00737337 	34.9696 	-4.08264e-07 	-6.00855e-09
0.00762763 	34.9861 	-4.08264e-07 	-6.00855e-09
0.00788188 	35.0027 	-4.08264e-07 	-6.00855e-09
0.00813614 	35.0192 	-4.08264e-07 	-6.00855e-09
0.00839039 	35.0358 	-4.08264e-07 	-6.00855e-09
0.00864464 	35.0523 	-4.08264e-07 	-6.00855e-09
0.0088989 	35.0689 	-4.08264e-07 	-6.00855e-09
0.00915315 	35.0854 	-4.08264e-07 	-6.00855e-09
0.00940741 	35.102 	-4.08264e-07 	-6.00855e-09
0.00966166 	35.1185 	-4.08264e-07 	-6.00855e-09
0.00991592 	35.1351 	-4.08264e-07 	-6.00855e-09
0.0101702 	35.1559 	-6.86233e-07 	-6.11904e-09
0.0104244 	35.1775 	-6.86233e-07 	-6.11904e-09
0.0106787 	35.1992 	-6.86233e-07 	-6.11904e-09
0.0109329 	35.2209 	-6.86233e-07 	-6.11904e-09
0.0111872 	35.2426 	-6.86233e-07 	-6.11904e-09
0.0114414 	35.2643 	-6.86233e-07 	-6.11904e-09
0.0116957 	35.286 	-6.86233e-07 	-6.11904e-09
0.0119499 	35.3076 	-6.86233e-07 	-6.11904e-09
0.0122042 	35.3293 	-6.86233e-07 	-6.11904e-09
0.0124585 	35.351 	-6.86233e-07 	-6.11904e-09
0.0127127 	35.3727 	-6.86233e-07 	-6.11904e-09
0.012967 	35.3944 	-6.86233e-07 	-6.11904e-09
0.0132212 	35.4161 	-6.86233e-07 	-6.11904e-09
0.0134755 	35.4378 	-6.86233e-07 	-6.11904e-09
0.0137297 	35.4594 	-6.86233e-07 	-6.11904e-09
0.013984 	35.4811 	-6.86233e-07 	-6.11904e-09
0.0142382 	35.5028 	-6.86233e-07 	-6.11904e-09
0.0144925 	35.5245 	-6.86233e-07 	-6.11904e-09
0.0147467 	35.5462 	-6.86233e-07 	-6.11904e-09
0.015001 	35.57 	-9.05844e-07 	-6.16125e-09
0.0152553 	35.6008 	-9.05844e-07 	-6.16125e-09
0.0155095 	35.6316 	-9.05844e-07 	-6.16125e-09
0.0157638 	35.6624 	-9.05844e-07 	-6.16125e-09
0.016018 	35.6932 	-9.05844e-07 	-6.16125e-09
0.0162723 	35.724 	-9.05844e-07 	-6.16125e-09
0.0165265 	35.7548 	-9.05844e-07 	-6.16125e-09
0.0167808 	35.7856 	-9.05844e-07 	-6.16125e-09
0.017035 	35.8164 	-9.05844e-07 	-6.16125e-09
0.0172893 	35.8472 	-9.05844e-07 	-6.16125e-09
0.0175435 	35.878 	-9.05844e-07 	-6.16125e-09
0.0177978 	35.9088 	-9.05844e-07 	-6.16125e-09
0.0180521 	35.9396 	-9.05844e-07 	-6.16125e-09
0.0183063 	35.9704 	-9.05844e-07 	-6.16125e-09
0.0185606 	36.0012 	-9.05844e-07 	-6.16125e-09
0.0188148 	36.032 	-9.05844e-07 	-6.16125e-09
0.0190691 	36.0627 	-9.05844e-07 	-6.16125e-09
0.0193233 	36.0935 	-9.05844e-07 	-6.16125e-09
0.0195776 	36.1243 	-9.05844e-07 	-6.16125e-09
0.0198318 	36.1551 	-9.05844e-07 	-6.16125e-09
0.0200861 	36.1916 	-1.10797e-06 	-6.3716e-09
0.0203403 	36.2311 	-1.10797e-06 	-6.3716e-09
0.0205946 	36.2706 	-1.10797e-06 	-6.3716e-09
0.0208488 	36.3102 	-1.10797e-06 	-6.3716e-09
0.0211031 	36.3497 	-1.10797e-06 	-6.3716e-09
0.0213574 	36.3892 	-1.10797e-06 	-6.3716e-09
0.0216116 	36.4288 	-1.10797e-06 	-6.3716e-09
0.0218659 	36.4683 	-1.10797e-06 	-6.3716e-09
0.0221201 	36.5078 	-1.10797e-06 	-6.3716e-09
0.0223744 	36.5474 	-1.10797e-06 	-6.3716e-09
0.0226286 	36.5869 	-1.10797e-06 	-6.3716e-09
0.0228829 	36.6264 	-1.10797e-06 	-6.3716e-09
0.0231371 	36.666 	-1.10797e-06 	-6.3716e-09
0.0233914 	36.7055 	-1.10797e-06 	-6.3716e-09
0.0236456 	36.745 	-1.10797e-06 	-6.3716e-09
0.0238999 	36.7846 	-1.10797e-06 	-6.3716e-09
0.0241542 	36.8241 	-1.10797e-06 	-6.3716e-09
0.0244084 	36.8636 	-1.10797e-06 	-6.3716e-09
0.0246627 	36.9032 	-1.10797e-06 	-6.3716e-09
0.0249169 	36.9433 	-1.31447e-06 	-6.57656e-09
0.0251712 	36.9936 	-1.31447e-06 	-6.57656e-09
0.0254254 	37.0438 	-1.31447e-06 	-6.57656e-09
0.0256797 	37.094 	-1.31447e-06 	-6.57656e-09
0.0259339 	37.1442 	-1.31447e-06 	-6.57656e-09
0.0261882 	37.1945 	-1.31447e-06 	-6.57656e-09
0.0264424 	37.2447 	-1.31447e-06 	-6.57656e-09
0.0266967 	37.2949 	-1.31447e-06 	-6.57656e-09
0.026951 	37.3451 	-1.31447e-06 	-6.57656e-09
0.0272052 	37.3954 	-1.31447e-06 	-6.57656e-09
0.0274595 	37.4456 	-1.31447e-06 	-6.57656e-09
0.0277137 	37.4958 	-1.31447e-06 	-6.57656e-09
0.027968 	37.5461 	-1.31447e-06 	-6.57656e-09
0.0282222 	37.5963 	-1.31447e-06 	-6.57656e-09
0.0284765 	37.6465 	-1.31447e-06 	-6.57656e-09
0.0287307 	37.6967 	-1.31447e-06 	-6.57656e-09
0.028985 	37.747 	-1.31447e-06 	-6.57656e-09
0.0292392 	37.7972 	-1.31447e-06 	-6.57656e-09
0.0294935 	37.8474 	-1.31447e-06 	-6.57656e-09
0.0297477 	37.8976 	-1.31447e-06 	-6.57656e-09
0.030002 	37.9533 	-1.50649e-06 	-6.19668e-09
0.0302563 	38.015 	-1.50649e-06 	-6.19668e-09
0.0305105 	38.0768 	-1.50649e-06 	-6.19668e-09
0.0307648 	38.1385 	-1.50649e-06 	-6.19668e-09
0.031019 	38.2002 	-1.50649e-06 	-6.19668e-09
0.0312733 	38.262 	-1.50649e-06 	-6.19668e-09
0.0315275 	38.3237 	-1.50649e-06 	-6.19668e-09
0.0317818 	38.3854 	-1.50649e-06 	-6.19668e-09
0.032036 	38.4472 	-1.50649e-06 	-6.19668e-09
0.0322903 	38.5089 	-1.50649e-06 	-6.19668e-09
0.0325445 	38.5706 	-1.50649e-06 	-6.19668e-09
0.0327988 	38.6324 	-1.50649e-06 	-6.19668e-09
0.0330531 	38.6941 	-1.50649e-06 	-6.19668e-09
0.0333073 	38.7558 	-1.50649e-06 	-6.19668e-09
0.0335616 	38.8176 	-1.50649e-06 	-6.19668e-09
0.0338158 	38.8793 	-1.50649e-06 	-6.19668e-09
0.0340701 	38.941 	-1.50649e-06 	-6.19668e-09
0.0343243 	39.0027 	-1.50649e-06 	-6.19668e-09
0.0345786 	39.0645 	-1.50649e-06 	-6.19668e-09
0.0348328 	39.1262 	-1.50649e-06 	-6.19668e-09
0.0350871 	39.1988 	-1.70933e-06 	-6.94274e-09
0.0353413 	39.2728 	-1.70933e-06 	-6.94274e-09
0.0355956 	39.3468 	-1.70933e-06 	-6.94274e-09
0.0358498 	39.4208 	-1.70933e-06 	-6.94274e-09
0.0361041 	39.4948 	-1.70933e-06 	-6.94274e-09
0.0363584 	39.5688 	-1.70933e-06 	-6.94274e-09
0.0366126 	39.6428 	-1.70933e-06 	-6.94274e-09
0.0368669 	39.7168 	-1.70933e-06 	-6.94274e-09
0.0371211 	39.7908 	-1.70933e-06 	-6.94274e-09
0.0373754 	39.8648 	-1.70933e-06 	-6.94274e-09
0.0376296 	39.9388 	-1.70933e-06 	-6.94274e-09
0.0378839 	40.0128 	-1.70933e-06 	-6.94274e-09
0.0381381 	40.0868 	-1.70933e-06 	-6.94274e-09
0.0383924 	40.1608 	-1.70933e-06 	-6.94274e-09
0.0386466 	40.2348 	-1.70933e-06 	-6.94274e-09
0.0389009 	40.3088 	-1.70933e-06 	-6.94274e-09
0.0391552 	40.3828 	-1.70933e-06 	-6.94274e-09
0.0394094 	40.4568 	-1.70933e-06 	-6.94274e-09
0.0396637 	40.5308 	-1.70933e-06 	-6.94274e-09
0.0399179 	40.6086 	-1.93673e-06 	-7.81967e-09
0.0401722 	40.6957 	-1.93673e-06 	-7.81967e-09
0.0404264 	40.7827 	-1.93673e-06 	-7.81967e-09
0.0406807 	40.8698 	-1.93673e-06 	-7.81967e-09
0.0409349 	40.9568 	-1.93673e-06 	-7.81967e-09
0.0411892 	41.0439 	-1.93673e-06 	-7.81967e-09
0.0414434 	41.1309 	-1.93673e-06 	-7.81967e-09
0.0416977 	41.218 	-1.93673e-06 	-7.81967e-09
0.041952 	41.305 	-1.93673e-06 	-7.81967e-09
0.0422062 	41.392 	-1.93673e-06 	-7.81967e-09
0.0424605 	41.4791 	-1.93673e-06 	-7.81967e-09
0.0427147 	41.5661 	-1.93673e-06 	-7.81967e-09
0.042969 	41.6532 	-1.93673e-06 	-7.81967e-09
0.0432232 	41.7402 	-1.93673e-06 	-7.81967e-09
0.0434775 	41.8273 	-1.93673e-06 	-7.81967e-09
0.0437317 	41.9143 	-1.93673e-06 	-7.81967e-09
0.043986 	42.0014 	-1.93673e-06 	-7.81967e-09
0.0442402 	42.0884 	-1.93673e-06 	-7.81967e-09
0.0444945 	42.1755 	-1.93673e-06 	-7.81967e-09
0.0447487 	42.2625 	-1.93673e-06 	-7.81967e-09
0.045003 	42.3594 	-2.19905e-06 	-6.51113e-09
0.0452573 	42.4603 	-2.19905e-06 	-6.51113e-09
0.0455115 	42.5613 	-2.19905e-06 	-6.51113e-09
0.0457658 	42.6622 	-2.19905e-06 	-6.51113e-09
0.04602 	42.7632 	-2.19905e-06 	-6.51113e-09
0.0462743 	42.8641 	-2.19905e-06 	-6.51113e-09
0.0465285 	42.9651 	-2.19905e-06 	-6.51113e-09
0.0467828 	43.066 	-2.19905e-06 	-6.51113e-09
0.047037 	43.167 	-2.19905e-06 	-6.51113e-09
0.0472913 	43.2679 	-2.19905e-06 	-6.51113e-09
0.0475455 	43.3689 	-2.19905e-06 	-6.51113e-09
0.0477998 	43.4698 	-2.19905e-06 	-6.51113e-09
0.0480541 	43.5708 	-2.19905e-06 	-6.51113e-09
0.0483083 	43.6717 	-2.19905e-06 	-6.51113e-09
0.0485626 	43.7727 	-2.19905e-06 	-6.51113e-09
0.0488168 	43.8736 	-2.19905e-06 	-6.51113e-09
0.0490711 	43.9746 	-2.19905e-06 	-6.51113e-09
0.0493253 	44.0755 	-2.19905e-06 	-6.51113e-09
0.0495796 	44.1765 	-2.19905e-06 	-6.51113e-09
0.0498338 	44.2792 	-2.50119e-06 	-7.79164e-09
0.0500881 	44.3951 	-2.50119e-06 	-7.79164e-09
0.0503423 	44.5111 	-2.50119e-06 	-7.79164e-09
0.0505966 	44.627 	-2.50119e-06 	-7.79164e-09
0.0508509 	44.7429 	-2.50119e-06 	-7.79164e-09
0.0511051 	44.8589 	-2.50119e-06 	-7.79164e-09
0.0513594 	44.9748 	-2.50119e-06 	-7.79164e-09
0.0516136 	45.0907 	-2.50119e-06 	-7.79164e-09
0.0518679 	45.2067 	-2.50119e-06 	-7.79164e-09
0.0521221 	45.3226 	-2.50119e-06 	-7.79164e-09
0.0523764 	45.4385 	-2.50119e-06 	-7.79164e-09
0.0526306 	45.5545 	-2.50119e-06 	-7.79164e-09
0.0528849 	45.6704 	-2.50119e-06 	-7.79164e-09
0.0531391 	45.7864 	-2.50119e-06 	-7.79164e-09
0.0533934 	45.9023 	-2.50119e-06 	-7.79164e-09
0.0536476 	46.0182 	-2.50119e-06 	-7.79164e-09
0.0539019 	46.1342 	-2.50119e-06 	-7.79164e-09
0.0541562 	46.2501 	-2.50119e-06 	-7.79164e-09
0.0544104 	46.366 	-2.50119e-06 	-7.79164e-09
0.0546647 	46.482 	-2.50119e-06 	-7.79164e-09
0.0549189 	46.6065 	-2.84524e-06 	-7.89139e-09
0.0551732 	46.7388 	-2.84524e-06 	-7.89139e-09
0.0554274 	46.871 	-2.84524e-06 	-7.89139e-09
0.0556817 	47.0032 	-2.84524e-06 	-7.89139e-09
0.0559359 	47.1355 	-2.84524e-06 	-7.89139e-09
0.0561902 	47.2677 	-2.84524e-06 	-7.89139e-09
0.0564444 	47.3999 	-2.84524e-06 	-7.89139e-09
0.0566987 	47.5321 	-2.84524e-06 	-7.89139e-09
0.056953 	47.6644 	-2.84524e-06 	-7.89139e-09
0.0572072 	47.7966 	-2.84524e-06 	-7.89139e-09
0.0574615 	47.9288 	-2.84524e-06 	-7.89139e-09
0.0577157 	48.061 	-2.84524e-06 	-7.89139e-09
0.05797 	48.1933 	-2.84524e-06 	-7.89139e-09
0.0582242 	48.3255 	-2.84524e-06 	-7.89139e-09
0.0584785 	48.4577 	-2.84524e-06 	-7.89139e-09
0.0587327 	48.59 	-2.84524e-06 	-7.89139e-09
0.058987 	48.7222 	-2.84524e-06 	-7.89139e-09
0.0592412 	48.8544 	-2.84524e-06 	-7.89139e-09
0.0594955 	48.9866 	-2.84524e-06 	-7.89139e-09
0.0597497 	49.1189 	-2.84524e-06 	-7.89139e-09
0.060004 	49.2678 	-3.22619e-06 	-3.39535e-09
0.0602583 	49.4178 	-3.22619e-06 	-3.39535e-09
0.0605125 	49.5678 	-3.22619e-06 	-3.39535e-09
0.0607668 	49.7178 	-3.22619e-06 	-3.39535e-09
0.061021 	49.8678 	-3.22619e-06 	-3.39535e-09
0.0612753 	50.0178 	-3.22619e-06 	-3.39535e-09
0.0615295 	50.1678 	-3.22619e-06 	-3.39535e-09
0.0617838 	50.3178 	-3.22619e-06 	-3.39535e-09
0.062038 	50.4678 	-3.22619e-06 	-3.39535e-09
0.0622923 	50.6178 	-3.22619e-06 	-3.39535e-09
0.0625465 	50.7678 	-3.22619e-06 	-3.39535e-09
0.0628008 	50.9178 	-3.22619e-06 	-3.39535e-09
0.0630551 	51.0678 	-3.22619e-06 	-3.39535e-09
0.0633093 	51.2178 	-3.22619e-06 	-3.39535e-09
0.0635636 	51.3678 	-3.22619e-06 	-3.39535e-09
0.0638178 	51.5178 	-3.22619e-06 	-3.39535e-09
0.0640721 	51.6678 	-3.22619e-06 	-3.39535e-09
0.0643263 	51.8178 	-3.22619e-06 	-3.39535e-09
0.0645806 	51.9678 	-3.22619e-06 	-3.39535e-09
0.0648348 	52.1246 	-3.63188e-06 	-2.20657e-08
0.0650891 	52.294 	-3.63188e-06 	-2.20657e-08
0.0653433 	52.4634 	-3.63188e-06 	-2.20657e-08
0.0655976 	52.6328 	-3.63188e-06 	-2.20657e-08
0.0658519 	52.8022 	-3.63188e-06 	-2.20657e-08
0.0661061 	52.9716 	-3.63188e-06 	-2.20657e-08
0.0663604 	53.141 	-3.63188e-06 	-2.20657e-08
0.0666146 	53.3104 	-3.63188e-06 	-2.20657e-08
0.0668689 	53.4797 	-3.63188e-06 	-2.20657e-08
0.0671231 	53.6491 	-3.63188e-06 	-2.20657e-08
0.0673774 	53.8185 	-3.63188e-06 	-2.20657e-08
0.0676316 	53.9879 	-3.63188e-06 	-2.20657e-08
0.0678859 	54.1573 	-3.63188e-06 	-2.20657e-08
0.0681401 	54.3267 	-3.63188e-06 	-2.20657e-08
0.0683944 	54.4961 	-3.63188e-06 	-2.20657e-08
0.0686486 	54.6655 	-3.63188e-06 	-2.20657e-08
0.0689029 	54.8349 	-3.63188e-06 	-2.20657e-08
0.0691572 	55.0042 	-3.63188e-06 	-2.20657e-08
0.0694114 	55.1736 	-3.63188e-06 	-2.20657e-08
0.0696657 	55.343 	-3.63188e-06 	-2.20657e-08
0.0699199 	55.5285 	-4.03492e-06 	-5.88267e-08
0.0701742 	55.719 	-4.03492e-06 	-5.88267e-08
0.0704284 	55.9095 	-4.03492e-06 	-5.88267e-08
0.0706827 	56.0999 	-4.03492e-06 	-5.88267e-08
0.0709369 	56.2904 	-4.03492e-06 	-5.88267e-08
0.0711912 	56.4809 	-4.03492e-06 	-5.88267e-08
0.0714454 	56.6713 	-4.03492e-06 	-5.88267e-08
0.0716997 	56.8618 	-4.03492e-06 	-5.88267e-08
0.071954 	57.0523 	-4.03492e-06 	-5.88267e-08
0.0722082 	57.2427 	-4.03492e-06 	-5.88267e-08
0.0724625 	57.4332 	-4.03492e-06 	-5.88267e-08
0.0727167 	57.6237 	-4.03492e-06 	-5.88267e-08
0.072971 	57.8141 	-4.03492e-06 	-5.88267e-08
0.0732252 	58.0046 	-4.03492e-06 	-5.88267e-08
0.0734795 	58.1951 	-4.03492e-06 	-5.88267e-08
0.0737337 	58.3855 	-4.03492e-06 	-5.88267e-08
0.073988 	58.576 	-4.03492e-06 	-5.88267e-08
0.0742422 	58.7665 	-4.03492e-06 	-5.88267e-08
0.0744965 	58.9569 	-4.03492e-06 	-5.88267e-08
0.0747508 	59.1514 	-4.40506e-06 	1.03356e-07
0.075005 	59.3645 	-4.40506e-06 	1.03356e-07
0.0752593 	59.5776 	-4.40506e-06 	1.03356e-07
0.0755135 	59.7907 	-4.40506e-06 	1.03356e-07
0.0757678 	60.0038 	-4.40506e-06 	1.03356e-07
0.076022 	60.2169 	-4.40506e-06 	1.03356e-07
0.0762763 	60.43 	-4.40506e-06 	1.03356e-07
0.0765305 	60.6431 	-4.40506e-06 	1.03356e-07
0.0767848 	60.8562 	-4.40506e-06 	1.03356e-07
0.077039 	61.0693 	-4.40506e-06 	1.03356e-07
0.0772933 	61.2824 	-4.40506e-06 	1.03356e-07
0.0775475 	61.4955 	-4.40506e-06 	1.03356e-07
0.0778018 	61.7086 	-4.40506e-06 	1.03356e-07
0.0780561 	61.9217 	-4.40506e-06 	1.03356e-07
0.0783103 	62.1348 	-4.40506e-06 	1.03356e-07
0.0785646 	62.3479 	-4.40506e-06 	1.03356e-07
0.0788188 	62.561 	-4.40506e-06 	1.03356e-07
0.0790731 	62.7741 	-4.40506e-06 	1.03356e-07
0.0793273 	62.9872 	-4.40506e-06 	1.03356e-07
0.0795816 	63.2003 	-4.40506e-06 	1.03356e-07
0.0798358 	63.4273 	-4.72485e-06 	4.47386e-07
0.0800901 	63.6641 	-4.72485e-06 	4.47386e-07
0.0803443 	63.9009 	-4.72485e-06 	4.47386e-07
0.0805986 	64.1377 	-4.72485e-06 	4.47386e-07
0.0808529 	64.3745 	-4.72485e-06 	4.47386e-07
0.0811071 	64.6113 	-4.72485e-06 	4.47386e-07
0.0813614 	64.8481 	-4.72485e-06 	4.47386e-07
0.0816156 	65.0849 	-4.72485e-06 	4.47386e-07
0.0818699 	65.3217 	-4.72485e-06 	4.47386e-07
0.0821241 	65.5585 	-4.72485e-06 	4.47386e-07
0.0823784 	65.7952 	-4.72485e-06 	4.47386e-07
0.0826326 	66.032 	-4.72485e-06 	4.47386e-07
0.0828869 	66.2688 	-4.72485e-06 	4.47386e-07
0.0831411 	66.5056 	-4.72485e-06 	4.47386e-07
0.0833954 	66.7424 	-4.72485e-06 	4.47386e-07
0.0836496 	66.9792 	-4.72485e-06 	4.47386e-07
0.0839039 	67.216 	-4.72485e-06 	4.47386e-07
0.0841582 	67.4528 	-4.72485e-06 	4.47386e-07
0.0844124 	67.6896 	-4.72485e-06 	4.47386e-07
0.0846667 	67.9264 	-4.62059e-06 	-7.62413e-10
0.0849209 	68.1872 	-4.98632e-06 	-7.59203e-07
0.0851752 	68.4481 	-4.98632e-06 	-7.59203e-07
0.0854294 	68.709 	-4.98632e-06 	-7.59203e-07
0.0856837 	68.9699 	-4.98632e-06 	-7.59203e-07
0.0859379 	69.2307 	-4.98632e-06 	-7.59203e-07
0.0861922 	69.4916 	-4.98632e-06 	-7.59203e-07
0.0864464 	69.7525 	-4.98632e-06 	-7.59203e-07
0.0867007 	70.0133 	-4.98632e-06 	-7.59203e-07
0.086955 	70.2742 	-4.98632e-06 	-7.59203e-07
0.0872092 	70.5351 	-4.98632e-06 	-7.59203e-07
0.0874635 	70.796 	-4.98632e-06 	-7.59203e-07
0.0877177 	71.0568 	-4.98632e-06 	-7.59203e-07
0.087972 	71.3177 	-4.98632e-06 	-7.59203e-07
0.0882262 	71.5786 	-4.98632e-06 	-7.59203e-07
0.0884805 	71.8395 	-4.98632e-06 	-7.59203e-07
0.0887347 	72.1003 	-4.98632e-06 	-7.59203e-07
0.088989 	72.3612 	-4.98632e-06 	-7.59203e-07
0.0892432 	72.6221 	-4.98632e-06 	-7.59203e-07
0.0894975 	72.8829 	-4.98632e-06 	-7.59203e-07
0.0897518 	73.1533 	-5.14093e-06 	-2.92914e-06
0.090006 	73.4371 	-5.14093e-06 	-2.92914e-06
0.0902603 	73.7209 	-5.14093e-06 	-2.92914e-06
0.0905145 	74.0047 	-5.14093e-06 	-2.92914e-06
0.0907688 	74.2886 	-5.14093e-06 	-2.92914e-06
0.091023 	74.5724 	-5.14093e-06 	-2.92914e-06
0.0912773 	74.8562 	-5.14093e-06 	-2.92914e-06
0.0915315 	75.14 	-5.14093e-06 	-2.92914e-06
0.0917858 	75.4239 	-5.14093e-06 	-2.92914e-06
0.09204 	75.7077 	-5.14093e-06 	-2.92914e-06
0.0922943 	75.9915 	-5.14093e-06 	-2.92914e-06
0.0925485 	76.2753 	-5.14093e-06 	-2.92914e-06
0.0928028 	76.5592 	-5.14093e-06 	-2.92914e-06
0.0930571 	76.843 	-5.14093e-06 	-2.92914e-06
0.0933113 	77.1268 	-5.14093e-06 	-2.92914e-06
0.0935656 	77.4106 	-5.14093e-06 	-2.92914e-06
0.0938198 	77.6945 	-5.14093e-06 	-2.92914e-06
0.0940741 	77.9783 	-5.14093e-06 	-2.92914e-06
0.0943283 	78.2621 	-5.14093e-06 	-2.92914e-06
0.0945826 	78.5459 	-5.14093e-06 	-2.92914e-06
0.0948368 	78.8468 	-5.18929e-06 	3.21071e-06
0.0950911 	79.1513 	-5.18929e-06 	3.21071e-06
0.0953453 	79.4558 	-5.18929e-06 	3.21071e-06
0.0955996 	79.7603 	-5.18929e-06 	3.21071e-06
0.0958539 	80.0649 	-5.18929e-06 	3.21071e-06
0.0961081 	80.3694 	-5.18929e-06 	3.21071e-06
0.0963624 	80.6739 	-5.18929e-06 	3.21071e-06
0.0966166 	80.9784 	-5.18929e-06 	3.21071e-06
0.0968709 	81.2829 	-5.18929e-06 	3.21071e-06
0.0971251 	81.5874 	-5.18929e-06 	3.21071e-06
0.0973794 	81.8919 	-5.18929e-06 	3.21071e-06
0.0976336 	82.1964 	-5.18929e-06 	3.21071e-06
0.0978879 	82.5009 	-5.18929e-06 	3.21071e-06
0.0981421 	82.8055 	-5.18929e-06 	3.21071e-06
0.0983964 	83.11 	-5.18929e-06 	3.21071e-06
0.0986507 	83.4145 	-5.18929e-06 	3.21071e-06
0.0989049 	83.719 	-5.18929e-06 	3.21071e-06
0.0991592 	84.0235 	-5.18929e-06 	3.21071e-06
0.0994134 	84.328 	-5.18929e-06 	3.21071e-06
0.0996677 	84.6358 	-4.93146e-06 	1.15508e-05
0.0999219 	84.954 	-4.93146e-06 	1.15508e-05
0.100176 	85.2723 	-4.93146e-06 	1.15508e-05
0.10043 	85.5905 	-4.93146e-06 	1.15508e-05
0.100685 	85.9088 	-4.93146e-06 	1.15508e-05
0.100939 	86.227 	-4.93146e-06 	1.15508e-05
0.101193 	86.5453 	-4.93146e-06 	1.15508e-05
0.101447 	86.8635 	-4.93146e-06 	1.15508e-05
0.101702 	87.1818 	-4.93146e-06 	1.15508e-05
0.101956 	87.5 	-4.93146e-06 	1.15508e-05
0.10221 	87.8183 	-4.93146e-06 	1.15508e-05
0.102464 	88.1366 	-4.93146e-06 	1.15508e-05
0.102719 	88.4548 	-4.93146e-06 	1.15508e-05
0.102973 	88.7731 	-4.93146e-06 	1.15508e-05
0.103227 	89.0913 	-4.93146e-06 	1.15508e-05
0.103481 	89.4096 	-4.93146e-06 	1.15508e-05
0.103736 	89.7278 	-4.93146e-06 	1.15508e-05
0.10399 	90.0461 	-4.93146e-06 	1.15508e-05
0.104244 	90.3643 	-4.93146e-06 	1.15508e-05
0.104498 	90.6826 	-4.93146e-06 	1.15508e-05
0.104753 	91.003 	-4.63345e-06 	-7.16377e-06
0.105007 	91.3246 	-4.63345e-06 	-7.16377e-06
0.105261 	91.6462 	-4.63345e-06 	-7.16377e-06
0.105516 	91.9678 	-4.63345e-06 	-7.16377e-06
0.10577 	92.2894 	-4.63345e-06 	-7.16377e-06
0.106024 	92.6109 	-4.63345e-06 	-7.16377e-06
0.106278 	92.9325 	-4.63345e-06 	-7.16377e-06
0.106533 	93.2541 	-4.63345e-06 	-7.16377e-06
0.106787 	93.5757 	-4.63345e-06 	-7.16377e-06
0.107041 	93.8973 	-4.63345e-06 	-7.16377e-06
0.107295 	94.2189 	-4.63345e-06 	-7.16377e-06
0.10755 	94.5405 	-4.63345e-06 	-7.16377e-06
0.107804 	94.8621 	-4.63345e-06 	-7.16377e-06
0.108058 	95.1836 	-4.63345e-06 	-7.16377e-06
0.108312 	95.5052 	-4.63345e-06 	-7.16377e-06
0.108567 	95.8268 	-4.63345e-06 	-7.16377e-06
0.108821 	96.1484 	-4.63345e-06 	-7.16377e-06
0.109075 	96.47 	-4.63345e-06 	-7.16377e-06
0.109329 	96.7916 	-4.63345e-06 	-7.16377e-06
0.109584 	97.1121 	-3.62717e-06 	-2.6138e-05
0.109838 	97.4158 	-3.62717e-06 	-2.6138e-05
0.110092 	97.7194 	-3.62717e-06 	-2.6138e-05
0.110346 	98.0231 	-3.62717e-06 	-2.6138e-05
0.110601 	98.3268 	-3.62717e-06 	-2.6138e-05
0.110855 	98.6304 	-3.62717e-06 	-2.6138e-05
0.111109 	98.9341 	-3.62717e-06 	-2.6138e-05
0.111363 	99.2377 	-3.62717e-06 	-2.6138e-05
0.111618 	99.5414 	-3.62717e-06 	-2.6138e-05
0.111872 	99.8451 	-3.62717e-06 	-2.6138e-05
0.112126 	100.149 	-3.62717e-06 	-2.6138e-05
0.11238 	100.452 	-3.62717e-06 	-2.6138e-05
0.112635 	100.756 	-3.62717e-06 	-2.6138e-05
0.112889 	101.06 	-3.62717e-06 	-2.6138e-05
0.113143 	101.363 	-3.62717e-06 	-2.6138e-05
0.113397 	101.667 	-3.62717e-06 	-2.6138e-05
0.113652 	101.971 	-3.62717e-06 	-2.6138e-05
0.113906 	102.274 	-3.62717e-06 	-2.6138e-05
0.11416 	102.578 	-3.62717e-06 	-2.6138e-05
0.114414 	102.882 	-3.62717e-06 	-2.6138e-05
0.114669 	103.161 	-2.94288e-06 	4.64575e-06
0.114923 	103.414 	-2.94288e-06 	4.64575e-06
0.115177 	103.667 	-2.94288e-06 	4.64575e-06
0.115431 	103.92 	-2.94288e-06 	4.64575e-06
0.115686 	104.173 	-2.94288e-06 	4.64575e-06
0.11594 	104.426 	-2.94288e-06 	4.64575e-06
0.116194 	104.679 	-2.94288e-06 	4.64575e-06
0.116448 	104.931 	-2.94288e-06 	4.64575e-06
0.116703 	105.184 	-2.94288e-06 	4.64575e-06
0.116957 	105.437 	-2.94288e-06 	4.64575e-06
0.117211 	105.69 	-2.94288e-06 	4.64575e-06
0.117465 	105.943 	-2.94288e-06 	4.64575e-06
0.11772 	106.196 	-2.94288e-06 	4.64575e-06
0.117974 	106.449 	-2.94288e-06 	4.64575e-06
0.118228 	106.702 	-2.94288e-06 	4.64575e-06
0.118482 	106.954 	-2.94288e-06 	4.64575e-06
0.118737 	107.207 	-2.94288e-06 	4.64575e-06
0.118991 	107.46 	-2.94288e-06 	4.64575e-06
0.119245 	107.713 	-2.94288e-06 	4.64575e-06
0.119499 	107.966 	-2.94288e-06 	4.64575e-06
0.119754 	108.147 	-1.41755e-06 	2.60096e-05
0.120008 	108.318 	-1.41755e-06 	2.60096e-05
0.120262 	108.489 	-1.41755e-06 	2.60096e-05
0.120517 	108.66 	-1.41755e-06 	2.60096e-05
0.120771 	108.831 	-1.41755e-06 	2.60096e-05
0.121025 	109.002 	-1.41755e-06 	2.60096e-05
0.121279 	109.173 	-1.41755e-06 	2.60096e-05
0.121534 	109.344 	-1.41755e-06 	2.60096e-05
0.121788 	109.515 	-1.41755e-06 	2.60096e-05
0.122042 	109.686 	-1.41755e-06 	2.60096e-05
0.122296 	109.858 	-1.41755e-06 	2.60096e-05
0.122551 	110.029 	-1.41755e-06 	2.60096e-05
0.122805 	110.2 	-1.41755e-06 	2.60096e-05
0.123059 	110.371 	-1.41755e-06 	2.60096e-05
0.123313 	110.542 	-1.41755e-06 	2.60096e-05
0.123568 	110.713 	-1.41755e-06 	2.60096e-05
0.123822 	110.884 	-1.41755e-06 	2.60096e-05
0.124076 	111.055 	-1.41755e-06 	2.60096e-05
0.12433 	111.226 	-1.41755e-06 	2.60096e-05
0.124585 	111.367 	-3.25609e-07 	1.03292e-05
0.124839 	111.434 	-3.25609e-07 	1.03292e-05
0.125093 	111.501 	-3.25609e-07 	1.03292e-05
0.125347 	111.568 	-3.25609e-07 	1.03292e-05
0.125602 	111.635 	-3.25609e-07 	1.03292e-05
0.125856 	111.702 	-3.25609e-07 	1.03292e-05
0.12611 	111.769 	-3.25609e-07 	1.03292e-05
0.126364 	111.836 	-3.25609e-07 	1.03292e-05
0.126619 	111.904 	-3.25609e-07 	1.03292e-05
0.126873 	111.971 	-3.25609e-07 	1.03292e-05
0.127127 	112.038 	-3.25609e-07 	1.03292e-05
0.127381 	112.105 	-3.25609e-07 	1.03292e-05
0.127636 	112.172 	-3.25609e-07 	1.03292e-05
0.12789 	112.239 	-3.25609e-07 	1.03292e-05
0.128144 	112.306 	-3.25609e-07 	1.03292e-05
0.128398 	112.373 	-3.25609e-07 	1.03292e-05
0.128653 	112.44 	-3.25609e-07 	1.03292e-05
0.128907 	112.507 	-3.25609e-07 	1.03292e-05
0.129161 	112.574 	-3.25609e-07 	1.03292e-05
0.129415 	112.642 	-3.25609e-07 	1.03292e-05
0.12967 	112.626 	4.74869e-07 	-3.99861e-06
0.129924 	112.576 	4.74869e-07 	-3.99861e-06
0.130178 	112.526 	4.74869e-07 	-3.99861e-06
0.130432 	112.476 	4.74869e-07 	-3.99861e-06
0.130687 	112.425 	4.74869e-07 	-3.99861e-06
0.130941 	112.375 	4.74869e-07 	-3.99861e-06
0.131195 	112.325 	4.74869e-07 	-3.99861e-06
0.131449 	112.275 	4.74869e-07 	-3.99861e-06
0.131704 	112.225 	4.74869e-07 	-3.99861e-06
0.131958 	112.175 	4.74869e-07 	-3.99861e-06
0.132212 	112.125 	4.74869e-07 	-3.99861e-06
0.132466 	112.075 	4.74869e-07 	-3.99861e-06
0.132721 	112.024 	4.74869e-07 	-3.99861e-06
0.132975 	111.974 	4.74869e-07 	-3.99861e-06
0.133229 	111.924 	4.74869e-07 	-3.99861e-06
0.133483 	111.874 	4.74869e-07 	-3.99861e-06
0.133738 	111.824 	4.74869e-07 	-3.99861e-06
0.133992 	111.774 	4.74869e-07 	-3.99861e-06
0.134246 	111.724 	4.74869e-07 	-3.99861e-06
0.134501 	111.666 	9.69096e-07 	-1.03817e-05
0.134755 	111.553 	9.69096e-07 	-1.03817e-05
0.135009 	111.44 	9.69096e-07 	-1.03817e-05
0.135263 	111.327 	9.69096e-07 	-1.03817e-05
0.135518 	111.214 	9.69096e-07 	-1.03817e-05
0.135772 	111.101 	9.69096e-07 	-1.03817e-05
0.136026 	110.988 	9.69096e-07 	-1.03817e-05
0.13628 	110.875 	9.69096e-07 	-1.03817e-05
0.136535 	110.762 	9.69096e-07 	-1.03817e-05
0.136789 	110.649 	9.69096e-07 	-1.03817e-05
0.137043 	110.536 	9.69096e-07 	-1.03817e-05
0.137297 	110.423 	9.69096e-07 	-1.03817e-05
0.137552 	110.31 	9.69096e-07 	-1.03817e-05
0.137806 	110.197 	9.69096e-07 	-1.03817e-05
0.13806 	110.084 	9.69096e-07 	-1.03817e-05
0.138314 	109.971 	9.69096e-07 	-1.03817e-05
0.138569 	109.858 	9.69096e-07 	-1.03817e-05
0.138823 	109.745 	9.69096e-07 	-1.03817e-05
0.139077 	109.632 	9.69096e-07 	-1.03817e-05
0.139331 	109.519 	9.69096e-07 	-1.03817e-05
0.139586 	109.393 	1.46306e-06 	-1.08552e-05
0.13984 	109.256 	1.46306e-06 	-1.08552e-05
0.140094 	109.119 	1.46306e-06 	-1.08552e-05
0.140348 	108.983 	1.46306e-06 	-1.08552e-05
0.140603 	108.846 	1.46306e-06 	-1.08552e-05
0.140857 	108.709 	1.46306e-06 	-1.08552e-05
0.141111 	108.572 	1.46306e-06 	-1.08552e-05
0.141365 	108.436 	1.46306e-06 	-1.08552e-05
0.14162 	108.299 	1.46306e-06 	-1.08552e-05
0.141874 	108.162 	1.46306e-06 	-1.08552e-05
0.142128 	108.025 	1.46306e-06 	-1.08552e-05
0.142382 	107.888 	1.46306e-06 	-1.08552e-05
0.142637 	107.752 	1.46306e-06 	-1.08552e-05
0.142891 	107.615 	1.46306e-06 	-1.08552e-05
0.143145 	107.478 	1.46306e-06 	-1.08552e-05
0.143399 	107.341 	1.46306e-06 	-1.08552e-05
0.143654 	107.205 	1.46306e-06 	-1.08552e-05
0.143908 	107.068 	1.46306e-06 	-1.08552e-05
0.144162 	106.931 	1.46306e-06 	-1.08552e-05
0.144416 	106.794 	1.46306e-06 	-1.08552e-05
0.144671 	106.63 	1.87281e-06 	-4.63879e-06
0.144925 	106.464 	1.87281e-06 	-4.63879e-06
0.145179 	106.298 	1.87281e-06 	-4.63879e-06
0.145433 	106.132 	1.87281e-06 	-4.63879e-06
0.145688 	105.967 	1.87281e-06 	-4.63879e-06
0.145942 	105.801 	1.87281e-06 	-4.63879e-06
0.146196 	105.635 	1.87281e-06 	-4.63879e-06
0.14645 	105.469 	1.87281e-06 	-4.63879e-06
0.146705 	105.303 	1.87281e-06 	-4.63879e-06
0.146959 	105.137 	1.87281e-06 	-4.63879e-06
0.147213 	104.971 	1.87281e-06 	-4.63879e-06
0.147467 	104.806 	1.87281e-06 	-4.63879e-06
0.147722 	104.64 	1.87281e-06 	-4.63879e-06
0.147976 	104.474 	1.87281e-06 	-4.63879e-06
0.14823 	104.308 	1.87281e-06 	-4.63879e-06
0.148484 	104.142 	1.87281e-06 	-4.63879e-06
0.148739 	103.976 	1.87281e-06 	-4.63879e-06
0.148993 	103.81 	1.87281e-06 	-4.63879e-06
0.149247 	103.644 	1.87281e-06 	-4.63879e-06
0.149502 	103.475 	2.18456e-06 	7.9631e-06
0.149756 	103.297 	2.18456e-06 	7.9631e-06
0.15001 	103.12 	2.18456e-06 	7.9631e-06
0.150264 	102.943 	2.18456e-06 	7.9631e-06
0.150519 	102.766 	2.18456e-06 	7.9631e-06
0.150773 	102.588 	2.18456e-06 	7.9631e-06
0.151027 	102.411 	2.18456e-06 	7.9631e-06
0.151281 	102.234 	2.18456e-06 	7.9631e-06
0.151536 	102.057 	2.18456e-06 	7.9631e-06
0.15179 	101.879 	2.18456e-06 	7.9631e-06
0.152044 	101.702 	2.18456e-06 	7.9631e-06
0.152298 	101.525 	2.18456e-06 	7.9631e-06
0.152553 	101.348 	2.18456e-06 	7.9631e-06
0.152807 	101.17 	2.18456e-06 	7.9631e-06
0.153061 	100.993 	2.18456e-06 	7.9631e-06
0.153315 	100.816 	2.18456e-06 	7.9631e-06
0.15357 	100.639 	2.18456e-06 	7.9631e-06
0.153824 	100.461 	2.18456e-06 	7.9631e-06
0.154078 	100.284 	2.18456e-06 	7.9631e-06
0.154332 	100.107 	2.18456e-06 	7.9631e-06
0.154587 	99.9266 	2.35107e-06 	9.73625e-06
0.154841 	99.7452 	2.35107e-06 	9.73625e-06
0.155095 	99.5638 	2.35107e-06 	9.73625e-06
0.155349 	99.3824 	2.35107e-06 	9.73625e-06
0.155604 	99.2011 	2.35107e-06 	9.73625e-06
0.155858 	99.0197 	2.35107e-06 	9.73625e-06
0.156112 	98.8383 	2.35107e-06 	9.73625e-06
0.156366 	98.657 	2.35107e-06 	9.73625e-06
0.156621 	98.4756 	2.35107e-06 	9.73625e-06
0.156875 	98.2942 	2.35107e-06 	9.73625e-06
0.157129 	98.1128 	2.35107e-06 	9.73625e-06
0.157383 	97.9315 	2.35107e-06 	9.73625e-06
0.157638 	97.7501 	2.35107e-06 	9.73625e-06
0.157892 	97.5687 	2.35107e-06 	9.73625e-06
0.158146 	97.3873 	2.35107e-06 	9.73625e-06
0.1584 	97.206 	2.35107e-06 	9.73625e-06
0.158655 	97.0246 	2.35107e-06 	9.73625e-06
0.158909 	96.8432 	2.35107e-06 	9.73625e-06
0.159163 	96.6619 	2.35107e-06 	9.73625e-06
0.159417 	96.4807 	2.50441e-06 	-2.77905e-06
0.159672 	96.3004 	2.50441e-06 	-2.77905e-06
0.159926 	96.1201 	2.50441e-06 	-2.77905e-06
0.16018 	95.9399 	2.50441e-06 	-2.77905e-06
0.160434 	95.7596 	2.50441e-06 	-2.77905e-06
0.160689 	95.5793 	2.50441e-06 	-2.77905e-06
0.160943 	95.399 	2.50441e-06 	-2.77905e-06
0.161197 	95.2188 	2.50441e-06 	-2.77905e-06
0.161451 	95.0385 	2.50441e-06 	-2.77905e-06
0.161706 	94.8582 	2.50441e-06 	-2.77905e-06
0.16196 	94.6779 	2.50441e-06 	-2.77905e-06
0.162214 	94.4977 	2.50441e-06 	-2.77905e-06
0.162468 	94.3174 	2.50441e-06 	-2.77905e-06
0.162723 	94.1371 	2.50441e-06 	-2.77905e-06
0.162977 	93.9568 	2.50441e-06 	-2.77905e-06
0.163231 	93.7766 	2.50441e-06 	-2.77905e-06
0.163485 	93.5963 	2.50441e-06 	-2.77905e-06
0.16374 	93.416 	2.50441e-06 	-2.77905e-06
0.163994 	93.2357 	2.50441e-06 	-2.77905e-06
0.164248 	93.0555 	2.50441e-06 	-2.77905e-06
0.164503 	92.8775 	2.61282e-06 	-6.59026e-06
0.164757 	92.7011 	2.61282e-06 	-6.59026e-06
0.165011 	92.5247 	2.61282e-06 	-6.59026e-06
0.165265 	92.3483 	2.61282e-06 	-6.59026e-06
0.16552 	92.1719 	2.61282e-06 	-6.59026e-06
0.165774 	91.9955 	2.61282e-06 	-6.59026e-06
0.166028 	91.8191 	2.61282e-06 	-6.59026e-06
0.166282 	91.6427 	2.61282e-06 	-6.59026e-06
0.166537 	91.4662 	2.61282e-06 	-6.59026e-06
0.166791 	91.2898 	2.61282e-06 	-6.59026e-06
0.167045 	91.1134 	2.61282e-06 	-6.59026e-06
0.167299 	90.937 	2.61282e-06 	-6.59026e-06
0.167554 	90.7606 	2.61282e-06 	-6.59026e-06
0.167808 	90.5842 	2.61282e-06 	-6.59026e-06
0.168062 	90.4078 	2.61282e-06 	-6.59026e-06
0.168316 	90.2314 	2.61282e-06 	-6.59026e-06
0.168571 	90.055 	2.61282e-06 	-6.59026e-06
0.168825 	89.8786 	2.61282e-06 	-6.59026e-06
0.169079 	89.7022 	2.61282e-06 	-6.59026e-06
0.169333 	89.5258 	2.50633e-06 	5.57773e-10
0.169588 	89.3566 	2.63869e-06 	7.15582e-07
0.169842 	89.1874 	2.63869e-06 	7.15582e-07
0.170096 	89.0182 	2.63869e-06 	7.15582e-07
0.17035 	88.849 	2.63869e-06 	7.15582e-07
0.170605 	88.6798 	2.63869e-06 	7.15582e-07
0.170859 	88.5107 	2.63869e-06 	7.15582e-07
0.171113 	88.3415 	2.63869e-06 	7.15582e-07
0.171367 	88.1723 	2.63869e-06 	7.15582e-07
0.171622 	88.0031 	2.63869e-06 	7.15582e-07
0.171876 	87.8339 	2.63869e-06 	7.15582e-07
0.17213 	87.6647 	2.63869e-06 	7.15582e-07
0.172384 	87.4955 	2.63869e-06 	7.15582e-07
0.172639 	87.3263 	2.63869e-06 	7.15582e-07
0.172893 	87.1571 	2.63869e-06 	7.15582e-07
0.173147 	86.9879 	2.63869e-06 	7.15582e-07
0.173401 	86.8187 	2.63869e-06 	7.15582e-07
0.173656 	86.6495 	2.63869e-06 	7.15582e-07
0.17391 	86.4803 	2.63869e-06 	7.15582e-07
0.174164 	86.3111 	2.63869e-06 	7.15582e-07
0.174418 	86.1456 	2.61165e-06 	2.61455e-06
0.174673 	85.9852 	2.61165e-06 	2.61455e-06
0.174927 	85.8248 	2.61165e-06 	2.61455e-06
0.175181 	85.6644 	2.61165e-06 	2.61455e-06
0.175435 	85.504 	2.61165e-06 	2.61455e-06
0.17569 	85.3437 	2.61165e-06 	2.61455e-06
0.175944 	85.1833 	2.61165e-06 	2.61455e-06
0.176198 	85.0229 	2.61165e-06 	2.61455e-06
0.176452 	84.8625 	2.61165e-06 	2.61455e-06
0.176707 	84.7021 	2.61165e-06 	2.61455e-06
0.176961 	84.5418 	2.61165e-06 	2.61455e-06
0.177215 	84.3814 	2.61165e-06 	2.61455e-06
0.177469 	84.221 	2.61165e-06 	2.61455e-06
0.177724 	84.0606 	2.61165e-06 	2.61455e-06
0.177978 	83.9003 	2.61165e-06 	2.61455e-06
0.178232 	83.7399 	2.61165e-06 	2.61455e-06
0.178486 	83.5795 	2.61165e-06 	2.61455e-06
0.178741 	83.4191 	2.61165e-06 	2.61455e-06
0.178995 	83.2587 	2.61165e-06 	2.61455e-06
0.179249 	83.0984 	2.61165e-06 	2.61455e-06
0.179504 	82.9462 	2.53793e-06 	-1.768e-07
0.179758 	82.7958 	2.53793e-06 	-1.768e-07
0.180012 	82.6454 	2.53793e-06 	-1.768e-07
0.180266 	82.495 	2.53793e-06 	-1.768e-07
0.180521 	82.3446 	2.53793e-06 	-1.768e-07
0.180775 	82.1942 	2.53793e-06 	-1.768e-07
0.181029 	82.0438 	2.53793e-06 	-1.768e-07
0.181283 	81.8934 	2.53793e-06 	-1.768e-07
0.181538 	81.7431 	2.53793e-06 	-1.768e-07
0.181792 	81.5927 	2.53793e-06 	-1.768e-07
0.182046 	81.4423 	2.53793e-06 	-1.768e-07
0.1823 	81.2919 	2.53793e-06 	-1.768e-07
0.182555 	81.1415 	2.53793e-06 	-1.768e-07
0.182809 	80.9911 	2.53793e-06 	-1.768e-07
0.183063 	80.8407 	2.53793e-06 	-1.768e-07
0.183317 	80.6903 	2.53793e-06 	-1.768e-07
0.183572 	80.5399 	2.53793e-06 	-1.768e-07
0.183826 	80.3895 	2.53793e-06 	-1.768e-07
0.18408 	80.2391 	2.53793e-06 	-1.768e-07
0.184334 	80.0912 	2.43849e-06 	-6.64835e-07
0.184589 	79.9515 	2.43849e-06 	-6.64835e-07
0.184843 	79.8117 	2.43849e-06 	-6.64835e-07
0.185097 	79.672 	2.43849e-06 	-6.64835e-07
0.185351 	79.5322 	2.43849e-06 	-6.64835e-07
0.185606 	79.3925 	2.43849e-06 	-6.64835e-07
0.18586 	79.2527 	2.43849e-06 	-6.64835e-07
0.186114 	79.113 	2.43849e-06 	-6.64835e-07
0.186368 	78.9732 	2.43849e-06 	-6.64835e-07
0.186623 	78.8335 	2.43849e-06 	-6.64835e-07
0.186877 	78.6937 	2.43849e-06 	-6.64835e-07
0.187131 	78.554 	2.43849e-06 	-6.64835e-07
0.187385 	78.4142 	2.43849e-06 	-6.64835e-07
0.18764 	78.2745 	2.43849e-06 	-6.64835e-07
0.187894 	78.1347 	2.43849e-06 	-6.64835e-07
0.188148 	77.995 	2.43849e-06 	-6.64835e-07
0.188402 	77.8552 	2.43849e-06 	-6.64835e-07
0.188657 	77.7155 	2.43849e-06 	-6.64835e-07
0.188911 	77.5757 	2.43849e-06 	-6.64835e-07
0.189165 	77.436 	2.43849e-06 	-6.64835e-07
0.189419 	77.3034 	2.31249e-06 	-7.58366e-08
0.189674 	77.1747 	2.31249e-06 	-7.58366e-08
0.189928 	77.046 	2.31249e-06 	-7.58366e-08
0.190182 	76.9174 	2.31249e-06 	-7.58366e-08
0.190436 	76.7887 	2.31249e-06 	-7.58366e-08
0.190691 	76.66 	2.31249e-06 	-7.58366e-08
0.190945 	76.5313 	2.31249e-06 	-7.58366e-08
0.191199 	76.4026 	2.31249e-06 	-7.58366e-08
0.191453 	76.274 	2.31249e-06 	-7.58366e-08
0.191708 	76.1453 	2.31249e-06 	-7.58366e-08
0.191962 	76.0166 	2.31249e-06 	-7.58366e-08
0.192216 	75.8879 	2.31249e-06 	-7.58366e-08
0.19247 	75.7592 	2.31249e-06 	-7.58366e-08
0.192725 	75.6305 	2.31249e-06 	-7.58366e-08
0.192979 	75.5019 	2.31249e-06 	-7.58366e-08
0.193233 	75.3732 	2.31249e-06 	-7.58366e-08
0.193487 	75.2445 	2.31249e-06 	-7.58366e-08
0.193742 	75.1158 	2.31249e-06 	-7.58366e-08
0.193996 	74.9871 	2.31249e-06 	-7.58366e-08
0.19425 	74.8591 	2.16018e-06 	8.95583e-08
0.194505 	74.7416 	2.16018e-06 	8.95583e-08
0.194759 	74.6241 	2.16018e-06 	8.95583e-08
0.195013 	74.5066 	2.16018e-06 	8.95583e-08
0.195267 	74.3891 	2.16018e-06 	8.95583e-08
0.195522 	74.2715 	2.16018e-06 	8.95583e-08
0.195776 	74.154 	2.16018e-06 	8.95583e-08
0.19603 	74.0365 	2.16018e-06 	8.95583e-08
0.196284 	73.919 	2.16018e-06 	8.95583e-08
0.196539 	73.8015 	2.16018e-06 	8.95583e-08
0.196793 	73.684 	2.16018e-06 	8.95583e-08
0.197047 	73.5665 	2.16018e-06 	8.95583e-08
0.197301 	73.449 	2.16018e-06 	8.95583e-08
0.197556 	73.3314 	2.16018e-06 	8.95583e-08
0.19781 	73.2139 	2.16018e-06 	8.95583e-08
0.198064 	73.0964 	2.16018e-06 	8.95583e-08
0.198318 	72.9789 	2.16018e-06 	8.95583e-08
0.198573 	72.8614 	2.16018e-06 	8.95583e-08
0.198827 	72.7439 	2.16018e-06 	8.95583e-08
0.199081 	72.6264 	2.16018e-06 	8.95583e-08
0.199335 	72.5141 	1.99276e-06 	1.14747e-07
0.19959 	72.4078 	1.99276e-06 	1.14747e-07
0.199844 	72.3014 	1.99276e-06 	1.14747e-07
0.200098 	72.1951 	1.99276e-06 	1.14747e-07
0.200352 	72.0887 	1.99276e-06 	1.14747e-07
0.200607 	71.9824 	1.99276e-06 	1.14747e-07
0.200861 	71.876 	1.99276e-06 	1.14747e-07
0.201115 	71.7697 	1.99276e-06 	1.14747e-07
0.201369 	71.6634 	1.99276e-06 	1.14747e-07
0.201624 	71.557 	1.99276e-06 	1.14747e-07
0.201878 	71.4507 	1.99276e-06 	1.14747e-07
0.202132 	71.3443 	1.99276e-06 	1.14747e-07
0.202386 	71.238 	1.99276e-06 	1.14747e-07
0.202641 	71.1317 	1.99276e-06 	1.14747e-07
0.202895 	71.0253 	1.99276e-06 	1.14747e-07
0.203149 	70.919 	1.99276e-06 	1.14747e-07
0.203403 	70.8126 	1.99276e-06 	1.14747e-07
0.203658 	70.7063 	1.99276e-06 	1.14747e-07
0.203912 	70.6 	1.99276e-06 	1.14747e-07
0.204166 	70.4936 	1.99276e-06 	1.14747e-07
0.20442 	70.397 	1.82023e-06 	-6.59772e-08
0.204675 	70.3016 	1.82023e-06 	-6.59772e-08
0.204929 	70.2063 	1.82023e-06 	-6.59772e-08
0.205183 	70.1109 	1.82023e-06 	-6.59772e-08
0.205437 	70.0156 	1.82023e-06 	-6.59772e-08
0.205692 	69.9202 	1.82023e-06 	-6.59772e-08
0.205946 	69.8249 	1.82023e-06 	-6.59772e-08
0.2062 	69.7295 	1.82023e-06 	-6.59772e-08
0.206454 	69.6342 	1.82023e-06 	-6.59772e-08
0.206709 	69.5388 	1.82023e-06 	-6.59772e-08
0.206963 	69.4435 	1.82023e-06 	-6.59772e-08
0.207217 	69.3481 	1.82023e-06 	-6.59772e-08
0.207471 	69.2528 	1.82023e-06 	-6.59772e-08
0.207726 	69.1574 	1.82023e-06 	-6.59772e-08
0.20798 	69.0621 	1.82023e-06 	-6.59772e-08
0.208234 	68.9667 	1.82023e-06 	-6.59772e-08
0.208488 	68.8714 	1.82023e-06 	-6.59772e-08
0.208743 	68.776 	1.82023e-06 	-6.59772e-08
0.208997 	68.6807 	1.82023e-06 	-6.59772e-08
0.209251 	68.5885 	1.6387e-06 	-8.52448e-08
0.209506 	68.5041 	1.6387e-06 	-8.52448e-08
0.20976 	68.4196 	1.6387e-06 	-8.52448e-08
0.210014 	68.3351 	1.6387e-06 	-8.52448e-08
0.210268 	68.2506 	1.6387e-06 	-8.52448e-08
0.210523 	68.1661 	1.6387e-06 	-8.52448e-08
0.210777 	68.0817 	1.6387e-06 	-8.52448e-08
0.211031 	67.9972 	1.6387e-06 	-8.52448e-08
0.211285 	67.9127 	1.6387e-06 	-8.52448e-08
0.21154 	67.8282 	1.6387e-06 	-8.52448e-08
0.211794 	67.7438 	1.6387e-06 	-8.52448e-08
0.212048 	67.6593 	1.6387e-06 	-8.52448e-08
0.212302 	67.5748 	1.6387e-06 	-8.52448e-08
0.212557 	67.4903 	1.6387e-06 	-8.52448e-08
0.212811 	67.4059 	1.6387e-06 	-8.52448e-08
0.213065 	67.3214 	1.6387e-06 	-8.52448e-08
0.213319 	67.2369 	1.6387e-06 	-8.52448e-08
0.213574 	67.1524 	1.6387e-06 	-8.52448e-08
0.213828 	67.068 	1.6387e-06 	-8.52448e-08
0.214082 	66.9835 	1.6387e-06 	-8.52448e-08
0.214336 	66.9065 	1.45019e-06 	4.28397e-08
0.214591 	66.8326 	1.45019e-06 	4.28397e-08
0.214845 	66.7587 	1.45019e-06 	4.28397e-08
0.215099 	66.6848 	1.45019e-06 	4.28397e-08
0.215353 	66.6109 	1.45019e-06 	4.28397e-08
0.215608 	66.5369 	1.45019e-06 	4.28397e-08
0.215862 	66.463 	1.45019e-06 	4.28397e-08
0.216116 	66.3891 	1.45019e-06 	4.28397e-08
0.21637 	66.3152 	1.45019e-06 	4.28397e-08
0.216625 	66.2413 	1.45019e-06 	4.28397e-08
0.216879 	66.1674 	1.45019e-06 	4.28397e-08
0.217133 	66.0935 	1.45019e-06 	4.28397e-08
0.217387 	66.0196 	1.45019e-06 	4.28397e-08
0.217642 	65.9457 	1.45019e-06 	4.28397e-08
0.217896 	65.8718 	1.45019e-06 	4.28397e-08
0.21815 	65.7979 	1.45019e-06 	4.28397e-08
0.218404 	65.724 	1.45019e-06 	4.28397e-08
0.218659 	65.6501 	1.45019e-06 	4.28397e-08
0.218913 	65.5762 	1.45019e-06 	4.28397e-08
0.219167 	65.5035 	1.27135e-06 	2.44358e-09
0.219421 	65.4403 	1.27135e-06 	2.44358e-09
0.219676 	65.3771 	1.27135e-06 	2.44358e-09
0.21993 	65.3139 	1.27135e-06 	2.44358e-09
0.220184 	65.2506 	1.27135e-06 	2.44358e-09
0.220438 	65.1874 	1.27135e-06 	2.44358e-09
0.220693 	65.1242 	1.27135e-06 	2.44358e-09
0.220947 	65.0609 	1.27135e-06 	2.44358e-09
0.221201 	64.9977 	1.27135e-06 	2.44358e-09
0.221455 	64.9345 	1.27135e-06 	2.44358e-09
0.22171 	64.8712 	1.27135e-06 	2.44358e-09
0.221964 	64.808 	1.27135e-06 	2.44358e-09
0.222218 	64.7448 	1.27135e-06 	2.44358e-09
0.222472 	64.6815 	1.27135e-06 	2.44358e-09
0.222727 	64.6183 	1.27135e-06 	2.44358e-09
0.222981 	64.5551 	1.27135e-06 	2.44358e-09
0.223235 	64.4919 	1.27135e-06 	2.44358e-09
0.223489 	64.4286 	1.27135e-06 	2.44358e-09
0.223744 	64.3654 	1.27135e-06 	2.44358e-09
0.223998 	64.3022 	1.27135e-06 	2.44358e-09
0.224252 	64.2443 	1.04849e-06 	-4.32597e-08
0.224507 	64.1913 	1.04849e-06 	-4.32597e-08
0.224761 	64.1382 	1.04849e-06 	-4.32597e-08
0.225015 	64.0851 	1.04849e-06 	-4.32597e-08
0.225269 	64.0321 	1.04849e-06 	-4.32597e-08
0.225524 	63.979 	1.04849e-06 	-4.32597e-08
0.225778 	63.926 	1.04849e-06 	-4.32597e-08
0.226032 	63.8729 	1.04849e-06 	-4.32597e-08
0.226286 	63.8198 	1.04849e-06 	-4.32597e-08
0.226541 	63.7668 	1.04849e-06 	-4.32597e-08
0.226795 	63.7137 	1.04849e-06 	-4.32597e-08
0.227049 	63.6607 	1.04849e-06 	-4.32597e-08
0.227303 	63.6076 	1.04849e-06 	-4.32597e-08
0.227558 	63.5546 	1.04849e-06 	-4.32597e-08
0.227812 	63.5015 	1.04849e-06 	-4.32597e-08
0.228066 	63.4484 	1.04849e-06 	-4.32597e-08
0.22832 	63.3954 	1.04849e-06 	-4.32597e-08
0.228575 	63.3423 	1.04849e-06 	-4.32597e-08
0.228829 	63.2893 	1.04849e-06 	-4.32597e-08
0.229083 	63.2362 	1.04849e-06 	-4.32597e-08
0.229337 	63.1925 	9.18208e-07 	-4.92032e-09
0.229592 	63.1494 	9.18208e-07 	-4.92032e-09
0.229846 	63.1062 	9.18208e-07 	-4.92032e-09
0.2301 	63.0631 	9.18208e-07 	-4.92032e-09
0.230354 	63.02 	9.18208e-07 	-4.92032e-09
0.230609 	62.9768 	9.18208e-07 	-4.92032e-09
0.230863 	62.9337 	9.18208e-07 	-4.92032e-09
0.231117 	62.8906 	9.18208e-07 	-4.92032e-09
0.231371 	62.8475 	9.18208e-07 	-4.92032e-09
0.231626 	62.8043 	9.18208e-07 	-4.92032e-09
0.23188 	62.7612 	9.18208e-07 	-4.92032e-09
0.232134 	62.7181 	9.18208e-07 	-4.92032e-09
0.232388 	62.6749 	9.18208e-07 	-4.92032e-09
0.232643 	62.6318 	9.18208e-07 	-4.92032e-09
0.232897 	62.5887 	9.18208e-07 	-4.92032e-09
0.233151 	62.5455 	9.18208e-07 	-4.92032e-09
0.233405 	62.5024 	9.18208e-07 	-4.92032e-09
0.23366 	62.4593 	9.18208e-07 	-4.92032e-09
0.233914 	62.4162 	9.18208e-07 	-4.92032e-09
0.234168 	62.3763 	6.36854e-07 	3.88521e-09
0.234422 	62.3426 	6.36854e-07 	3.88521e-09
0.234677 	62.3089 	6.36854e-07 	3.88521e-09
0.234931 	62.2751 	6.36854e-07 	3.88521e-09
0.235185 	62.2414 	6.36854e-07 	3.88521e-09
0.235439 	62.2076 	6.36854e-07 	3.88521e-09
0.235694 	62.1739 	6.36854e-07 	3.88521e-09
0.235948 	62.1401 	6.36854e-07 	3.88521e-09
0.236202 	62.1064 	6.36854e-07 	3.88521e-09
0.236456 	62.0727 	6.36854e-07 	3.88521e-09
0.236711 	62.0389 	6.36854e-07 	3.88521e-09
0.236965 	62.0052 	6.36854e-07 	3.88521e-09
0.237219 	61.9714 	6.36854e-07 	3.88521e-09
0.237473 	61.9377 	6.36854e-07 	3.88521e-09
0.237728 	61.9039 	6.36854e-07 	3.88521e-09
0.237982 	61.8702 	6.36854e-07 	3.88521e-09
0.238236 	61.8365 	6.36854e-07 	3.88521e-09
0.23849 	61.8027 	6.36854e-07 	3.88521e-09
0.238745 	61.769 	6.36854e-07 	3.88521e-09
0.238999 	61.7352 	6.36854e-07 	3.88521e-09
0.239253 	61.7078 	5.90606e-07 	-1.77288e-08
0.239508 	61.6823 	5.90606e-07 	-1.77288e-08
0.239762 	61.6568 	5.90606e-07 	-1.77288e-08
0.240016 	61.6313 	5.90606e-07 	-1.77288e-08
0.24027 	61.6058 	5.90606e-07 	-1.77288e-08
0.240525 	61.5803 	5.90606e-07 	-1.77288e-08
0.240779 	61.5548 	5.90606e-07 	-1.77288e-08
0.241033 	61.5292 	5.90606e-07 	-1.77288e-08
0.241287 	61.5037 	5.90606e-07 	-1.77288e-08
0.241542 	61.4782 	5.90606e-07 	-1.77288e-08
0.241796 	61.4527 	5.90606e-07 	-1.77288e-08
0.24205 	61.4272 	5.90606e-07 	-1.77288e-08
0.242304 	61.4017 	5.90606e-07 	-1.77288e-08
0.242559 	61.3762 	5.90606e-07 	-1.77288e-08
0.242813 	61.3507 	5.90606e-07 	-1.77288e-08
0.243067 	61.3252 	5.90606e-07 	-1.77288e-08
0.243321 	61.2997 	5.90606e-07 	-1.77288e-08
0.243576 	61.2742 	5.90606e-07 	-1.77288e-08
0.24383 	61.2487 	5.90606e-07 	-1.77288e-08
0.244084 	61.224 	3.78049e-07 	-1.34897e-08
0.244338 	61.203 	3.78049e-07 	-1.34897e-08
0.244593 	61.182 	3.78049e-07 	-1.34897e-08
0.244847 	61.161 	3.78049e-07 	-1.34897e-08
0.245101 	61.14 	3.78049e-07 	-1.34897e-08
0.245355 	61.119 	3.78049e-07 	-1.34897e-08
0.24561 	61.098 	3.78049e-07 	-1.34897e-08
0.245864 	61.077 	3.78049e-07 	-1.34897e-08
0.246118 	61.056 	3.78049e-07 	-1.34897e-08
0.246372 	61.035 	3.78049e-07 	-1.34897e-08
0.246627 	61.014 	3.78049e-07 	-1.34897e-08
0.246881 	60.993 	3.78049e-07 	-1.34897e-08
0.247135 	60.972 	3.78049e-07 	-1.34897e-08
0.247389 	60.951 	3.78049e-07 	-1.34897e-08
0.247644 	60.93 	3.78049e-07 	-1.34897e-08
0.247898 	60.909 	3.78049e-07 	-1.34897e-08
0.248152 	60.888 	3.78049e-07 	-1.34897e-08
0.248406 	60.867 	3.78049e-07 	-1.34897e-08
0.248661 	60.846 	3.78049e-07 	-1.34897e-08
0.248915 	60.825 	3.78049e-07 	-1.34897e-08
0.249169 	60.8103 	1.72909e-07 	-1.1809e-08
0.249423 	60.8 	1.72909e-07 	-1.1809e-08
0.249678 	60.7896 	1.72909e-07 	-1.1809e-08
0.249932 	60.7793 	1.72909e-07 	-1.1809e-08
0.250186 	60.769 	1.72909e-07 	-1.1809e-08
0.25044 	60.7587 	1.72909e-07 	-1.1809e-08
0.250695 	60.7483 	1.72909e-07 	-1.1809e-08
0.250949 	60.738 	1.72909e-07 	-1.1809e-08
0.251203 	60.7277 	1.72909e-07 	-1.1809e-08
0.251457 	60.7173 	1.72909e-07 	-1.1809e-08
0.251712 	60.707 	1.72909e-07 	-1.1809e-08
0.251966 	60.6967 	1.72909e-07 	-1.1809e-08
0.25222 	60.6863 	1.72909e-07 	-1.1809e-08
0.252474 	60.676 	1.72909e-07 	-1.1809e-08
0.252729 	60.6657 	1.72909e-07 	-1.1809e-08
0.252983 	60.6553 	1.72909e-07 	-1.1809e-08
0.253237 	60.645 	1.72909e-07 	-1.1809e-08
0.253491 	60.6347 	1.72909e-07 	-1.1809e-08
0.253746 	60.6244 	1.72909e-07 	-1.1809e-08
0.254 	60.614 	1.50383e-07 	-5.48316e-13
