0 	11.5724 	-1.51798e-07 	-6.31291e-19
0.000254254 	11.5915 	-1.46564e-07 	2.8542e-18
0.000508509 	11.6106 	-1.46564e-07 	2.85297e-18
0.000762763 	11.6298 	-1.46564e-07 	2.85174e-18
0.00101702 	11.6489 	-1.46564e-07 	2.85051e-18
0.00127127 	11.668 	-1.46564e-07 	2.84928e-18
0.00152553 	11.6871 	-1.46564e-07 	2.84805e-18
0.00177978 	11.7063 	-1.46564e-07 	2.84682e-18
0.00203403 	11.7254 	-1.46564e-07 	2.84559e-18
0.00228829 	11.7445 	-1.46564e-07 	2.84436e-18
0.00254254 	11.7637 	-1.46564e-07 	2.84313e-18
0.0027968 	11.7914 	-1.42405e-07 	2.58222e-18
0.00305105 	11.8199 	-1.42405e-07 	2.58038e-18
0.00330531 	11.8484 	-1.42405e-07 	2.57855e-18
0.00355956 	11.8769 	-1.42405e-07 	2.57672e-18
0.00381381 	11.9055 	-1.42405e-07 	2.57488e-18
0.00406807 	11.934 	-1.42405e-07 	2.57305e-18
0.00432232 	11.9625 	-1.42405e-07 	2.57121e-18
0.00457658 	11.9911 	-1.42405e-07 	2.56938e-18
0.00483083 	12.0196 	-1.42405e-07 	2.56755e-18
0.00508509 	12.0481 	-1.42405e-07 	2.56571e-18
0.00533934 	12.0661 	-1.48144e-07 	1.00068e-16
0.00559359 	12.0817 	-1.48144e-07 	1.00067e-16
0.00584785 	12.0974 	-1.48144e-07 	1.00066e-16
0.0061021 	12.113 	-1.48144e-07 	1.00065e-16
0.00635636 	12.1287 	-1.48144e-07 	1.00064e-16
0.00661061 	12.1443 	-1.48144e-07 	1.00063e-16
0.00686486 	12.1599 	-1.48144e-07 	1.00062e-16
0.00711912 	12.1756 	-1.48144e-07 	1.00061e-16
0.00737337 	12.1912 	-1.48144e-07 	1.0006e-16
0.00762763 	12.2069 	-1.48144e-07 	1.00059e-16
0.00788188 	12.2222 	-1.60493e-07 	7.96149e-17
0.00813614 	12.2374 	-1.60493e-07 	7.96139e-17
0.00839039 	12.2526 	-1.60493e-07 	7.96129e-17
0.00864464 	12.2679 	-1.60493e-07 	7.9612e-17
0.0088989 	12.2831 	-1.60493e-07 	7.9611e-17
0.00915315 	12.2983 	-1.60493e-07 	7.961e-17
0.00940741 	12.3135 	-1.60493e-07 	7.9609e-17
0.00966166 	12.3287 	-1.60493e-07 	7.9608e-17
0.00991592 	12.3439 	-1.60493e-07 	7.96071e-17
0.0101702 	12.3591 	-1.60493e-07 	7.96061e-17
0.0104244 	12.3778 	-1.77644e-07 	1.64628e-16
0.0106787 	12.3984 	-1.77644e-07 	1.64626e-16
0.0109329 	12.4191 	-1.77644e-07 	1.64625e-16
0.0111872 	12.4397 	-1.77644e-07 	1.64624e-16
0.0114414 	12.4603 	-1.77644e-07 	1.64622e-16
0.0116957 	12.4809 	-1.77644e-07 	1.64621e-16
0.0119499 	12.5016 	-1.77644e-07 	1.6462e-16
0.0122042 	12.5222 	-1.77644e-07 	1.64618e-16
0.0124585 	12.5428 	-1.77644e-07 	1.64617e-16
0.0127127 	12.5635 	-1.77644e-07 	1.64616e-16
0.012967 	12.5865 	-1.96056e-07 	2.08369e-16
0.0132212 	12.6115 	-1.96056e-07 	2.08367e-16
0.0134755 	12.6364 	-1.96056e-07 	2.08366e-16
0.0137297 	12.6614 	-1.96056e-07 	2.08364e-16
0.013984 	12.6864 	-1.96056e-07 	2.08363e-16
0.0142382 	12.7114 	-1.96056e-07 	2.08361e-16
0.0144925 	12.7364 	-1.96056e-07 	2.08359e-16
0.0147467 	12.7614 	-1.96056e-07 	2.08358e-16
0.015001 	12.7864 	-1.96056e-07 	2.08356e-16
0.0152553 	12.8114 	-1.96056e-07 	2.08355e-16
0.0155095 	12.8377 	-2.12501e-07 	1.88115e-16
0.0157638 	12.8657 	-2.12501e-07 	1.88113e-16
0.016018 	12.8936 	-2.12501e-07 	1.88111e-16
0.0162723 	12.9216 	-2.12501e-07 	1.88109e-16
0.0165265 	12.9496 	-2.12501e-07 	1.88107e-16
0.0167808 	12.9775 	-2.12501e-07 	1.88106e-16
0.017035 	13.0055 	-2.12501e-07 	1.88104e-16
0.0172893 	13.0335 	-2.12501e-07 	1.88102e-16
0.0175435 	13.0614 	-2.12501e-07 	1.881e-16
0.0177978 	13.0894 	-2.12501e-07 	1.88098e-16
0.0180521 	13.1183 	-2.31749e-07 	1.66913e-16
0.0183063 	13.1487 	-2.31749e-07 	1.66911e-16
0.0185606 	13.1792 	-2.31749e-07 	1.66909e-16
0.0188148 	13.2097 	-2.31749e-07 	1.66907e-16
0.0190691 	13.2402 	-2.31749e-07 	1.66905e-16
0.0193233 	13.2706 	-2.31749e-07 	1.66903e-16
0.0195776 	13.3011 	-2.31749e-07 	1.66901e-16
0.0198318 	13.3316 	-2.31749e-07 	1.66899e-16
0.0200861 	13.3621 	-2.31749e-07 	1.66897e-16
0.0203403 	13.3925 	-2.31749e-07 	1.66895e-16
0.0205946 	13.4237 	-2.59779e-07 	1.47479e-16
0.0208488 	13.4566 	-2.59779e-07 	1.47477e-16
0.0211031 	13.4895 	-2.59779e-07 	1.47475e-16
0.0213574 	13.5224 	-2.59779e-07 	1.47473e-16
0.0216116 	13.5553 	-2.59779e-07 	1.47471e-16
0.0218659 	13.5883 	-2.59779e-07 	1.47469e-16
0.0221201 	13.6212 	-2.59779e-07 	1.47467e-16
0.0223744 	13.6541 	-2.59779e-07 	1.47464e-16
0.0226286 	13.687 	-2.59779e-07 	1.47462e-16
0.0228829 	13.7199 	-2.59779e-07 	1.4746e-16
0.0231371 	13.7533 	-2.96159e-07 	1.30281e-16
0.0233914 	13.7888 	-2.96159e-07 	1.30279e-16
0.0236456 	13.8242 	-2.96159e-07 	1.30276e-16
0.0238999 	13.8597 	-2.96159e-07 	1.30274e-16
0.0241542 	13.8951 	-2.96159e-07 	1.30272e-16
0.0244084 	13.9306 	-2.96159e-07 	1.3027e-16
0.0246627 	13.9661 	-2.96159e-07 	1.30267e-16
0.0249169 	14.0015 	-2.96159e-07 	1.30265e-16
0.0251712 	14.037 	-2.96159e-07 	1.30263e-16
0.0254254 	14.0724 	-2.96159e-07 	1.3026e-16
0.0256797 	14.1081 	-3.42216e-07 	1.14516e-16
0.0259339 	14.1464 	-3.42216e-07 	1.14513e-16
0.0261882 	14.1846 	-3.42216e-07 	1.14511e-16
0.0264424 	14.2229 	-3.42216e-07 	1.14508e-16
0.0266967 	14.2611 	-3.42216e-07 	1.14506e-16
0.026951 	14.2994 	-3.42216e-07 	1.14503e-16
0.0272052 	14.3376 	-3.42216e-07 	1.14501e-16
0.0274595 	14.3758 	-3.42216e-07 	1.14499e-16
0.0277137 	14.4141 	-3.42216e-07 	1.14496e-16
0.027968 	14.4523 	-3.42216e-07 	1.14494e-16
0.0282222 	14.4906 	-4.31304e-07 	-1.20539e-18
0.0284765 	14.532 	-3.9771e-07 	9.93094e-17
0.0287307 	14.5733 	-3.9771e-07 	9.93067e-17
0.028985 	14.6147 	-3.9771e-07 	9.9304e-17
0.0292392 	14.6561 	-3.9771e-07 	9.93014e-17
0.0294935 	14.6975 	-3.9771e-07 	9.92987e-17
0.0297477 	14.7389 	-3.9771e-07 	9.92961e-17
0.030002 	14.7803 	-3.9771e-07 	9.92934e-17
0.0302563 	14.8216 	-3.9771e-07 	9.92907e-17
0.0305105 	14.863 	-3.9771e-07 	9.92881e-17
0.0307648 	14.9044 	-3.9771e-07 	9.92854e-17
0.031019 	14.949 	-4.61278e-07 	1.69577e-16
0.0312733 	14.9939 	-4.61278e-07 	1.69574e-16
0.0315275 	15.0389 	-4.61278e-07 	1.69571e-16
0.0317818 	15.0838 	-4.61278e-07 	1.69568e-16
0.032036 	15.1287 	-4.61278e-07 	1.69565e-16
0.0322903 	15.1736 	-4.61278e-07 	1.69563e-16
0.0325445 	15.2186 	-4.61278e-07 	1.6956e-16
0.0327988 	15.2635 	-4.61278e-07 	1.69557e-16
0.0330531 	15.3084 	-4.61278e-07 	1.69554e-16
0.0333073 	15.3534 	-4.61278e-07 	1.69551e-16
0.0335616 	15.4015 	-5.29161e-07 	6.63347e-17
0.0338158 	15.4504 	-5.29161e-07 	6.63316e-17
0.0340701 	15.4992 	-5.29161e-07 	6.63284e-17
0.0343243 	15.5481 	-5.29161e-07 	6.63253e-17
0.0345786 	15.597 	-5.29161e-07 	6.63221e-17
0.0348328 	15.6458 	-5.29161e-07 	6.6319e-17
0.0350871 	15.6947 	-5.29161e-07 	6.63158e-17
0.0353413 	15.7436 	-5.29161e-07 	6.63127e-17
0.0355956 	15.7924 	-5.29161e-07 	6.63096e-17
0.0358498 	15.8413 	-5.29161e-07 	6.63064e-17
0.0361041 	15.8933 	-5.93599e-07 	1.45806e-16
0.0363584 	15.9464 	-5.93599e-07 	1.45803e-16
0.0366126 	15.9995 	-5.93599e-07 	1.458e-16
0.0368669 	16.0527 	-5.93599e-07 	1.45796e-16
0.0371211 	16.1058 	-5.93599e-07 	1.45793e-16
0.0373754 	16.1589 	-5.93599e-07 	1.45789e-16
0.0376296 	16.2121 	-5.93599e-07 	1.45786e-16
0.0378839 	16.2652 	-5.93599e-07 	1.45782e-16
0.0381381 	16.3183 	-5.93599e-07 	1.45779e-16
0.0383924 	16.3715 	-5.93599e-07 	1.45776e-16
0.0386466 	16.4275 	-6.56114e-07 	2.10178e-16
0.0389009 	16.4852 	-6.56114e-07 	2.10174e-16
0.0391552 	16.5428 	-6.56114e-07 	2.1017e-16
0.0394094 	16.6005 	-6.56114e-07 	2.10166e-16
0.0396637 	16.6582 	-6.56114e-07 	2.10163e-16
0.0399179 	16.7158 	-6.56114e-07 	2.10159e-16
0.0401722 	16.7735 	-6.56114e-07 	2.10155e-16
0.0404264 	16.8312 	-6.56114e-07 	2.10152e-16
0.0406807 	16.8888 	-6.56114e-07 	2.10148e-16
0.0409349 	16.9465 	-6.56114e-07 	2.10144e-16
0.0411892 	17.0068 	-7.16698e-07 	2.8477e-16
0.0414434 	17.0692 	-7.16698e-07 	2.84766e-16
0.0416977 	17.1316 	-7.16698e-07 	2.84762e-16
0.041952 	17.1939 	-7.16698e-07 	2.84758e-16
0.0422062 	17.2563 	-7.16698e-07 	2.84754e-16
0.0424605 	17.3187 	-7.16698e-07 	2.8475e-16
0.0427147 	17.3811 	-7.16698e-07 	2.84746e-16
0.042969 	17.4435 	-7.16698e-07 	2.84742e-16
0.0432232 	17.5059 	-7.16698e-07 	2.84738e-16
0.0434775 	17.5683 	-7.16698e-07 	2.84734e-16
0.0437317 	17.6329 	-7.74673e-07 	2.55024e-16
0.043986 	17.7002 	-7.74673e-07 	2.5502e-16
0.0442402 	17.7675 	-7.74673e-07 	2.55016e-16
0.0444945 	17.8347 	-7.74673e-07 	2.55011e-16
0.0447487 	17.902 	-7.74673e-07 	2.55007e-16
0.045003 	17.9692 	-7.74673e-07 	2.55003e-16
0.0452573 	18.0365 	-7.74673e-07 	2.54998e-16
0.0455115 	18.1037 	-7.74673e-07 	2.54994e-16
0.0457658 	18.171 	-7.74673e-07 	2.5499e-16
0.04602 	18.2383 	-7.74673e-07 	2.54985e-16
0.0462743 	18.3073 	-8.3234e-07 	1.39133e-16
0.0465285 	18.3795 	-8.3234e-07 	1.39129e-16
0.0467828 	18.4517 	-8.3234e-07 	1.39124e-16
0.047037 	18.5239 	-8.3234e-07 	1.39119e-16
0.0472913 	18.5961 	-8.3234e-07 	1.39115e-16
0.0475455 	18.6683 	-8.3234e-07 	1.3911e-16
0.0477998 	18.7405 	-8.3234e-07 	1.39105e-16
0.0480541 	18.8127 	-8.3234e-07 	1.39101e-16
0.0483083 	18.8849 	-8.3234e-07 	1.39096e-16
0.0485626 	18.9571 	-8.3234e-07 	1.39091e-16
0.0488168 	19.0307 	-8.92107e-07 	1.87188e-17
0.0490711 	19.1079 	-8.92107e-07 	1.87138e-17
0.0493253 	19.1851 	-8.92107e-07 	1.87088e-17
0.0495796 	19.2622 	-8.92107e-07 	1.87039e-17
0.0498338 	19.3394 	-8.92107e-07 	1.86989e-17
0.0500881 	19.4166 	-8.92107e-07 	1.86939e-17
0.0503423 	19.4938 	-8.92107e-07 	1.8689e-17
0.0505966 	19.571 	-8.92107e-07 	1.8684e-17
0.0508509 	19.6481 	-8.92107e-07 	1.86791e-17
0.0511051 	19.7253 	-8.92107e-07 	1.86741e-17
0.0513594 	19.8034 	-9.53966e-07 	1.17237e-17
0.0516136 	19.8856 	-9.53966e-07 	1.17184e-17
0.0518679 	19.9678 	-9.53966e-07 	1.17132e-17
0.0521221 	20.05 	-9.53966e-07 	1.17079e-17
0.0523764 	20.1321 	-9.53966e-07 	1.17026e-17
0.0526306 	20.2143 	-9.53966e-07 	1.16973e-17
0.0528849 	20.2965 	-9.53966e-07 	1.1692e-17
0.0531391 	20.3787 	-9.53966e-07 	1.16867e-17
0.0533934 	20.4608 	-9.53966e-07 	1.16815e-17
0.0536476 	20.543 	-9.53966e-07 	1.16762e-17
0.0539019 	20.6257 	-1.0186e-06 	-1.04659e-16
0.0541562 	20.7129 	-1.0186e-06 	-1.04665e-16
0.0544104 	20.8001 	-1.0186e-06 	-1.0467e-16
0.0546647 	20.8873 	-1.0186e-06 	-1.04676e-16
0.0549189 	20.9745 	-1.0186e-06 	-1.04681e-16
0.0551732 	21.0617 	-1.0186e-06 	-1.04687e-16
0.0554274 	21.1489 	-1.0186e-06 	-1.04693e-16
0.0556817 	21.2361 	-1.0186e-06 	-1.04698e-16
0.0559359 	21.3233 	-1.0186e-06 	-1.04704e-16
0.0561902 	21.4105 	-1.0186e-06 	-1.04709e-16
0.0564444 	21.4977 	-1.16381e-06 	-1.4301e-18
0.0566987 	21.59 	-1.08628e-06 	-1.04184e-16
0.056953 	21.6823 	-1.08628e-06 	-1.0419e-16
0.0572072 	21.7746 	-1.08628e-06 	-1.04196e-16
0.0574615 	21.8668 	-1.08628e-06 	-1.04202e-16
0.0577157 	21.9591 	-1.08628e-06 	-1.04208e-16
0.05797 	22.0514 	-1.08628e-06 	-1.04214e-16
0.0582242 	22.1437 	-1.08628e-06 	-1.04219e-16
0.0584785 	22.2359 	-1.08628e-06 	-1.04225e-16
0.0587327 	22.3282 	-1.08628e-06 	-1.04231e-16
0.058987 	22.4205 	-1.08628e-06 	-1.04237e-16
0.0592412 	22.5174 	-1.15688e-06 	-1.10015e-16
0.0594955 	22.6148 	-1.15688e-06 	-1.10021e-16
0.0597497 	22.7121 	-1.15688e-06 	-1.10028e-16
0.060004 	22.8095 	-1.15688e-06 	-1.10034e-16
0.0602583 	22.9069 	-1.15688e-06 	-1.1004e-16
0.0605125 	23.0042 	-1.15688e-06 	-1.10046e-16
0.0607668 	23.1016 	-1.15688e-06 	-1.10053e-16
0.061021 	23.199 	-1.15688e-06 	-1.10059e-16
0.0612753 	23.2963 	-1.15688e-06 	-1.10065e-16
0.0615295 	23.3937 	-1.15688e-06 	-1.10071e-16
0.0617838 	23.4953 	-1.23247e-06 	-1.44392e-17
0.062038 	23.5977 	-1.23247e-06 	-1.44458e-17
0.0622923 	23.7002 	-1.23247e-06 	-1.44524e-17
0.0625465 	23.8026 	-1.23247e-06 	-1.4459e-17
0.0628008 	23.9051 	-1.23247e-06 	-1.44656e-17
0.0630551 	24.0076 	-1.23247e-06 	-1.44722e-17
0.0633093 	24.11 	-1.23247e-06 	-1.44787e-17
0.0635636 	24.2125 	-1.23247e-06 	-1.44853e-17
0.0638178 	24.315 	-1.23247e-06 	-1.44919e-17
0.0640721 	24.4174 	-1.23247e-06 	-1.44985e-17
0.0643263 	24.5236 	-1.31278e-06 	-1.3932e-16
0.0645806 	24.6311 	-1.31278e-06 	-1.39327e-16
0.0648348 	24.7387 	-1.31278e-06 	-1.39334e-16
0.0650891 	24.8462 	-1.31278e-06 	-1.39341e-16
0.0653433 	24.9537 	-1.31278e-06 	-1.39347e-16
0.0655976 	25.0613 	-1.31278e-06 	-1.39354e-16
0.0658519 	25.1688 	-1.31278e-06 	-1.39361e-16
0.0661061 	25.2764 	-1.31278e-06 	-1.39368e-16
0.0663604 	25.3839 	-1.31278e-06 	-1.39375e-16
0.0666146 	25.4914 	-1.31278e-06 	-1.39382e-16
0.0668689 	25.6022 	-1.39532e-06 	-1.45412e-16
0.0671231 	25.7148 	-1.39532e-06 	-1.4542e-16
0.0673774 	25.8274 	-1.39532e-06 	-1.45427e-16
0.0676316 	25.94 	-1.39532e-06 	-1.45434e-16
0.0678859 	26.0526 	-1.39532e-06 	-1.45441e-16
0.0681401 	26.1652 	-1.39532e-06 	-1.45449e-16
0.0683944 	26.2778 	-1.39532e-06 	-1.45456e-16
0.0686486 	26.3904 	-1.39532e-06 	-1.45463e-16
0.0689029 	26.5029 	-1.39532e-06 	-1.4547e-16
0.0691572 	26.6155 	-1.39532e-06 	-1.45478e-16
0.0694114 	26.7309 	-1.47863e-06 	-1.48265e-16
0.0696657 	26.8486 	-1.47863e-06 	-1.48273e-16
0.0699199 	26.9662 	-1.47863e-06 	-1.4828e-16
0.0701742 	27.0839 	-1.47863e-06 	-1.48288e-16
0.0704284 	27.2016 	-1.47863e-06 	-1.48295e-16
0.0706827 	27.3192 	-1.47863e-06 	-1.48303e-16
0.0709369 	27.4369 	-1.47863e-06 	-1.48311e-16
0.0711912 	27.5546 	-1.47863e-06 	-1.48318e-16
0.0714454 	27.6722 	-1.47863e-06 	-1.48326e-16
0.0716997 	27.7899 	-1.47863e-06 	-1.48333e-16
0.071954 	27.9099 	-1.55932e-06 	-1.46449e-16
0.0722082 	28.0326 	-1.55932e-06 	-1.46457e-16
0.0724625 	28.1554 	-1.55932e-06 	-1.46465e-16
0.0727167 	28.2782 	-1.55932e-06 	-1.46473e-16
0.072971 	28.401 	-1.55932e-06 	-1.46481e-16
0.0732252 	28.5237 	-1.55932e-06 	-1.46489e-16
0.0734795 	28.6465 	-1.55932e-06 	-1.46497e-16
0.0737337 	28.7693 	-1.55932e-06 	-1.46505e-16
0.073988 	28.8921 	-1.55932e-06 	-1.46512e-16
0.0742422 	29.0148 	-1.55932e-06 	-1.4652e-16
0.0744965 	29.1395 	-1.63947e-06 	-1.40619e-16
0.0747508 	29.2674 	-1.63947e-06 	-1.40627e-16
0.075005 	29.3953 	-1.63947e-06 	-1.40635e-16
0.0752593 	29.5232 	-1.63947e-06 	-1.40644e-16
0.0755135 	29.6511 	-1.63947e-06 	-1.40652e-16
0.0757678 	29.779 	-1.63947e-06 	-1.4066e-16
0.076022 	29.9069 	-1.63947e-06 	-1.40668e-16
0.0762763 	30.0348 	-1.63947e-06 	-1.40677e-16
0.0765305 	30.1627 	-1.63947e-06 	-1.40685e-16
0.0767848 	30.2906 	-1.63947e-06 	-1.40693e-16
0.077039 	30.4199 	-1.71866e-06 	-2.13984e-16
0.0772933 	30.5528 	-1.71866e-06 	-2.13993e-16
0.0775475 	30.6858 	-1.71866e-06 	-2.14001e-16
0.0778018 	30.8188 	-1.71866e-06 	-2.1401e-16
0.0780561 	30.9517 	-1.71866e-06 	-2.14018e-16
0.0783103 	31.0847 	-1.71866e-06 	-2.14027e-16
0.0785646 	31.2176 	-1.71866e-06 	-2.14035e-16
0.0788188 	31.3506 	-1.71866e-06 	-2.14044e-16
0.0790731 	31.4835 	-1.71866e-06 	-2.14052e-16
0.0793273 	31.6165 	-1.71866e-06 	-2.14061e-16
0.0795816 	31.7503 	-1.79783e-06 	-2.15802e-16
0.0798358 	31.8881 	-1.79783e-06 	-2.15811e-16
0.0800901 	32.0259 	-1.79783e-06 	-2.1582e-16
0.0803443 	32.1637 	-1.79783e-06 	-2.15829e-16
0.0805986 	32.3015 	-1.79783e-06 	-2.15838e-16
0.0808529 	32.4393 	-1.79783e-06 	-2.15846e-16
0.0811071 	32.5771 	-1.79783e-06 	-2.15855e-16
0.0813614 	32.7149 	-1.79783e-06 	-2.15864e-16
0.0816156 	32.8527 	-1.79783e-06 	-2.15873e-16
0.0818699 	32.9905 	-1.79783e-06 	-2.15882e-16
0.0821241 	33.1287 	-1.86863e-06 	-2.10911e-16
0.0823784 	33.271 	-1.86863e-06 	-2.1092e-16
0.0826326 	33.4133 	-1.86863e-06 	-2.10929e-16
0.0828869 	33.5556 	-1.86863e-06 	-2.10938e-16
0.0831411 	33.6979 	-1.86863e-06 	-2.10947e-16
0.0833954 	33.8402 	-1.86863e-06 	-2.10956e-16
0.0836496 	33.9825 	-1.86863e-06 	-2.10966e-16
0.0839039 	34.1248 	-1.86863e-06 	-2.10975e-16
0.0841582 	34.2671 	-1.86863e-06 	-2.10984e-16
0.0844124 	34.4094 	-1.86863e-06 	-2.10993e-16
0.0846667 	34.5517 	-2.11223e-06 	-2.86291e-18
0.0849209 	34.6981 	-1.9296e-06 	-2.03442e-16
0.0851752 	34.8445 	-1.9296e-06 	-2.03451e-16
0.0854294 	34.9909 	-1.9296e-06 	-2.03461e-16
0.0856837 	35.1372 	-1.9296e-06 	-2.0347e-16
0.0859379 	35.2836 	-1.9296e-06 	-2.0348e-16
0.0861922 	35.43 	-1.9296e-06 	-2.03489e-16
0.0864464 	35.5764 	-1.9296e-06 	-2.03498e-16
0.0867007 	35.7228 	-1.9296e-06 	-2.03508e-16
0.086955 	35.8692 	-1.9296e-06 	-2.03517e-16
0.0872092 	36.0156 	-1.9296e-06 	-2.03527e-16
0.0874635 	36.1653 	-1.98311e-06 	-1.95988e-16
0.0877177 	36.3152 	-1.98311e-06 	-1.95997e-16
0.087972 	36.4652 	-1.98311e-06 	-1.96007e-16
0.0882262 	36.6152 	-1.98311e-06 	-1.96017e-16
0.0884805 	36.7652 	-1.98311e-06 	-1.96026e-16
0.0887347 	36.9152 	-1.98311e-06 	-1.96036e-16
0.088989 	37.0652 	-1.98311e-06 	-1.96046e-16
0.0892432 	37.2152 	-1.98311e-06 	-1.96055e-16
0.0894975 	37.3651 	-1.98311e-06 	-1.96065e-16
0.0897518 	37.5151 	-1.98311e-06 	-1.96075e-16
0.090006 	37.6676 	-2.02359e-06 	-1.89743e-16
0.0902603 	37.8206 	-2.02359e-06 	-1.89753e-16
0.0905145 	37.9735 	-2.02359e-06 	-1.89762e-16
0.0907688 	38.1265 	-2.02359e-06 	-1.89772e-16
0.091023 	38.2795 	-2.02359e-06 	-1.89782e-16
0.0912773 	38.4325 	-2.02359e-06 	-1.89792e-16
0.0915315 	38.5855 	-2.02359e-06 	-1.89802e-16
0.0917858 	38.7385 	-2.02359e-06 	-1.89812e-16
0.09204 	38.8915 	-2.02359e-06 	-1.89821e-16
0.0922943 	39.0444 	-2.02359e-06 	-1.89831e-16
0.0925485 	39.1991 	-2.04462e-06 	-1.85153e-16
0.0928028 	39.3543 	-2.04462e-06 	-1.85163e-16
0.0930571 	39.5095 	-2.04462e-06 	-1.85173e-16
0.0933113 	39.6648 	-2.04462e-06 	-1.85183e-16
0.0935656 	39.82 	-2.04462e-06 	-1.85193e-16
0.0938198 	39.9752 	-2.04462e-06 	-1.85203e-16
0.0940741 	40.1305 	-2.04462e-06 	-1.85213e-16
0.0943283 	40.2857 	-2.04462e-06 	-1.85223e-16
0.0945826 	40.441 	-2.04462e-06 	-1.85233e-16
0.0948368 	40.5962 	-2.04462e-06 	-1.85243e-16
0.0950911 	40.7522 	-2.04007e-06 	-2.89741e-16
0.0953453 	40.9088 	-2.04007e-06 	-2.89751e-16
0.0955996 	41.0653 	-2.04007e-06 	-2.89761e-16
0.0958539 	41.2218 	-2.04007e-06 	-2.89771e-16
0.0961081 	41.3783 	-2.04007e-06 	-2.89781e-16
0.0963624 	41.5348 	-2.04007e-06 	-2.89792e-16
0.0966166 	41.6913 	-2.04007e-06 	-2.89802e-16
0.0968709 	41.8478 	-2.04007e-06 	-2.89812e-16
0.0971251 	42.0044 	-2.04007e-06 	-2.89822e-16
0.0973794 	42.1609 	-2.04007e-06 	-2.89832e-16
0.0976336 	42.3174 	-2.01197e-06 	-1.89712e-16
0.0978879 	42.474 	-2.01197e-06 	-1.89722e-16
0.0981421 	42.6306 	-2.01197e-06 	-1.89733e-16
0.0983964 	42.7872 	-2.01197e-06 	-1.89743e-16
0.0986507 	42.9438 	-2.01197e-06 	-1.89753e-16
0.0989049 	43.1004 	-2.01197e-06 	-1.89763e-16
0.0991592 	43.257 	-2.01197e-06 	-1.89773e-16
0.0994134 	43.4136 	-2.01197e-06 	-1.89783e-16
0.0996677 	43.5702 	-2.01197e-06 	-1.89793e-16
0.0999219 	43.7269 	-2.01197e-06 	-1.89803e-16
0.100176 	43.8829 	-1.93539e-06 	-8.5264e-17
0.10043 	44.0382 	-1.93539e-06 	-8.52739e-17
0.100685 	44.1935 	-1.93539e-06 	-8.52839e-17
0.100939 	44.3488 	-1.93539e-06 	-8.52939e-17
0.101193 	44.5041 	-1.93539e-06 	-8.53039e-17
0.101447 	44.6594 	-1.93539e-06 	-8.53139e-17
0.101702 	44.8147 	-1.93539e-06 	-8.53239e-17
0.101956 	44.97 	-1.93539e-06 	-8.53338e-17
0.10221 	45.1254 	-1.93539e-06 	-8.53438e-17
0.102464 	45.2807 	-1.93539e-06 	-8.53538e-17
0.102719 	45.435 	-1.84928e-06 	-7.6624e-17
0.102973 	45.5874 	-1.84928e-06 	-7.66338e-17
0.103227 	45.7399 	-1.84928e-06 	-7.66436e-17
0.103481 	45.8924 	-1.84928e-06 	-7.66534e-17
0.103736 	46.0449 	-1.84928e-06 	-7.66632e-17
0.10399 	46.1974 	-1.84928e-06 	-7.6673e-17
0.104244 	46.3499 	-1.84928e-06 	-7.66828e-17
0.104498 	46.5024 	-1.84928e-06 	-7.66926e-17
0.104753 	46.6548 	-1.84928e-06 	-7.67024e-17
0.105007 	46.8073 	-1.84928e-06 	-7.67122e-17
0.105261 	46.9586 	-1.73229e-06 	4.25847e-17
0.105516 	47.1067 	-1.73229e-06 	4.25752e-17
0.10577 	47.2548 	-1.73229e-06 	4.25656e-17
0.106024 	47.4029 	-1.73229e-06 	4.25561e-17
0.106278 	47.5509 	-1.73229e-06 	4.25466e-17
0.106533 	47.699 	-1.73229e-06 	4.25371e-17
0.106787 	47.8471 	-1.73229e-06 	4.25276e-17
0.107041 	47.9952 	-1.73229e-06 	4.2518e-17
0.107295 	48.1433 	-1.73229e-06 	4.25085e-17
0.10755 	48.2914 	-1.73229e-06 	4.2499e-17
0.107804 	48.4383 	-1.57342e-06 	9.04944e-17
0.108058 	48.5804 	-1.57342e-06 	9.04853e-17
0.108312 	48.7224 	-1.57342e-06 	9.04761e-17
0.108567 	48.8645 	-1.57342e-06 	9.0467e-17
0.108821 	49.0065 	-1.57342e-06 	9.04579e-17
0.109075 	49.1486 	-1.57342e-06 	9.04487e-17
0.109329 	49.2906 	-1.57342e-06 	9.04396e-17
0.109584 	49.4327 	-1.57342e-06 	9.04305e-17
0.109838 	49.5747 	-1.57342e-06 	9.04213e-17
0.110092 	49.7167 	-1.57342e-06 	9.04122e-17
0.110346 	49.8581 	-1.39734e-06 	4.60114e-17
0.110601 	49.9923 	-1.39734e-06 	4.60028e-17
0.110855 	50.1266 	-1.39734e-06 	4.59942e-17
0.111109 	50.2609 	-1.39734e-06 	4.59855e-17
0.111363 	50.3951 	-1.39734e-06 	4.59769e-17
0.111618 	50.5294 	-1.39734e-06 	4.59683e-17
0.111872 	50.6636 	-1.39734e-06 	4.59596e-17
0.112126 	50.7979 	-1.39734e-06 	4.5951e-17
0.11238 	50.9321 	-1.39734e-06 	4.59424e-17
0.112635 	51.0664 	-1.39734e-06 	4.59337e-17
0.112889 	51.2006 	-1.5939e-06 	-2.99197e-18
0.113143 	51.3253 	-1.19821e-06 	6.57196e-17
0.113397 	51.45 	-1.19821e-06 	6.57116e-17
0.113652 	51.5746 	-1.19821e-06 	6.57036e-17
0.113906 	51.6993 	-1.19821e-06 	6.56956e-17
0.11416 	51.824 	-1.19821e-06 	6.56876e-17
0.114414 	51.9486 	-1.19821e-06 	6.56796e-17
0.114669 	52.0733 	-1.19821e-06 	6.56716e-17
0.114923 	52.198 	-1.19821e-06 	6.56635e-17
0.115177 	52.3226 	-1.19821e-06 	6.56555e-17
0.115431 	52.4473 	-1.19821e-06 	6.56475e-17
0.115686 	52.5616 	-9.91123e-07 	8.45811e-17
0.11594 	52.675 	-9.91123e-07 	8.45738e-17
0.116194 	52.7883 	-9.91123e-07 	8.45665e-17
0.116448 	52.9017 	-9.91123e-07 	8.45592e-17
0.116703 	53.015 	-9.91123e-07 	8.45519e-17
0.116957 	53.1283 	-9.91123e-07 	8.45447e-17
0.117211 	53.2417 	-9.91123e-07 	8.45374e-17
0.117465 	53.355 	-9.91123e-07 	8.45301e-17
0.11772 	53.4684 	-9.91123e-07 	8.45228e-17
0.117974 	53.5817 	-9.91123e-07 	8.45155e-17
0.118228 	53.6845 	-7.81205e-07 	1.04428e-16
0.118482 	53.785 	-7.81205e-07 	1.04422e-16
0.118737 	53.8855 	-7.81205e-07 	1.04415e-16
0.118991 	53.986 	-7.81205e-07 	1.04409e-16
0.119245 	54.0865 	-7.81205e-07 	1.04402e-16
0.119499 	54.1869 	-7.81205e-07 	1.04396e-16
0.119754 	54.2874 	-7.81205e-07 	1.04389e-16
0.120008 	54.3879 	-7.81205e-07 	1.04383e-16
0.120262 	54.4884 	-7.81205e-07 	1.04377e-16
0.120517 	54.5889 	-7.81205e-07 	1.0437e-16
0.120771 	54.6791 	-5.52922e-07 	1.25136e-16
0.121025 	54.7656 	-5.52922e-07 	1.2513e-16
0.121279 	54.8521 	-5.52922e-07 	1.25125e-16
0.121534 	54.9385 	-5.52922e-07 	1.25119e-16
0.121788 	55.025 	-5.52922e-07 	1.25113e-16
0.122042 	55.1114 	-5.52922e-07 	1.25108e-16
0.122296 	55.1979 	-5.52922e-07 	1.25102e-16
0.122551 	55.2844 	-5.52922e-07 	1.25097e-16
0.122805 	55.3708 	-5.52922e-07 	1.25091e-16
0.123059 	55.4573 	-5.52922e-07 	1.25086e-16
0.123313 	55.5344 	-3.0604e-07 	1.455e-16
0.123568 	55.6061 	-3.0604e-07 	1.45495e-16
0.123822 	55.6779 	-3.0604e-07 	1.45491e-16
0.124076 	55.7496 	-3.0604e-07 	1.45486e-16
0.12433 	55.8214 	-3.0604e-07 	1.45481e-16
0.124585 	55.8931 	-3.0604e-07 	1.45477e-16
0.124839 	55.9649 	-3.0604e-07 	1.45472e-16
0.125093 	56.0366 	-3.0604e-07 	1.45468e-16
0.125347 	56.1084 	-3.0604e-07 	1.45463e-16
0.125602 	56.1801 	-3.0604e-07 	1.45458e-16
0.125856 	56.2438 	-7.28724e-08 	1.6373e-16
0.12611 	56.3007 	-7.28724e-08 	1.63727e-16
0.126364 	56.3576 	-7.28724e-08 	1.63723e-16
0.126619 	56.4145 	-7.28724e-08 	1.63719e-16
0.126873 	56.4714 	-7.28724e-08 	1.63716e-16
0.127127 	56.5283 	-7.28724e-08 	1.63712e-16
0.127381 	56.5852 	-7.28724e-08 	1.63709e-16
0.127636 	56.6421 	-7.28724e-08 	1.63705e-16
0.12789 	56.699 	-7.28724e-08 	1.63701e-16
0.128144 	56.7559 	-7.28724e-08 	1.63698e-16
0.128398 	56.8063 	1.27841e-07 	1.78205e-16
0.128653 	56.8488 	1.27841e-07 	1.78202e-16
0.128907 	56.8914 	1.27841e-07 	1.78199e-16
0.129161 	56.9339 	1.27841e-07 	1.78196e-16
0.129415 	56.9764 	1.27841e-07 	1.78194e-16
0.12967 	57.019 	1.27841e-07 	1.78191e-16
0.129924 	57.0615 	1.27841e-07 	1.78188e-16
0.130178 	57.104 	1.27841e-07 	1.78186e-16
0.130432 	57.1466 	1.27841e-07 	1.78183e-16
0.130687 	57.1891 	1.27841e-07 	1.7818e-16
0.130941 	57.2268 	2.91636e-07 	1.87465e-16
0.131195 	57.2559 	2.91636e-07 	1.87463e-16
0.131449 	57.285 	2.91636e-07 	1.87461e-16
0.131704 	57.3142 	2.91636e-07 	1.87459e-16
0.131958 	57.3433 	2.91636e-07 	1.87457e-16
0.132212 	57.3725 	2.91636e-07 	1.87455e-16
0.132466 	57.4016 	2.91636e-07 	1.87453e-16
0.132721 	57.4308 	2.91636e-07 	1.87452e-16
0.132975 	57.4599 	2.91636e-07 	1.8745e-16
0.133229 	57.489 	2.91636e-07 	1.87448e-16
0.133483 	57.5149 	4.22124e-07 	1.90476e-16
0.133738 	57.5318 	4.22124e-07 	1.90475e-16
0.133992 	57.5488 	4.22124e-07 	1.90474e-16
0.134246 	57.5658 	4.22124e-07 	1.90472e-16
0.134501 	57.5828 	4.22124e-07 	1.90471e-16
0.134755 	57.5998 	4.22124e-07 	1.9047e-16
0.135009 	57.6168 	4.22124e-07 	1.90469e-16
0.135263 	57.6337 	4.22124e-07 	1.90468e-16
0.135518 	57.6507 	4.22124e-07 	1.90467e-16
0.135772 	57.6677 	4.22124e-07 	1.90466e-16
0.136026 	57.6827 	5.28572e-07 	2.77083e-16
0.13628 	57.6887 	5.28572e-07 	2.77083e-16
0.136535 	57.6947 	5.28572e-07 	2.77082e-16
0.136789 	57.7007 	5.28572e-07 	2.77082e-16
0.137043 	57.7067 	5.28572e-07 	2.77081e-16
0.137297 	57.7127 	5.28572e-07 	2.77081e-16
0.137552 	57.7188 	5.28572e-07 	2.77081e-16
0.137806 	57.7248 	5.28572e-07 	2.7708e-16
0.13806 	57.7308 	5.28572e-07 	2.7708e-16
0.138314 	57.7368 	5.28572e-07 	2.77079e-16
0.138569 	57.7419 	6.2561e-07 	1.63875e-16
0.138823 	57.7379 	6.2561e-07 	1.63875e-16
0.139077 	57.7339 	6.2561e-07 	1.63875e-16
0.139331 	57.7299 	6.2561e-07 	1.63876e-16
0.139586 	57.7259 	6.2561e-07 	1.63876e-16
0.13984 	57.7219 	6.2561e-07 	1.63876e-16
0.140094 	57.7179 	6.2561e-07 	1.63877e-16
0.140348 	57.7138 	6.2561e-07 	1.63877e-16
0.140603 	57.7098 	6.2561e-07 	1.63877e-16
0.140857 	57.7058 	6.2561e-07 	1.63877e-16
0.141111 	57.7018 	6.3818e-07 	-3.17991e-18
0.141365 	57.6884 	7.1729e-07 	1.55136e-16
0.14162 	57.6751 	7.1729e-07 	1.55137e-16
0.141874 	57.6617 	7.1729e-07 	1.55138e-16
0.142128 	57.6483 	7.1729e-07 	1.55139e-16
0.142382 	57.6349 	7.1729e-07 	1.55139e-16
0.142637 	57.6215 	7.1729e-07 	1.5514e-16
0.142891 	57.6081 	7.1729e-07 	1.55141e-16
0.143145 	57.5948 	7.1729e-07 	1.55142e-16
0.143399 	57.5814 	7.1729e-07 	1.55143e-16
0.143654 	57.568 	7.1729e-07 	1.55144e-16
0.143908 	57.5464 	8.02746e-07 	5.50096e-17
0.144162 	57.5241 	8.02746e-07 	5.50111e-17
0.144416 	57.5017 	8.02746e-07 	5.50125e-17
0.144671 	57.4793 	8.02746e-07 	5.5014e-17
0.144925 	57.457 	8.02746e-07 	5.50154e-17
0.145179 	57.4346 	8.02746e-07 	5.50168e-17
0.145433 	57.4122 	8.02746e-07 	5.50183e-17
0.145688 	57.3898 	8.02746e-07 	5.50197e-17
0.145942 	57.3675 	8.02746e-07 	5.50212e-17
0.146196 	57.3451 	8.02746e-07 	5.50226e-17
0.14645 	57.3156 	8.82e-07 	-6.66753e-17
0.146705 	57.2845 	8.82e-07 	-6.66733e-17
0.146959 	57.2534 	8.82e-07 	-6.66713e-17
0.147213 	57.2223 	8.82e-07 	-6.66693e-17
0.147467 	57.1912 	8.82e-07 	-6.66673e-17
0.147722 	57.1601 	8.82e-07 	-6.66653e-17
0.147976 	57.129 	8.82e-07 	-6.66633e-17
0.14823 	57.0979 	8.82e-07 	-6.66613e-17
0.148484 	57.0668 	8.82e-07 	-6.66593e-17
0.148739 	57.0357 	8.82e-07 	-6.66573e-17
0.148993 	56.9984 	9.54627e-07 	-8.94645e-17
0.149247 	56.9588 	9.54627e-07 	-8.9462e-17
0.149502 	56.9192 	9.54627e-07 	-8.94594e-17
0.149756 	56.8796 	9.54627e-07 	-8.94569e-17
0.15001 	56.84 	9.54627e-07 	-8.94543e-17
0.150264 	56.8005 	9.54627e-07 	-8.94518e-17
0.150519 	56.7609 	9.54627e-07 	-8.94493e-17
0.150773 	56.7213 	9.54627e-07 	-8.94467e-17
0.151027 	56.6817 	9.54627e-07 	-8.94442e-17
0.151281 	56.6421 	9.54627e-07 	-8.94416e-17
0.151536 	56.5973 	1.02002e-06 	-1.10788e-16
0.15179 	56.5495 	1.02002e-06 	-1.10785e-16
0.152044 	56.5017 	1.02002e-06 	-1.10782e-16
0.152298 	56.4539 	1.02002e-06 	-1.10779e-16
0.152553 	56.4061 	1.02002e-06 	-1.10776e-16
0.152807 	56.3583 	1.02002e-06 	-1.10773e-16
0.153061 	56.3106 	1.02002e-06 	-1.1077e-16
0.153315 	56.2628 	1.02002e-06 	-1.10767e-16
0.15357 	56.215 	1.02002e-06 	-1.10764e-16
0.153824 	56.1672 	1.02002e-06 	-1.10761e-16
0.154078 	56.1151 	1.07771e-06 	-1.31089e-16
0.154332 	56.0595 	1.07771e-06 	-1.31085e-16
0.154587 	56.0038 	1.07771e-06 	-1.31082e-16
0.154841 	55.9482 	1.07771e-06 	-1.31078e-16
0.155095 	55.8926 	1.07771e-06 	-1.31075e-16
0.155349 	55.8369 	1.07771e-06 	-1.31071e-16
0.155604 	55.7813 	1.07771e-06 	-1.31068e-16
0.155858 	55.7257 	1.07771e-06 	-1.31064e-16
0.156112 	55.67 	1.07771e-06 	-1.3106e-16
0.156366 	55.6144 	1.07771e-06 	-1.31057e-16
0.156621 	55.5554 	1.12741e-06 	-1.51555e-16
0.156875 	55.4923 	1.12741e-06 	-1.51551e-16
0.157129 	55.4292 	1.12741e-06 	-1.51547e-16
0.157383 	55.3662 	1.12741e-06 	-1.51543e-16
0.157638 	55.3031 	1.12741e-06 	-1.51539e-16
0.157892 	55.24 	1.12741e-06 	-1.51535e-16
0.158146 	55.177 	1.12741e-06 	-1.51531e-16
0.1584 	55.1139 	1.12741e-06 	-1.51527e-16
0.158655 	55.0508 	1.12741e-06 	-1.51523e-16
0.158909 	54.9878 	1.12741e-06 	-1.51519e-16
0.159163 	54.9222 	1.16894e-06 	-6.81294e-17
0.159417 	54.8521 	1.16894e-06 	-6.81249e-17
0.159672 	54.7821 	1.16894e-06 	-6.81204e-17
0.159926 	54.7121 	1.16894e-06 	-6.81159e-17
0.16018 	54.642 	1.16894e-06 	-6.81114e-17
0.160434 	54.572 	1.16894e-06 	-6.81069e-17
0.160689 	54.5019 	1.16894e-06 	-6.81024e-17
0.160943 	54.4319 	1.16894e-06 	-6.80979e-17
0.161197 	54.3619 	1.16894e-06 	-6.80934e-17
0.161451 	54.2918 	1.16894e-06 	-6.80889e-17
0.161706 	54.22 	1.20215e-06 	-6.53551e-18
0.16196 	54.1435 	1.20215e-06 	-6.53059e-18
0.162214 	54.067 	1.20215e-06 	-6.52567e-18
0.162468 	53.9905 	1.20215e-06 	-6.52075e-18
0.162723 	53.914 	1.20215e-06 	-6.51583e-18
0.162977 	53.8375 	1.20215e-06 	-6.51092e-18
0.163231 	53.761 	1.20215e-06 	-6.506e-18
0.163485 	53.6845 	1.20215e-06 	-6.50108e-18
0.16374 	53.608 	1.20215e-06 	-6.49616e-18
0.163994 	53.5315 	1.20215e-06 	-6.49124e-18
0.164248 	53.4539 	1.227e-06 	-2.1426e-17
0.164503 	53.3715 	1.227e-06 	-2.14207e-17
0.164757 	53.289 	1.227e-06 	-2.14154e-17
0.165011 	53.2066 	1.227e-06 	-2.14101e-17
0.165265 	53.1241 	1.227e-06 	-2.14048e-17
0.16552 	53.0417 	1.227e-06 	-2.13995e-17
0.165774 	52.9592 	1.227e-06 	-2.13942e-17
0.166028 	52.8768 	1.227e-06 	-2.13889e-17
0.166282 	52.7943 	1.227e-06 	-2.13836e-17
0.166537 	52.7119 	1.227e-06 	-2.13783e-17
0.166791 	52.629 	1.24359e-06 	-3.04293e-17
0.167045 	52.5411 	1.24359e-06 	-3.04237e-17
0.167299 	52.4533 	1.24359e-06 	-3.0418e-17
0.167554 	52.3654 	1.24359e-06 	-3.04124e-17
0.167808 	52.2776 	1.24359e-06 	-3.04067e-17
0.168062 	52.1897 	1.24359e-06 	-3.04011e-17
0.168316 	52.1019 	1.24359e-06 	-3.03954e-17
0.168571 	52.0141 	1.24359e-06 	-3.03898e-17
0.168825 	51.9262 	1.24359e-06 	-3.03841e-17
0.169079 	51.8384 	1.24359e-06 	-3.03785e-17
0.169333 	51.7505 	1.32319e-06 	-3.16547e-18
0.169588 	51.6578 	1.25205e-06 	6.27532e-17
0.169842 	51.5652 	1.25205e-06 	6.27592e-17
0.170096 	51.4725 	1.25205e-06 	6.27651e-17
0.17035 	51.3798 	1.25205e-06 	6.27711e-17
0.170605 	51.2871 	1.25205e-06 	6.2777e-17
0.170859 	51.1944 	1.25205e-06 	6.2783e-17
0.171113 	51.1018 	1.25205e-06 	6.2789e-17
0.171367 	51.0091 	1.25205e-06 	6.27949e-17
0.171622 	50.9164 	1.25205e-06 	6.28009e-17
0.171876 	50.8237 	1.25205e-06 	6.28068e-17
0.17213 	50.7272 	1.2526e-06 	6.72459e-17
0.172384 	50.6302 	1.2526e-06 	6.72521e-17
0.172639 	50.5333 	1.2526e-06 	6.72584e-17
0.172893 	50.4363 	1.2526e-06 	6.72646e-17
0.173147 	50.3394 	1.2526e-06 	6.72708e-17
0.173401 	50.2424 	1.2526e-06 	6.72771e-17
0.173656 	50.1455 	1.2526e-06 	6.72833e-17
0.17391 	50.0485 	1.2526e-06 	6.72895e-17
0.174164 	49.9516 	1.2526e-06 	6.72958e-17
0.174418 	49.8546 	1.2526e-06 	6.7302e-17
0.174673 	49.7547 	1.24562e-06 	1.82434e-16
0.174927 	49.654 	1.24562e-06 	1.82441e-16
0.175181 	49.5534 	1.24562e-06 	1.82447e-16
0.175435 	49.4528 	1.24562e-06 	1.82454e-16
0.17569 	49.3521 	1.24562e-06 	1.8246e-16
0.175944 	49.2515 	1.24562e-06 	1.82467e-16
0.176198 	49.1509 	1.24562e-06 	1.82473e-16
0.176452 	49.0502 	1.24562e-06 	1.8248e-16
0.176707 	48.9496 	1.24562e-06 	1.82486e-16
0.176961 	48.849 	1.24562e-06 	1.82493e-16
0.177215 	48.7461 	1.23162e-06 	3.0721e-16
0.177469 	48.6424 	1.23162e-06 	3.07217e-16
0.177724 	48.5386 	1.23162e-06 	3.07223e-16
0.177978 	48.4349 	1.23162e-06 	3.0723e-16
0.178232 	48.3312 	1.23162e-06 	3.07237e-16
0.178486 	48.2274 	1.23162e-06 	3.07243e-16
0.178741 	48.1237 	1.23162e-06 	3.0725e-16
0.178995 	48.02 	1.23162e-06 	3.07257e-16
0.179249 	47.9162 	1.23162e-06 	3.07263e-16
0.179504 	47.8125 	1.23162e-06 	3.0727e-16
0.179758 	47.7072 	1.21085e-06 	3.23376e-16
0.180012 	47.601 	1.21085e-06 	3.23383e-16
0.180266 	47.4947 	1.21085e-06 	3.2339e-16
0.180521 	47.3885 	1.21085e-06 	3.23397e-16
0.180775 	47.2823 	1.21085e-06 	3.23404e-16
0.181029 	47.1761 	1.21085e-06 	3.23411e-16
0.181283 	47.0698 	1.21085e-06 	3.23417e-16
0.181538 	46.9636 	1.21085e-06 	3.23424e-16
0.181792 	46.8574 	1.21085e-06 	3.23431e-16
0.182046 	46.7512 	1.21085e-06 	3.23438e-16
0.1823 	46.6439 	1.18406e-06 	3.49342e-16
0.182555 	46.5358 	1.18406e-06 	3.49349e-16
0.182809 	46.4277 	1.18406e-06 	3.49356e-16
0.183063 	46.3196 	1.18406e-06 	3.49363e-16
0.183317 	46.2115 	1.18406e-06 	3.4937e-16
0.183572 	46.1034 	1.18406e-06 	3.49377e-16
0.183826 	45.9953 	1.18406e-06 	3.49384e-16
0.18408 	45.8872 	1.18406e-06 	3.49391e-16
0.184334 	45.7791 	1.18406e-06 	3.49398e-16
0.184589 	45.671 	1.18406e-06 	3.49405e-16
0.184843 	45.5624 	1.15247e-06 	3.75331e-16
0.185097 	45.4531 	1.15247e-06 	3.75338e-16
0.185351 	45.3438 	1.15247e-06 	3.75345e-16
0.185606 	45.2345 	1.15247e-06 	3.75352e-16
0.18586 	45.1251 	1.15247e-06 	3.75359e-16
0.186114 	45.0158 	1.15247e-06 	3.75366e-16
0.186368 	44.9065 	1.15247e-06 	3.75373e-16
0.186623 	44.7972 	1.15247e-06 	3.7538e-16
0.186877 	44.6879 	1.15247e-06 	3.75387e-16
0.187131 	44.5786 	1.15247e-06 	3.75394e-16
0.187385 	44.4691 	1.11631e-06 	2.96649e-16
0.18764 	44.3592 	1.11631e-06 	2.96656e-16
0.187894 	44.2494 	1.11631e-06 	2.96663e-16
0.188148 	44.1396 	1.11631e-06 	2.9667e-16
0.188402 	44.0297 	1.11631e-06 	2.96677e-16
0.188657 	43.9199 	1.11631e-06 	2.96684e-16
0.188911 	43.81 	1.11631e-06 	2.96691e-16
0.189165 	43.7002 	1.11631e-06 	2.96698e-16
0.189419 	43.5904 	1.11631e-06 	2.96705e-16
0.189674 	43.4805 	1.11631e-06 	2.96712e-16
0.189928 	43.3708 	1.07648e-06 	2.99814e-16
0.190182 	43.2611 	1.07648e-06 	2.99821e-16
0.190436 	43.1515 	1.07648e-06 	2.99828e-16
0.190691 	43.0419 	1.07648e-06 	2.99835e-16
0.190945 	42.9322 	1.07648e-06 	2.99842e-16
0.191199 	42.8226 	1.07648e-06 	2.99849e-16
0.191453 	42.713 	1.07648e-06 	2.99856e-16
0.191708 	42.6033 	1.07648e-06 	2.99863e-16
0.191962 	42.4937 	1.07648e-06 	2.99871e-16
0.192216 	42.3841 	1.07648e-06 	2.99878e-16
0.19247 	42.2746 	1.03318e-06 	1.99594e-16
0.192725 	42.166 	1.03318e-06 	1.99601e-16
0.192979 	42.0573 	1.03318e-06 	1.99608e-16
0.193233 	41.9487 	1.03318e-06 	1.99615e-16
0.193487 	41.84 	1.03318e-06 	1.99622e-16
0.193742 	41.7314 	1.03318e-06 	1.99629e-16
0.193996 	41.6227 	1.03318e-06 	1.99636e-16
0.19425 	41.5141 	1.03318e-06 	1.99643e-16
0.194505 	41.4054 	1.03318e-06 	1.9965e-16
0.194759 	41.2967 	1.03318e-06 	1.99657e-16
0.195013 	41.1883 	9.87277e-07 	2.81774e-16
0.195267 	41.0814 	9.87277e-07 	2.81781e-16
0.195522 	40.9745 	9.87277e-07 	2.81788e-16
0.195776 	40.8677 	9.87277e-07 	2.81795e-16
0.19603 	40.7608 	9.87277e-07 	2.81802e-16
0.196284 	40.6539 	9.87277e-07 	2.81809e-16
0.196539 	40.5471 	9.87277e-07 	2.81815e-16
0.196793 	40.4402 	9.87277e-07 	2.81822e-16
0.197047 	40.3333 	9.87277e-07 	2.81829e-16
0.197301 	40.2265 	9.87277e-07 	2.81836e-16
0.197556 	40.1196 	1.03959e-06 	-2.13589e-18
0.19781 	40.0154 	9.3943e-07 	2.34928e-16
0.198064 	39.9111 	9.3943e-07 	2.34935e-16
0.198318 	39.8069 	9.3943e-07 	2.34942e-16
0.198573 	39.7027 	9.3943e-07 	2.34949e-16
0.198827 	39.5984 	9.3943e-07 	2.34955e-16
0.199081 	39.4942 	9.3943e-07 	2.34962e-16
0.199335 	39.3899 	9.3943e-07 	2.34969e-16
0.19959 	39.2857 	9.3943e-07 	2.34975e-16
0.199844 	39.1814 	9.3943e-07 	2.34982e-16
0.200098 	39.0772 	9.3943e-07 	2.34989e-16
0.200352 	38.9761 	8.90476e-07 	1.86433e-16
0.200607 	38.8754 	8.90476e-07 	1.8644e-16
0.200861 	38.7746 	8.90476e-07 	1.86446e-16
0.201115 	38.6738 	8.90476e-07 	1.86453e-16
0.201369 	38.573 	8.90476e-07 	1.86459e-16
0.201624 	38.4723 	8.90476e-07 	1.86466e-16
0.201878 	38.3715 	8.90476e-07 	1.86472e-16
0.202132 	38.2707 	8.90476e-07 	1.86479e-16
0.202386 	38.17 	8.90476e-07 	1.86485e-16
0.202641 	38.0692 	8.90476e-07 	1.86492e-16
0.202895 	37.9719 	8.4157e-07 	1.36641e-16
0.203149 	37.8755 	8.4157e-07 	1.36648e-16
0.203403 	37.779 	8.4157e-07 	1.36654e-16
0.203658 	37.6825 	8.4157e-07 	1.3666e-16
0.203912 	37.5861 	8.4157e-07 	1.36666e-16
0.204166 	37.4896 	8.4157e-07 	1.36672e-16
0.20442 	37.3931 	8.4157e-07 	1.36679e-16
0.204675 	37.2966 	8.4157e-07 	1.36685e-16
0.204929 	37.2002 	8.4157e-07 	1.36691e-16
0.205183 	37.1037 	8.4157e-07 	1.36697e-16
0.205437 	37.0109 	7.93489e-07 	9.10245e-17
0.205692 	36.9195 	7.93489e-07 	9.10304e-17
0.205946 	36.8281 	7.93489e-07 	9.10363e-17
0.2062 	36.7367 	7.93489e-07 	9.10421e-17
0.206454 	36.6453 	7.93489e-07 	9.1048e-17
0.206709 	36.5539 	7.93489e-07 	9.10539e-17
0.206963 	36.4625 	7.93489e-07 	9.10598e-17
0.207217 	36.3712 	7.93489e-07 	9.10656e-17
0.207471 	36.2798 	7.93489e-07 	9.10715e-17
0.207726 	36.1884 	7.93489e-07 	9.10774e-17
0.20798 	36.1006 	7.45846e-07 	-4.97852e-17
0.208234 	36.015 	7.45846e-07 	-4.97797e-17
0.208488 	35.9294 	7.45846e-07 	-4.97742e-17
0.208743 	35.8438 	7.45846e-07 	-4.97687e-17
0.208997 	35.7581 	7.45846e-07 	-4.97632e-17
0.209251 	35.6725 	7.45846e-07 	-4.97577e-17
0.209506 	35.5869 	7.45846e-07 	-4.97522e-17
0.20976 	35.5013 	7.45846e-07 	-4.97466e-17
0.210014 	35.4156 	7.45846e-07 	-4.97411e-17
0.210268 	35.33 	7.45846e-07 	-4.97356e-17
0.210523 	35.2479 	6.98743e-07 	1.27591e-17
0.210777 	35.1686 	6.98743e-07 	1.27642e-17
0.211031 	35.0893 	6.98743e-07 	1.27693e-17
0.211285 	35.01 	6.98743e-07 	1.27744e-17
0.21154 	34.9308 	6.98743e-07 	1.27795e-17
0.211794 	34.8515 	6.98743e-07 	1.27846e-17
0.212048 	34.7722 	6.98743e-07 	1.27897e-17
0.212302 	34.693 	6.98743e-07 	1.27948e-17
0.212557 	34.6137 	6.98743e-07 	1.27999e-17
0.212811 	34.5344 	6.98743e-07 	1.2805e-17
0.213065 	34.4582 	6.52779e-07 	6.0578e-18
0.213319 	34.3858 	6.52779e-07 	6.06246e-18
0.213574 	34.3133 	6.52779e-07 	6.06712e-18
0.213828 	34.2408 	6.52779e-07 	6.07178e-18
0.214082 	34.1684 	6.52779e-07 	6.07644e-18
0.214336 	34.0959 	6.52779e-07 	6.0811e-18
0.214591 	34.0235 	6.52779e-07 	6.08576e-18
0.214845 	33.951 	6.52779e-07 	6.09042e-18
0.215099 	33.8785 	6.52779e-07 	6.09507e-18
0.215353 	33.8061 	6.52779e-07 	6.09973e-18
0.215608 	33.7362 	6.08468e-07 	1.06858e-16
0.215862 	33.6709 	6.08468e-07 	1.06862e-16
0.216116 	33.6055 	6.08468e-07 	1.06866e-16
0.21637 	33.5402 	6.08468e-07 	1.06871e-16
0.216625 	33.4749 	6.08468e-07 	1.06875e-16
0.216879 	33.4095 	6.08468e-07 	1.06879e-16
0.217133 	33.3442 	6.08468e-07 	1.06883e-16
0.217387 	33.2789 	6.08468e-07 	1.06887e-16
0.217642 	33.2135 	6.08468e-07 	1.06892e-16
0.217896 	33.1482 	6.08468e-07 	1.06896e-16
0.21815 	33.0849 	5.64357e-07 	-2.23198e-18
0.218404 	33.0268 	5.64357e-07 	-2.22825e-18
0.218659 	32.9688 	5.64357e-07 	-2.22452e-18
0.218913 	32.9108 	5.64357e-07 	-2.22079e-18
0.219167 	32.8527 	5.64357e-07 	-2.21706e-18
0.219421 	32.7947 	5.64357e-07 	-2.21333e-18
0.219676 	32.7367 	5.64357e-07 	-2.2096e-18
0.21993 	32.6786 	5.64357e-07 	-2.20587e-18
0.220184 	32.6206 	5.64357e-07 	-2.20214e-18
0.220438 	32.5626 	5.64357e-07 	-2.19841e-18
0.220693 	32.5059 	5.21956e-07 	9.84012e-17
0.220947 	32.4552 	5.21956e-07 	9.84045e-17
0.221201 	32.4045 	5.21956e-07 	9.84077e-17
0.221455 	32.3538 	5.21956e-07 	9.8411e-17
0.22171 	32.3031 	5.21956e-07 	9.84142e-17
0.221964 	32.2524 	5.21956e-07 	9.84175e-17
0.222218 	32.2016 	5.21956e-07 	9.84208e-17
0.222472 	32.1509 	5.21956e-07 	9.8424e-17
0.222727 	32.1002 	5.21956e-07 	9.84273e-17
0.222981 	32.0495 	5.21956e-07 	9.84305e-17
0.223235 	31.9995 	4.80942e-07 	8.84129e-18
0.223489 	31.956 	4.80942e-07 	8.84409e-18
0.223744 	31.9125 	4.80942e-07 	8.84688e-18
0.223998 	31.869 	4.80942e-07 	8.84968e-18
0.224252 	31.8255 	4.80942e-07 	8.85247e-18
0.224507 	31.7821 	4.80942e-07 	8.85527e-18
0.224761 	31.7386 	4.80942e-07 	8.85806e-18
0.225015 	31.6951 	4.80942e-07 	8.86086e-18
0.225269 	31.6516 	4.80942e-07 	8.86366e-18
0.225524 	31.6081 	4.80942e-07 	8.86645e-18
0.225778 	31.5646 	5.00114e-07 	-1.88759e-18
0.226032 	31.5281 	4.4086e-07 	1.27451e-16
0.226286 	31.4917 	4.4086e-07 	1.27453e-16
0.226541 	31.4552 	4.4086e-07 	1.27455e-16
0.226795 	31.4187 	4.4086e-07 	1.27458e-16
0.227049 	31.3822 	4.4086e-07 	1.2746e-16
0.227303 	31.3457 	4.4086e-07 	1.27462e-16
0.227558 	31.3092 	4.4086e-07 	1.27465e-16
0.227812 	31.2727 	4.4086e-07 	1.27467e-16
0.228066 	31.2363 	4.4086e-07 	1.27469e-16
0.22832 	31.1998 	4.4086e-07 	1.27472e-16
0.228575 	31.1694 	4.01533e-07 	2.50568e-16
0.228829 	31.1396 	4.01533e-07 	2.50569e-16
0.229083 	31.1098 	4.01533e-07 	2.50571e-16
0.229337 	31.08 	4.01533e-07 	2.50573e-16
0.229592 	31.0502 	4.01533e-07 	2.50575e-16
0.229846 	31.0204 	4.01533e-07 	2.50577e-16
0.2301 	30.9906 	4.01533e-07 	2.50579e-16
0.230354 	30.9608 	4.01533e-07 	2.50581e-16
0.230609 	30.931 	4.01533e-07 	2.50583e-16
0.230863 	30.9012 	4.01533e-07 	2.50585e-16
0.231117 	30.8765 	3.63154e-07 	2.57669e-16
0.231371 	30.853 	3.63154e-07 	2.57671e-16
0.231626 	30.8295 	3.63154e-07 	2.57672e-16
0.23188 	30.806 	3.63154e-07 	2.57674e-16
0.232134 	30.7825 	3.63154e-07 	2.57675e-16
0.232388 	30.759 	3.63154e-07 	2.57677e-16
0.232643 	30.7355 	3.63154e-07 	2.57678e-16
0.232897 	30.712 	3.63154e-07 	2.5768e-16
0.233151 	30.6885 	3.63154e-07 	2.57681e-16
0.233405 	30.665 	3.63154e-07 	2.57683e-16
0.23366 	30.6457 	3.26947e-07 	2.58078e-16
0.233914 	30.6281 	3.26947e-07 	2.5808e-16
0.234168 	30.6104 	3.26947e-07 	2.58081e-16
0.234422 	30.5928 	3.26947e-07 	2.58082e-16
0.234677 	30.5751 	3.26947e-07 	2.58083e-16
0.234931 	30.5575 	3.26947e-07 	2.58084e-16
0.235185 	30.5398 	3.26947e-07 	2.58085e-16
0.235439 	30.5222 	3.26947e-07 	2.58086e-16
0.235694 	30.5045 	3.26947e-07 	2.58088e-16
0.235948 	30.4869 	3.26947e-07 	2.58089e-16
0.236202 	30.4726 	2.9121e-07 	2.45687e-16
0.236456 	30.4604 	2.9121e-07 	2.45688e-16
0.236711 	30.4481 	2.9121e-07 	2.45688e-16
0.236965 	30.4358 	2.9121e-07 	2.45689e-16
0.237219 	30.4235 	2.9121e-07 	2.4569e-16
0.237473 	30.4113 	2.9121e-07 	2.45691e-16
0.237728 	30.399 	2.9121e-07 	2.45691e-16
0.237982 	30.3867 	2.9121e-07 	2.45692e-16
0.238236 	30.3745 	2.9121e-07 	2.45693e-16
0.23849 	30.3622 	2.9121e-07 	2.45694e-16
0.238745 	30.3526 	2.54302e-07 	2.2266e-16
0.238999 	30.3452 	2.54302e-07 	2.2266e-16
0.239253 	30.3378 	2.54302e-07 	2.22661e-16
0.239508 	30.3304 	2.54302e-07 	2.22661e-16
0.239762 	30.3229 	2.54302e-07 	2.22662e-16
0.240016 	30.3155 	2.54302e-07 	2.22662e-16
0.24027 	30.3081 	2.54302e-07 	2.22663e-16
0.240525 	30.3007 	2.54302e-07 	2.22663e-16
0.240779 	30.2933 	2.54302e-07 	2.22664e-16
0.241033 	30.2859 	2.54302e-07 	2.22664e-16
0.241287 	30.2805 	2.17938e-07 	8.46094e-17
0.241542 	30.2774 	2.17938e-07 	8.46096e-17
0.241796 	30.2743 	2.17938e-07 	8.46098e-17
0.24205 	30.2712 	2.17938e-07 	8.461e-17
0.242304 	30.2682 	2.17938e-07 	8.46102e-17
0.242559 	30.2651 	2.17938e-07 	8.46104e-17
0.242813 	30.262 	2.17938e-07 	8.46106e-17
0.243067 	30.2589 	2.17938e-07 	8.46108e-17
0.243321 	30.2558 	2.17938e-07 	8.4611e-17
0.243576 	30.2528 	2.17938e-07 	8.46112e-17
0.24383 	30.2511 	1.82777e-07 	4.13599e-17
0.244084 	30.2518 	1.82777e-07 	4.13599e-17
0.244338 	30.2525 	1.82777e-07 	4.13599e-17
0.244593 	30.2532 	1.82777e-07 	4.13598e-17
0.244847 	30.254 	1.82777e-07 	4.13598e-17
0.245101 	30.2547 	1.82777e-07 	4.13597e-17
0.245355 	30.2554 	1.82777e-07 	4.13597e-17
0.24561 	30.2561 	1.82777e-07 	4.13596e-17
0.245864 	30.2569 	1.82777e-07 	4.13596e-17
0.246118 	30.2576 	1.82777e-07 	4.13595e-17
0.246372 	30.2588 	1.50955e-07 	1.27337e-16
0.246627 	30.2615 	1.50955e-07 	1.27337e-16
0.246881 	30.2642 	1.50955e-07 	1.27337e-16
0.247135 	30.2669 	1.50955e-07 	1.27336e-16
0.247389 	30.2696 	1.50955e-07 	1.27336e-16
0.247644 	30.2723 	1.50955e-07 	1.27336e-16
0.247898 	30.275 	1.50955e-07 	1.27336e-16
0.248152 	30.2776 	1.50955e-07 	1.27336e-16
0.248406 	30.2803 	1.50955e-07 	1.27336e-16
0.248661 	30.283 	1.50955e-07 	1.27335e-16
0.248915 	30.2933 	1.22182e-07 	1.05521e-16
0.249169 	30.3375 	1.22182e-07 	1.05518e-16
0.249423 	30.3817 	1.22182e-07 	1.05516e-16
0.249678 	30.4259 	1.22182e-07 	1.05513e-16
0.249932 	30.4701 	1.22182e-07 	1.0551e-16
0.250186 	30.5143 	1.22182e-07 	1.05507e-16
0.25044 	30.5585 	1.22182e-07 	1.05504e-16
0.250695 	30.6028 	1.22182e-07 	1.05501e-16
0.250949 	30.647 	1.22182e-07 	1.05498e-16
0.251203 	30.6912 	1.22182e-07 	1.05496e-16
0.251457 	30.7353 	9.63808e-08 	8.72204e-17
0.251712 	30.7781 	9.63808e-08 	8.72176e-17
0.251966 	30.8209 	9.63808e-08 	8.72149e-17
0.25222 	30.8636 	9.63808e-08 	8.72121e-17
0.252474 	30.9064 	9.63808e-08 	8.72094e-17
0.252729 	30.9492 	9.63808e-08 	8.72066e-17
0.252983 	30.992 	9.63808e-08 	8.72039e-17
0.253237 	31.0348 	9.63808e-08 	8.72011e-17
0.253491 	31.0775 	9.63808e-08 	8.71984e-17
0.253746 	31.1203 	9.63808e-08 	8.71956e-17
0.254 	31.1631 	9.9152e-08 	-1.90711e-18
