0 	31.9371 	-2.7381e-07 	4.25105e-18
0.000254254 	31.9428 	-2.74179e-07 	7.59456e-15
0.000508509 	31.9486 	-2.74179e-07 	7.59456e-15
0.000762763 	31.9544 	-2.74179e-07 	7.59456e-15
0.00101702 	31.9602 	-2.74179e-07 	7.59456e-15
0.00127127 	31.9659 	-2.74179e-07 	7.59456e-15
0.00152553 	31.9717 	-2.74179e-07 	7.59456e-15
0.00177978 	31.9775 	-2.74179e-07 	7.59456e-15
0.00203403 	31.9833 	-2.74179e-07 	7.59456e-15
0.00228829 	31.9891 	-2.74179e-07 	7.59456e-15
0.00254254 	31.9948 	-2.74179e-07 	7.59456e-15
0.0027968 	32.0083 	-2.79622e-07 	7.60223e-15
0.00305105 	32.0225 	-2.79622e-07 	7.60223e-15
0.00330531 	32.0367 	-2.79622e-07 	7.60223e-15
0.00355956 	32.0509 	-2.79622e-07 	7.60223e-15
0.00381381 	32.0652 	-2.79622e-07 	7.60223e-15
0.00406807 	32.0794 	-2.79622e-07 	7.60223e-15
0.00432232 	32.0936 	-2.79622e-07 	7.60223e-15
0.00457658 	32.1078 	-2.79622e-07 	7.60223e-15
0.00483083 	32.122 	-2.79622e-07 	7.60222e-15
0.00508509 	32.1362 	-2.79622e-07 	7.60222e-15
0.00533934 	32.153 	-3.03e-07 	7.65359e-15
0.00559359 	32.1703 	-3.03e-07 	7.65359e-15
0.00584785 	32.1876 	-3.03e-07 	7.65359e-15
0.0061021 	32.2049 	-3.03e-07 	7.65359e-15
0.00635636 	32.2222 	-3.03e-07 	7.65359e-15
0.00661061 	32.2395 	-3.03e-07 	7.65359e-15
0.00686486 	32.2568 	-3.03e-07 	7.65359e-15
0.00711912 	32.2741 	-3.03e-07 	7.65359e-15
0.00737337 	32.2914 	-3.03e-07 	7.65358e-15
0.00762763 	32.3087 	-3.03e-07 	7.65358e-15
0.00788188 	32.3267 	-3.43401e-07 	7.68366e-15
0.00813614 	32.3451 	-3.43401e-07 	7.68366e-15
0.00839039 	32.3634 	-3.43401e-07 	7.68366e-15
0.00864464 	32.3817 	-3.43401e-07 	7.68366e-15
0.0088989 	32.4001 	-3.43401e-07 	7.68365e-15
0.00915315 	32.4184 	-3.43401e-07 	7.68365e-15
0.00940741 	32.4367 	-3.43401e-07 	7.68365e-15
0.00966166 	32.4551 	-3.43401e-07 	7.68365e-15
0.00991592 	32.4734 	-3.43401e-07 	7.68365e-15
0.0101702 	32.4917 	-3.43401e-07 	7.68365e-15
0.0104244 	32.5112 	-3.96962e-07 	7.76877e-15
0.0106787 	32.5314 	-3.96962e-07 	7.76876e-15
0.0109329 	32.5516 	-3.96962e-07 	7.76876e-15
0.0111872 	32.5718 	-3.96962e-07 	7.76876e-15
0.0114414 	32.5919 	-3.96962e-07 	7.76876e-15
0.0116957 	32.6121 	-3.96962e-07 	7.76876e-15
0.0119499 	32.6323 	-3.96962e-07 	7.76876e-15
0.0122042 	32.6524 	-3.96962e-07 	7.76876e-15
0.0124585 	32.6726 	-3.96962e-07 	7.76876e-15
0.0127127 	32.6928 	-3.96962e-07 	7.76875e-15
0.012967 	32.7146 	-4.60211e-07 	7.85578e-15
0.0132212 	32.7376 	-4.60211e-07 	7.85578e-15
0.0134755 	32.7607 	-4.60211e-07 	7.85578e-15
0.0137297 	32.7838 	-4.60211e-07 	7.85578e-15
0.013984 	32.8069 	-4.60211e-07 	7.85578e-15
0.0142382 	32.83 	-4.60211e-07 	7.85578e-15
0.0144925 	32.8531 	-4.60211e-07 	7.85577e-15
0.0147467 	32.8762 	-4.60211e-07 	7.85577e-15
0.015001 	32.8993 	-4.60211e-07 	7.85577e-15
0.0152553 	32.9224 	-4.60211e-07 	7.85577e-15
0.0155095 	32.9472 	-5.30521e-07 	7.91253e-15
0.0157638 	32.9739 	-5.30521e-07 	7.91253e-15
0.016018 	33.0006 	-5.30521e-07 	7.91252e-15
0.0162723 	33.0273 	-5.30521e-07 	7.91252e-15
0.0165265 	33.054 	-5.30521e-07 	7.91252e-15
0.0167808 	33.0807 	-5.30521e-07 	7.91252e-15
0.017035 	33.1074 	-5.30521e-07 	7.91252e-15
0.0172893 	33.1341 	-5.30521e-07 	7.91251e-15
0.0175435 	33.1609 	-5.30521e-07 	7.91251e-15
0.0177978 	33.1876 	-5.30521e-07 	7.91251e-15
0.0180521 	33.2157 	-6.06053e-07 	7.98111e-15
0.0183063 	33.2464 	-6.06053e-07 	7.9811e-15
0.0185606 	33.2771 	-6.06053e-07 	7.9811e-15
0.0188148 	33.3079 	-6.06053e-07 	7.9811e-15
0.0190691 	33.3386 	-6.06053e-07 	7.9811e-15
0.0193233 	33.3693 	-6.06053e-07 	7.9811e-15
0.0195776 	33.4 	-6.06053e-07 	7.98109e-15
0.0198318 	33.4307 	-6.06053e-07 	7.98109e-15
0.0200861 	33.4614 	-6.06053e-07 	7.98109e-15
0.0203403 	33.4921 	-6.06053e-07 	7.98109e-15
0.0205946 	33.5239 	-6.85649e-07 	8.06166e-15
0.0208488 	33.5589 	-6.85649e-07 	8.06166e-15
0.0211031 	33.5938 	-6.85649e-07 	8.06166e-15
0.0213574 	33.6287 	-6.85649e-07 	8.06166e-15
0.0216116 	33.6637 	-6.85649e-07 	8.06165e-15
0.0218659 	33.6986 	-6.85649e-07 	8.06165e-15
0.0221201 	33.7335 	-6.85649e-07 	8.06165e-15
0.0223744 	33.7685 	-6.85649e-07 	8.06165e-15
0.0226286 	33.8034 	-6.85649e-07 	8.06165e-15
0.0228829 	33.8383 	-6.85649e-07 	8.06164e-15
0.0231371 	33.8741 	-7.68644e-07 	8.1547e-15
0.0233914 	33.9134 	-7.68644e-07 	8.1547e-15
0.0236456 	33.9528 	-7.68644e-07 	8.1547e-15
0.0238999 	33.9921 	-7.68644e-07 	8.15469e-15
0.0241542 	34.0315 	-7.68644e-07 	8.15469e-15
0.0244084 	34.0708 	-7.68644e-07 	8.15469e-15
0.0246627 	34.1102 	-7.68644e-07 	8.15469e-15
0.0249169 	34.1495 	-7.68644e-07 	8.15468e-15
0.0251712 	34.1889 	-7.68644e-07 	8.15468e-15
0.0254254 	34.2282 	-7.68644e-07 	8.15468e-15
0.0256797 	34.268 	-8.54489e-07 	8.2603e-15
0.0259339 	34.3119 	-8.54489e-07 	8.2603e-15
0.0261882 	34.3559 	-8.54489e-07 	8.26029e-15
0.0264424 	34.3998 	-8.54489e-07 	8.26029e-15
0.0266967 	34.4438 	-8.54489e-07 	8.26029e-15
0.026951 	34.4877 	-8.54489e-07 	8.26029e-15
0.0272052 	34.5317 	-8.54489e-07 	8.26028e-15
0.0274595 	34.5756 	-8.54489e-07 	8.26028e-15
0.0277137 	34.6196 	-8.54489e-07 	8.26028e-15
0.027968 	34.6635 	-8.54489e-07 	8.26027e-15
0.0282222 	34.7074 	-9.92769e-07 	3.14779e-18
0.0284765 	34.7562 	-9.41854e-07 	8.37849e-15
0.0287307 	34.8049 	-9.41854e-07 	8.37848e-15
0.028985 	34.8536 	-9.41854e-07 	8.37848e-15
0.0292392 	34.9023 	-9.41854e-07 	8.37848e-15
0.0294935 	34.951 	-9.41854e-07 	8.37847e-15
0.0297477 	34.9998 	-9.41854e-07 	8.37847e-15
0.030002 	35.0485 	-9.41854e-07 	8.37847e-15
0.0302563 	35.0972 	-9.41854e-07 	8.37846e-15
0.0305105 	35.1459 	-9.41854e-07 	8.37846e-15
0.0307648 	35.1946 	-9.41854e-07 	8.37846e-15
0.031019 	35.2479 	-1.02869e-06 	8.56065e-15
0.0312733 	35.3015 	-1.02869e-06 	8.56065e-15
0.0315275 	35.3552 	-1.02869e-06 	8.56064e-15
0.0317818 	35.4089 	-1.02869e-06 	8.56064e-15
0.032036 	35.4626 	-1.02869e-06 	8.56064e-15
0.0322903 	35.5163 	-1.02869e-06 	8.56063e-15
0.0325445 	35.5699 	-1.02869e-06 	8.56063e-15
0.0327988 	35.6236 	-1.02869e-06 	8.56063e-15
0.0330531 	35.6773 	-1.02869e-06 	8.56062e-15
0.0333073 	35.731 	-1.02869e-06 	8.56062e-15
0.0335616 	35.7889 	-1.11694e-06 	8.66701e-15
0.0338158 	35.8477 	-1.11694e-06 	8.66701e-15
0.0340701 	35.9065 	-1.11694e-06 	8.667e-15
0.0343243 	35.9653 	-1.11694e-06 	8.667e-15
0.0345786 	36.0241 	-1.11694e-06 	8.667e-15
0.0348328 	36.083 	-1.11694e-06 	8.66699e-15
0.0350871 	36.1418 	-1.11694e-06 	8.66699e-15
0.0353413 	36.2006 	-1.11694e-06 	8.66699e-15
0.0355956 	36.2594 	-1.11694e-06 	8.66698e-15
0.0358498 	36.3183 	-1.11694e-06 	8.66698e-15
0.0361041 	36.381 	-1.20774e-06 	8.86353e-15
0.0363584 	36.4451 	-1.20774e-06 	8.86353e-15
0.0366126 	36.5093 	-1.20774e-06 	8.86352e-15
0.0368669 	36.5734 	-1.20774e-06 	8.86352e-15
0.0371211 	36.6376 	-1.20774e-06 	8.86352e-15
0.0373754 	36.7018 	-1.20774e-06 	8.86351e-15
0.0376296 	36.7659 	-1.20774e-06 	8.86351e-15
0.0378839 	36.8301 	-1.20774e-06 	8.8635e-15
0.0381381 	36.8943 	-1.20774e-06 	8.8635e-15
0.0383924 	36.9584 	-1.20774e-06 	8.86349e-15
0.0386466 	37.0261 	-1.30293e-06 	9.06772e-15
0.0389009 	37.0958 	-1.30293e-06 	9.06771e-15
0.0391552 	37.1655 	-1.30293e-06 	9.06771e-15
0.0394094 	37.2352 	-1.30293e-06 	9.0677e-15
0.0396637 	37.305 	-1.30293e-06 	9.0677e-15
0.0399179 	37.3747 	-1.30293e-06 	9.06769e-15
0.0401722 	37.4444 	-1.30293e-06 	9.06769e-15
0.0404264 	37.5141 	-1.30293e-06 	9.06768e-15
0.0406807 	37.5838 	-1.30293e-06 	9.06768e-15
0.0409349 	37.6535 	-1.30293e-06 	9.06767e-15
0.0411892 	37.7264 	-1.40195e-06 	9.29404e-15
0.0414434 	37.8018 	-1.40195e-06 	9.29404e-15
0.0416977 	37.8773 	-1.40195e-06 	9.29403e-15
0.041952 	37.9528 	-1.40195e-06 	9.29403e-15
0.0422062 	38.0282 	-1.40195e-06 	9.29402e-15
0.0424605 	38.1037 	-1.40195e-06 	9.29402e-15
0.0427147 	38.1792 	-1.40195e-06 	9.29401e-15
0.042969 	38.2547 	-1.40195e-06 	9.29401e-15
0.0432232 	38.3301 	-1.40195e-06 	9.294e-15
0.0434775 	38.4056 	-1.40195e-06 	9.294e-15
0.0437317 	38.4838 	-1.50442e-06 	9.50134e-15
0.043986 	38.5653 	-1.50442e-06 	9.50133e-15
0.0442402 	38.6467 	-1.50442e-06 	9.50133e-15
0.0444945 	38.7282 	-1.50442e-06 	9.50132e-15
0.0447487 	38.8096 	-1.50442e-06 	9.50132e-15
0.045003 	38.8911 	-1.50442e-06 	9.50131e-15
0.0452573 	38.9726 	-1.50442e-06 	9.5013e-15
0.0455115 	39.054 	-1.50442e-06 	9.5013e-15
0.0457658 	39.1355 	-1.50442e-06 	9.50129e-15
0.04602 	39.2169 	-1.50442e-06 	9.50129e-15
0.0462743 	39.3007 	-1.61026e-06 	9.67774e-15
0.0465285 	39.3884 	-1.61026e-06 	9.67773e-15
0.0467828 	39.476 	-1.61026e-06 	9.67772e-15
0.047037 	39.5637 	-1.61026e-06 	9.67772e-15
0.0472913 	39.6514 	-1.61026e-06 	9.67771e-15
0.0475455 	39.7391 	-1.61026e-06 	9.67771e-15
0.0477998 	39.8268 	-1.61026e-06 	9.6777e-15
0.0480541 	39.9145 	-1.61026e-06 	9.6777e-15
0.0483083 	40.0022 	-1.61026e-06 	9.67769e-15
0.0485626 	40.0899 	-1.61026e-06 	9.67768e-15
0.0488168 	40.1793 	-1.71929e-06 	9.86497e-15
0.0490711 	40.2735 	-1.71929e-06 	9.86497e-15
0.0493253 	40.3676 	-1.71929e-06 	9.86496e-15
0.0495796 	40.4618 	-1.71929e-06 	9.86496e-15
0.0498338 	40.556 	-1.71929e-06 	9.86495e-15
0.0500881 	40.6501 	-1.71929e-06 	9.86494e-15
0.0503423 	40.7443 	-1.71929e-06 	9.86494e-15
0.0505966 	40.8385 	-1.71929e-06 	9.86493e-15
0.0508509 	40.9326 	-1.71929e-06 	9.86493e-15
0.0511051 	41.0268 	-1.71929e-06 	9.86492e-15
0.0513594 	41.1222 	-1.83124e-06 	1.01211e-14
0.0516136 	41.2231 	-1.83124e-06 	1.01211e-14
0.0518679 	41.3239 	-1.83124e-06 	1.01211e-14
0.0521221 	41.4248 	-1.83124e-06 	1.01211e-14
0.0523764 	41.5257 	-1.83124e-06 	1.01211e-14
0.0526306 	41.6266 	-1.83124e-06 	1.01211e-14
0.0528849 	41.7275 	-1.83124e-06 	1.01211e-14
0.0531391 	41.8284 	-1.83124e-06 	1.0121e-14
0.0533934 	41.9293 	-1.83124e-06 	1.0121e-14
0.0536476 	42.0301 	-1.83124e-06 	1.0121e-14
0.0539019 	42.1317 	-1.94563e-06 	1.0333e-14
0.0541562 	42.2395 	-1.94563e-06 	1.0333e-14
0.0544104 	42.3474 	-1.94563e-06 	1.0333e-14
0.0546647 	42.4553 	-1.94563e-06 	1.0333e-14
0.0549189 	42.5631 	-1.94563e-06 	1.0333e-14
0.0551732 	42.671 	-1.94563e-06 	1.0333e-14
0.0554274 	42.7789 	-1.94563e-06 	1.0333e-14
0.0556817 	42.8868 	-1.94563e-06 	1.0333e-14
0.0559359 	42.9946 	-1.94563e-06 	1.0333e-14
0.0561902 	43.1025 	-1.94563e-06 	1.0333e-14
0.0564444 	43.2104 	-2.3159e-06 	2.14388e-18
0.0566987 	43.3255 	-2.06171e-06 	1.06219e-14
0.056953 	43.4406 	-2.06171e-06 	1.06218e-14
0.0572072 	43.5557 	-2.06171e-06 	1.06218e-14
0.0574615 	43.6708 	-2.06171e-06 	1.06218e-14
0.0577157 	43.7859 	-2.06171e-06 	1.06218e-14
0.05797 	43.901 	-2.06171e-06 	1.06218e-14
0.0582242 	44.0161 	-2.06171e-06 	1.06218e-14
0.0584785 	44.1312 	-2.06171e-06 	1.06218e-14
0.0587327 	44.2463 	-2.06171e-06 	1.06218e-14
0.058987 	44.3614 	-2.06171e-06 	1.06218e-14
0.0592412 	44.4834 	-2.17845e-06 	1.0926e-14
0.0594955 	44.606 	-2.17845e-06 	1.0926e-14
0.0597497 	44.7286 	-2.17845e-06 	1.0926e-14
0.060004 	44.8512 	-2.17845e-06 	1.0926e-14
0.0602583 	44.9738 	-2.17845e-06 	1.09259e-14
0.0605125 	45.0964 	-2.17845e-06 	1.09259e-14
0.0607668 	45.219 	-2.17845e-06 	1.09259e-14
0.061021 	45.3416 	-2.17845e-06 	1.09259e-14
0.0612753 	45.4642 	-2.17845e-06 	1.09259e-14
0.0615295 	45.5868 	-2.17845e-06 	1.09259e-14
0.0617838 	45.7157 	-2.29597e-06 	1.13023e-14
0.062038 	45.8461 	-2.29597e-06 	1.13022e-14
0.0622923 	45.9764 	-2.29597e-06 	1.13022e-14
0.0625465 	46.1067 	-2.29597e-06 	1.13022e-14
0.0628008 	46.2371 	-2.29597e-06 	1.13022e-14
0.0630551 	46.3674 	-2.29597e-06 	1.13022e-14
0.0633093 	46.4978 	-2.29597e-06 	1.13022e-14
0.0635636 	46.6281 	-2.29597e-06 	1.13022e-14
0.0638178 	46.7585 	-2.29597e-06 	1.13022e-14
0.0640721 	46.8888 	-2.29597e-06 	1.13022e-14
0.0643263 	47.0249 	-2.41413e-06 	1.15851e-14
0.0645806 	47.1633 	-2.41413e-06 	1.15851e-14
0.0648348 	47.3016 	-2.41413e-06 	1.15851e-14
0.0650891 	47.4399 	-2.41413e-06 	1.15851e-14
0.0653433 	47.5782 	-2.41413e-06 	1.1585e-14
0.0655976 	47.7165 	-2.41413e-06 	1.1585e-14
0.0658519 	47.8548 	-2.41413e-06 	1.1585e-14
0.0661061 	47.9931 	-2.41413e-06 	1.1585e-14
0.0663604 	48.1315 	-2.41413e-06 	1.1585e-14
0.0666146 	48.2698 	-2.41413e-06 	1.1585e-14
0.0668689 	48.4133 	-2.53234e-06 	1.19516e-14
0.0671231 	48.5598 	-2.53234e-06 	1.19516e-14
0.0673774 	48.7063 	-2.53234e-06 	1.19516e-14
0.0676316 	48.8528 	-2.53234e-06 	1.19516e-14
0.0678859 	48.9993 	-2.53234e-06 	1.19516e-14
0.0681401 	49.1458 	-2.53234e-06 	1.19516e-14
0.0683944 	49.2924 	-2.53234e-06 	1.19516e-14
0.0686486 	49.4389 	-2.53234e-06 	1.19516e-14
0.0689029 	49.5854 	-2.53234e-06 	1.19516e-14
0.0691572 	49.7319 	-2.53234e-06 	1.19516e-14
0.0694114 	49.883 	-2.64833e-06 	1.233e-14
0.0696657 	50.0379 	-2.64833e-06 	1.233e-14
0.0699199 	50.1928 	-2.64833e-06 	1.233e-14
0.0701742 	50.3478 	-2.64833e-06 	1.233e-14
0.0704284 	50.5027 	-2.64833e-06 	1.233e-14
0.0706827 	50.6576 	-2.64833e-06 	1.233e-14
0.0709369 	50.8125 	-2.64833e-06 	1.233e-14
0.0711912 	50.9675 	-2.64833e-06 	1.233e-14
0.0714454 	51.1224 	-2.64833e-06 	1.23299e-14
0.0716997 	51.2773 	-2.64833e-06 	1.23299e-14
0.071954 	51.4361 	-2.75275e-06 	1.2723e-14
0.0722082 	51.5997 	-2.75275e-06 	1.27229e-14
0.0724625 	51.7632 	-2.75275e-06 	1.27229e-14
0.0727167 	51.9267 	-2.75275e-06 	1.27229e-14
0.072971 	52.0902 	-2.75275e-06 	1.27229e-14
0.0732252 	52.2538 	-2.75275e-06 	1.27229e-14
0.0734795 	52.4173 	-2.75275e-06 	1.27229e-14
0.0737337 	52.5808 	-2.75275e-06 	1.27229e-14
0.073988 	52.7444 	-2.75275e-06 	1.27229e-14
0.0742422 	52.9079 	-2.75275e-06 	1.27229e-14
0.0744965 	53.0746 	-2.83886e-06 	1.31301e-14
0.0747508 	53.2468 	-2.83886e-06 	1.31301e-14
0.075005 	53.4191 	-2.83886e-06 	1.31301e-14
0.0752593 	53.5913 	-2.83886e-06 	1.31301e-14
0.0755135 	53.7635 	-2.83886e-06 	1.31301e-14
0.0757678 	53.9358 	-2.83886e-06 	1.313e-14
0.076022 	54.108 	-2.83886e-06 	1.313e-14
0.0762763 	54.2802 	-2.83886e-06 	1.313e-14
0.0765305 	54.4525 	-2.83886e-06 	1.313e-14
0.0767848 	54.6247 	-2.83886e-06 	1.313e-14
0.077039 	54.7993 	-2.89455e-06 	1.34944e-14
0.0772933 	54.9803 	-2.89455e-06 	1.34944e-14
0.0775475 	55.1612 	-2.89455e-06 	1.34944e-14
0.0778018 	55.3422 	-2.89455e-06 	1.34944e-14
0.0780561 	55.5231 	-2.89455e-06 	1.34944e-14
0.0783103 	55.7041 	-2.89455e-06 	1.34944e-14
0.0785646 	55.885 	-2.89455e-06 	1.34944e-14
0.0788188 	56.066 	-2.89455e-06 	1.34943e-14
0.0790731 	56.2469 	-2.89455e-06 	1.34943e-14
0.0793273 	56.4279 	-2.89455e-06 	1.34943e-14
0.0795816 	56.6104 	-2.91517e-06 	1.39249e-14
0.0798358 	56.8 	-2.91517e-06 	1.39249e-14
0.0800901 	56.9895 	-2.91517e-06 	1.39249e-14
0.0803443 	57.1791 	-2.91517e-06 	1.39249e-14
0.0805986 	57.3686 	-2.91517e-06 	1.39248e-14
0.0808529 	57.5582 	-2.91517e-06 	1.39248e-14
0.0811071 	57.7478 	-2.91517e-06 	1.39248e-14
0.0813614 	57.9373 	-2.91517e-06 	1.39248e-14
0.0816156 	58.1269 	-2.91517e-06 	1.39248e-14
0.0818699 	58.3164 	-2.91517e-06 	1.39248e-14
0.0821241 	58.5068 	-2.91816e-06 	1.436e-14
0.0823784 	58.7047 	-2.91816e-06 	1.43599e-14
0.0826326 	58.9026 	-2.91816e-06 	1.43599e-14
0.0828869 	59.1006 	-2.91816e-06 	1.43599e-14
0.0831411 	59.2985 	-2.91816e-06 	1.43599e-14
0.0833954 	59.4965 	-2.91816e-06 	1.43599e-14
0.0836496 	59.6944 	-2.91816e-06 	1.43599e-14
0.0839039 	59.8923 	-2.91816e-06 	1.43599e-14
0.0841582 	60.0903 	-2.91816e-06 	1.43598e-14
0.0844124 	60.2882 	-2.91816e-06 	1.43598e-14
0.0846667 	60.4862 	-3.84865e-06 	4.32743e-17
0.0849209 	60.6921 	-2.94103e-06 	1.48025e-14
0.0851752 	60.8981 	-2.94103e-06 	1.48025e-14
0.0854294 	61.1041 	-2.94103e-06 	1.48024e-14
0.0856837 	61.31 	-2.94103e-06 	1.48024e-14
0.0859379 	61.516 	-2.94103e-06 	1.48024e-14
0.0861922 	61.722 	-2.94103e-06 	1.48024e-14
0.0864464 	61.9279 	-2.94103e-06 	1.48024e-14
0.0867007 	62.1339 	-2.94103e-06 	1.48024e-14
0.086955 	62.3399 	-2.94103e-06 	1.48024e-14
0.0872092 	62.5459 	-2.94103e-06 	1.48024e-14
0.0874635 	62.7588 	-2.96004e-06 	1.5249e-14
0.0877177 	62.9724 	-2.96004e-06 	1.5249e-14
0.087972 	63.186 	-2.96004e-06 	1.5249e-14
0.0882262 	63.3996 	-2.96004e-06 	1.5249e-14
0.0884805 	63.6132 	-2.96004e-06 	1.5249e-14
0.0887347 	63.8268 	-2.96004e-06 	1.52489e-14
0.088989 	64.0404 	-2.96004e-06 	1.52489e-14
0.0892432 	64.254 	-2.96004e-06 	1.52489e-14
0.0894975 	64.4676 	-2.96004e-06 	1.52489e-14
0.0897518 	64.6812 	-2.96004e-06 	1.52489e-14
0.090006 	64.9007 	-2.94946e-06 	1.5697e-14
0.0902603 	65.1214 	-2.94946e-06 	1.5697e-14
0.0905145 	65.3421 	-2.94946e-06 	1.5697e-14
0.0907688 	65.5629 	-2.94946e-06 	1.5697e-14
0.091023 	65.7836 	-2.94946e-06 	1.56969e-14
0.0912773 	66.0043 	-2.94946e-06 	1.56969e-14
0.0915315 	66.2251 	-2.94946e-06 	1.56969e-14
0.0917858 	66.4458 	-2.94946e-06 	1.56969e-14
0.09204 	66.6665 	-2.94946e-06 	1.56969e-14
0.0922943 	66.8873 	-2.94946e-06 	1.56969e-14
0.0925485 	67.1126 	-2.93175e-06 	1.61429e-14
0.0928028 	67.3397 	-2.93175e-06 	1.61429e-14
0.0930571 	67.5667 	-2.93175e-06 	1.61429e-14
0.0933113 	67.7938 	-2.93175e-06 	1.61428e-14
0.0935656 	68.0208 	-2.93175e-06 	1.61428e-14
0.0938198 	68.2479 	-2.93175e-06 	1.61428e-14
0.0940741 	68.4749 	-2.93175e-06 	1.61428e-14
0.0943283 	68.702 	-2.93175e-06 	1.61428e-14
0.0945826 	68.9291 	-2.93175e-06 	1.61428e-14
0.0948368 	69.1561 	-2.93175e-06 	1.61428e-14
0.0950911 	69.3865 	-2.9019e-06 	1.65247e-14
0.0953453 	69.6188 	-2.9019e-06 	1.65246e-14
0.0955996 	69.851 	-2.9019e-06 	1.65246e-14
0.0958539 	70.0833 	-2.9019e-06 	1.65246e-14
0.0961081 	70.3156 	-2.9019e-06 	1.65246e-14
0.0963624 	70.5479 	-2.9019e-06 	1.65246e-14
0.0966166 	70.7802 	-2.9019e-06 	1.65246e-14
0.0968709 	71.0124 	-2.9019e-06 	1.65245e-14
0.0971251 	71.2447 	-2.9019e-06 	1.65245e-14
0.0973794 	71.477 	-2.9019e-06 	1.65245e-14
0.0976336 	71.7113 	-2.83103e-06 	1.70039e-14
0.0978879 	71.9474 	-2.83103e-06 	1.70039e-14
0.0981421 	72.1835 	-2.83103e-06 	1.70039e-14
0.0983964 	72.4196 	-2.83103e-06 	1.70039e-14
0.0986507 	72.6556 	-2.83103e-06 	1.70039e-14
0.0989049 	72.8917 	-2.83103e-06 	1.70039e-14
0.0991592 	73.1278 	-2.83103e-06 	1.70038e-14
0.0994134 	73.3639 	-2.83103e-06 	1.70038e-14
0.0996677 	73.5999 	-2.83103e-06 	1.70038e-14
0.0999219 	73.836 	-2.83103e-06 	1.70038e-14
0.100176 	74.073 	-2.71436e-06 	1.74758e-14
0.10043 	74.3111 	-2.71436e-06 	1.74758e-14
0.100685 	74.5492 	-2.71436e-06 	1.74758e-14
0.100939 	74.7873 	-2.71436e-06 	1.74758e-14
0.101193 	75.0253 	-2.71436e-06 	1.74757e-14
0.101447 	75.2634 	-2.71436e-06 	1.74757e-14
0.101702 	75.5015 	-2.71436e-06 	1.74757e-14
0.101956 	75.7396 	-2.71436e-06 	1.74757e-14
0.10221 	75.9777 	-2.71436e-06 	1.74757e-14
0.102464 	76.2158 	-2.71436e-06 	1.74757e-14
0.102719 	76.4538 	-2.53656e-06 	1.78721e-14
0.102973 	76.6917 	-2.53656e-06 	1.7872e-14
0.103227 	76.9297 	-2.53656e-06 	1.7872e-14
0.103481 	77.1676 	-2.53656e-06 	1.7872e-14
0.103736 	77.4055 	-2.53656e-06 	1.7872e-14
0.10399 	77.6434 	-2.53656e-06 	1.7872e-14
0.104244 	77.8814 	-2.53656e-06 	1.7872e-14
0.104498 	78.1193 	-2.53656e-06 	1.7872e-14
0.104753 	78.3572 	-2.53656e-06 	1.78719e-14
0.105007 	78.5952 	-2.53656e-06 	1.78719e-14
0.105261 	78.8324 	-2.34481e-06 	1.82853e-14
0.105516 	79.0677 	-2.34481e-06 	1.82853e-14
0.10577 	79.3031 	-2.34481e-06 	1.82852e-14
0.106024 	79.5384 	-2.34481e-06 	1.82852e-14
0.106278 	79.7738 	-2.34481e-06 	1.82852e-14
0.106533 	80.0091 	-2.34481e-06 	1.82852e-14
0.106787 	80.2445 	-2.34481e-06 	1.82852e-14
0.107041 	80.4798 	-2.34481e-06 	1.82852e-14
0.107295 	80.7152 	-2.34481e-06 	1.82852e-14
0.10755 	80.9505 	-2.34481e-06 	1.82851e-14
0.107804 	81.1849 	-2.05918e-06 	1.86702e-14
0.108058 	81.4151 	-2.05918e-06 	1.86701e-14
0.108312 	81.6453 	-2.05918e-06 	1.86701e-14
0.108567 	81.8755 	-2.05918e-06 	1.86701e-14
0.108821 	82.1057 	-2.05918e-06 	1.86701e-14
0.109075 	82.3359 	-2.05918e-06 	1.86701e-14
0.109329 	82.5661 	-2.05918e-06 	1.86701e-14
0.109584 	82.7963 	-2.05918e-06 	1.86701e-14
0.109838 	83.0265 	-2.05918e-06 	1.867e-14
0.110092 	83.2567 	-2.05918e-06 	1.867e-14
0.110346 	83.4862 	-1.74875e-06 	1.8962e-14
0.110601 	83.7085 	-1.74875e-06 	1.8962e-14
0.110855 	83.9307 	-1.74875e-06 	1.8962e-14
0.111109 	84.1529 	-1.74875e-06 	1.8962e-14
0.111363 	84.3751 	-1.74875e-06 	1.8962e-14
0.111618 	84.5974 	-1.74875e-06 	1.89619e-14
0.111872 	84.8196 	-1.74875e-06 	1.89619e-14
0.112126 	85.0418 	-1.74875e-06 	1.89619e-14
0.11238 	85.2641 	-1.74875e-06 	1.89619e-14
0.112635 	85.4863 	-1.74875e-06 	1.89619e-14
0.112889 	85.7085 	-2.86343e-06 	7.82269e-17
0.113143 	85.9197 	-1.40474e-06 	1.91992e-14
0.113397 	86.1308 	-1.40474e-06 	1.91992e-14
0.113652 	86.342 	-1.40474e-06 	1.91992e-14
0.113906 	86.5532 	-1.40474e-06 	1.91992e-14
0.11416 	86.7643 	-1.40474e-06 	1.91992e-14
0.114414 	86.9755 	-1.40474e-06 	1.91991e-14
0.114669 	87.1866 	-1.40474e-06 	1.91991e-14
0.114923 	87.3978 	-1.40474e-06 	1.91991e-14
0.115177 	87.6089 	-1.40474e-06 	1.91991e-14
0.115431 	87.8201 	-1.40474e-06 	1.91991e-14
0.115686 	88.0181 	-1.00564e-06 	1.93833e-14
0.11594 	88.2149 	-1.00564e-06 	1.93832e-14
0.116194 	88.4116 	-1.00564e-06 	1.93832e-14
0.116448 	88.6084 	-1.00564e-06 	1.93832e-14
0.116703 	88.8051 	-1.00564e-06 	1.93832e-14
0.116957 	89.0019 	-1.00564e-06 	1.93832e-14
0.117211 	89.1986 	-1.00564e-06 	1.93832e-14
0.117465 	89.3954 	-1.00564e-06 	1.93832e-14
0.11772 	89.5921 	-1.00564e-06 	1.93832e-14
0.117974 	89.7889 	-1.00564e-06 	1.93831e-14
0.118228 	89.971 	-6.02634e-07 	1.95116e-14
0.118482 	90.1499 	-6.02634e-07 	1.95116e-14
0.118737 	90.3287 	-6.02634e-07 	1.95116e-14
0.118991 	90.5076 	-6.02634e-07 	1.95116e-14
0.119245 	90.6865 	-6.02634e-07 	1.95116e-14
0.119499 	90.8654 	-6.02634e-07 	1.95116e-14
0.119754 	91.0443 	-6.02634e-07 	1.95116e-14
0.120008 	91.2232 	-6.02634e-07 	1.95116e-14
0.120262 	91.402 	-6.02634e-07 	1.95115e-14
0.120517 	91.5809 	-6.02634e-07 	1.95115e-14
0.120771 	91.7443 	-1.92571e-07 	1.95808e-14
0.121025 	91.902 	-1.92571e-07 	1.95808e-14
0.121279 	92.0596 	-1.92571e-07 	1.95808e-14
0.121534 	92.2173 	-1.92571e-07 	1.95808e-14
0.121788 	92.3749 	-1.92571e-07 	1.95808e-14
0.122042 	92.5326 	-1.92571e-07 	1.95808e-14
0.122296 	92.6902 	-1.92571e-07 	1.95807e-14
0.122551 	92.8478 	-1.92571e-07 	1.95807e-14
0.122805 	93.0055 	-1.92571e-07 	1.95807e-14
0.123059 	93.1631 	-1.92571e-07 	1.95807e-14
0.123313 	93.3054 	2.21023e-07 	1.95893e-14
0.123568 	93.4388 	2.21023e-07 	1.95893e-14
0.123822 	93.5722 	2.21023e-07 	1.95893e-14
0.124076 	93.7056 	2.21023e-07 	1.95893e-14
0.12433 	93.8391 	2.21023e-07 	1.95893e-14
0.124585 	93.9725 	2.21023e-07 	1.95892e-14
0.124839 	94.1059 	2.21023e-07 	1.95892e-14
0.125093 	94.2393 	2.21023e-07 	1.95892e-14
0.125347 	94.3727 	2.21023e-07 	1.95892e-14
0.125602 	94.5062 	2.21023e-07 	1.95892e-14
0.125856 	94.6251 	5.96361e-07 	1.95432e-14
0.12611 	94.732 	5.96361e-07 	1.95432e-14
0.126364 	94.8389 	5.96361e-07 	1.95432e-14
0.126619 	94.9458 	5.96361e-07 	1.95432e-14
0.126873 	95.0527 	5.96361e-07 	1.95432e-14
0.127127 	95.1597 	5.96361e-07 	1.95432e-14
0.127381 	95.2666 	5.96361e-07 	1.95432e-14
0.127636 	95.3735 	5.96361e-07 	1.95432e-14
0.12789 	95.4804 	5.96361e-07 	1.95432e-14
0.128144 	95.5873 	5.96361e-07 	1.95432e-14
0.128398 	95.6815 	9.25392e-07 	1.94591e-14
0.128653 	95.7607 	9.25392e-07 	1.94591e-14
0.128907 	95.8398 	9.25392e-07 	1.94591e-14
0.129161 	95.9189 	9.25392e-07 	1.94591e-14
0.129415 	95.998 	9.25392e-07 	1.94591e-14
0.12967 	96.0772 	9.25392e-07 	1.94591e-14
0.129924 	96.1563 	9.25392e-07 	1.9459e-14
0.130178 	96.2354 	9.25392e-07 	1.9459e-14
0.130432 	96.3145 	9.25392e-07 	1.9459e-14
0.130687 	96.3937 	9.25392e-07 	1.9459e-14
0.130941 	96.4626 	1.20491e-06 	1.93492e-14
0.131195 	96.5139 	1.20491e-06 	1.93492e-14
0.131449 	96.5651 	1.20491e-06 	1.93492e-14
0.131704 	96.6164 	1.20491e-06 	1.93492e-14
0.131958 	96.6676 	1.20491e-06 	1.93492e-14
0.132212 	96.7189 	1.20491e-06 	1.93492e-14
0.132466 	96.7701 	1.20491e-06 	1.93492e-14
0.132721 	96.8214 	1.20491e-06 	1.93492e-14
0.132975 	96.8726 	1.20491e-06 	1.93492e-14
0.133229 	96.9239 	1.20491e-06 	1.93492e-14
0.133483 	96.9678 	1.42603e-06 	1.92184e-14
0.133738 	96.9921 	1.42603e-06 	1.92184e-14
0.133992 	97.0164 	1.42603e-06 	1.92184e-14
0.134246 	97.0408 	1.42603e-06 	1.92184e-14
0.134501 	97.0651 	1.42603e-06 	1.92184e-14
0.134755 	97.0894 	1.42603e-06 	1.92184e-14
0.135009 	97.1137 	1.42603e-06 	1.92184e-14
0.135263 	97.138 	1.42603e-06 	1.92183e-14
0.135518 	97.1624 	1.42603e-06 	1.92183e-14
0.135772 	97.1867 	1.42603e-06 	1.92183e-14
0.136026 	97.2064 	1.62476e-06 	1.91154e-14
0.13628 	97.2055 	1.62476e-06 	1.91154e-14
0.136535 	97.2046 	1.62476e-06 	1.91154e-14
0.136789 	97.2036 	1.62476e-06 	1.91154e-14
0.137043 	97.2027 	1.62476e-06 	1.91154e-14
0.137297 	97.2018 	1.62476e-06 	1.91154e-14
0.137552 	97.2009 	1.62476e-06 	1.91154e-14
0.137806 	97.2 	1.62476e-06 	1.91154e-14
0.13806 	97.199 	1.62476e-06 	1.91154e-14
0.138314 	97.1981 	1.62476e-06 	1.91154e-14
0.138569 	97.1951 	1.7813e-06 	1.88989e-14
0.138823 	97.1709 	1.7813e-06 	1.88989e-14
0.139077 	97.1468 	1.7813e-06 	1.88989e-14
0.139331 	97.1227 	1.7813e-06 	1.88989e-14
0.139586 	97.0985 	1.7813e-06 	1.88989e-14
0.13984 	97.0744 	1.7813e-06 	1.88989e-14
0.140094 	97.0502 	1.7813e-06 	1.88989e-14
0.140348 	97.0261 	1.7813e-06 	1.88989e-14
0.140603 	97.002 	1.7813e-06 	1.88989e-14
0.140857 	96.9778 	1.7813e-06 	1.88989e-14
0.141111 	96.9537 	9.68055e-07 	5.63501e-17
0.141365 	96.9085 	1.90677e-06 	1.87094e-14
0.14162 	96.8633 	1.90677e-06 	1.87094e-14
0.141874 	96.8181 	1.90677e-06 	1.87094e-14
0.142128 	96.7729 	1.90677e-06 	1.87094e-14
0.142382 	96.7276 	1.90677e-06 	1.87094e-14
0.142637 	96.6824 	1.90677e-06 	1.87094e-14
0.142891 	96.6372 	1.90677e-06 	1.87094e-14
0.143145 	96.592 	1.90677e-06 	1.87094e-14
0.143399 	96.5468 	1.90677e-06 	1.87094e-14
0.143654 	96.5016 	1.90677e-06 	1.87094e-14
0.143908 	96.4392 	2.0241e-06 	1.84503e-14
0.144162 	96.3751 	2.0241e-06 	1.84503e-14
0.144416 	96.311 	2.0241e-06 	1.84503e-14
0.144671 	96.2469 	2.0241e-06 	1.84503e-14
0.144925 	96.1827 	2.0241e-06 	1.84503e-14
0.145179 	96.1186 	2.0241e-06 	1.84503e-14
0.145433 	96.0545 	2.0241e-06 	1.84503e-14
0.145688 	95.9904 	2.0241e-06 	1.84503e-14
0.145942 	95.9263 	2.0241e-06 	1.84503e-14
0.146196 	95.8622 	2.0241e-06 	1.84503e-14
0.14645 	95.7842 	2.1302e-06 	1.81833e-14
0.146705 	95.7032 	2.1302e-06 	1.81833e-14
0.146959 	95.6222 	2.1302e-06 	1.81833e-14
0.147213 	95.5412 	2.1302e-06 	1.81833e-14
0.147467 	95.4602 	2.1302e-06 	1.81833e-14
0.147722 	95.3792 	2.1302e-06 	1.81833e-14
0.147976 	95.2982 	2.1302e-06 	1.81833e-14
0.14823 	95.2172 	2.1302e-06 	1.81833e-14
0.148484 	95.1363 	2.1302e-06 	1.81833e-14
0.148739 	95.0553 	2.1302e-06 	1.81833e-14
0.148993 	94.9634 	2.23114e-06 	1.79525e-14
0.149247 	94.8674 	2.23114e-06 	1.79525e-14
0.149502 	94.7714 	2.23114e-06 	1.79526e-14
0.149756 	94.6754 	2.23114e-06 	1.79526e-14
0.15001 	94.5794 	2.23114e-06 	1.79526e-14
0.150264 	94.4834 	2.23114e-06 	1.79526e-14
0.150519 	94.3875 	2.23114e-06 	1.79526e-14
0.150773 	94.2915 	2.23114e-06 	1.79526e-14
0.151027 	94.1955 	2.23114e-06 	1.79526e-14
0.151281 	94.0995 	2.23114e-06 	1.79526e-14
0.151536 	93.9952 	2.327e-06 	1.77117e-14
0.15179 	93.886 	2.327e-06 	1.77117e-14
0.152044 	93.7769 	2.327e-06 	1.77117e-14
0.152298 	93.6677 	2.327e-06 	1.77117e-14
0.152553 	93.5586 	2.327e-06 	1.77117e-14
0.152807 	93.4494 	2.327e-06 	1.77117e-14
0.153061 	93.3403 	2.327e-06 	1.77117e-14
0.153315 	93.2311 	2.327e-06 	1.77117e-14
0.15357 	93.122 	2.327e-06 	1.77117e-14
0.153824 	93.0128 	2.327e-06 	1.77117e-14
0.154078 	92.8975 	2.4145e-06 	1.74597e-14
0.154332 	92.777 	2.4145e-06 	1.74597e-14
0.154587 	92.6565 	2.4145e-06 	1.74597e-14
0.154841 	92.536 	2.4145e-06 	1.74597e-14
0.155095 	92.4154 	2.4145e-06 	1.74597e-14
0.155349 	92.2949 	2.4145e-06 	1.74597e-14
0.155604 	92.1744 	2.4145e-06 	1.74597e-14
0.155858 	92.0539 	2.4145e-06 	1.74597e-14
0.156112 	91.9334 	2.4145e-06 	1.74598e-14
0.156366 	91.8129 	2.4145e-06 	1.74598e-14
0.156621 	91.6881 	2.49027e-06 	1.71984e-14
0.156875 	91.5581 	2.49027e-06 	1.71985e-14
0.157129 	91.428 	2.49027e-06 	1.71985e-14
0.157383 	91.298 	2.49027e-06 	1.71985e-14
0.157638 	91.168 	2.49027e-06 	1.71985e-14
0.157892 	91.038 	2.49027e-06 	1.71985e-14
0.158146 	90.9079 	2.49027e-06 	1.71985e-14
0.1584 	90.7779 	2.49027e-06 	1.71985e-14
0.158655 	90.6479 	2.49027e-06 	1.71985e-14
0.158909 	90.5179 	2.49027e-06 	1.71985e-14
0.159163 	90.3851 	2.55214e-06 	1.69749e-14
0.159417 	90.2474 	2.55214e-06 	1.69749e-14
0.159672 	90.1098 	2.55214e-06 	1.69749e-14
0.159926 	89.9721 	2.55214e-06 	1.69749e-14
0.16018 	89.8344 	2.55214e-06 	1.69749e-14
0.160434 	89.6968 	2.55214e-06 	1.6975e-14
0.160689 	89.5591 	2.55214e-06 	1.6975e-14
0.160943 	89.4215 	2.55214e-06 	1.6975e-14
0.161197 	89.2838 	2.55214e-06 	1.6975e-14
0.161451 	89.1462 	2.55214e-06 	1.6975e-14
0.161706 	89.007 	2.59942e-06 	1.67573e-14
0.16196 	88.8635 	2.59942e-06 	1.67574e-14
0.162214 	88.7201 	2.59942e-06 	1.67574e-14
0.162468 	88.5767 	2.59942e-06 	1.67574e-14
0.162723 	88.4333 	2.59942e-06 	1.67574e-14
0.162977 	88.2899 	2.59942e-06 	1.67574e-14
0.163231 	88.1465 	2.59942e-06 	1.67574e-14
0.163485 	88.0031 	2.59942e-06 	1.67574e-14
0.16374 	87.8597 	2.59942e-06 	1.67574e-14
0.163994 	87.7163 	2.59942e-06 	1.67574e-14
0.164248 	87.5722 	2.63251e-06 	1.64712e-14
0.164503 	87.4248 	2.63251e-06 	1.64712e-14
0.164757 	87.2775 	2.63251e-06 	1.64712e-14
0.165011 	87.1301 	2.63251e-06 	1.64712e-14
0.165265 	86.9828 	2.63251e-06 	1.64712e-14
0.16552 	86.8354 	2.63251e-06 	1.64712e-14
0.165774 	86.6881 	2.63251e-06 	1.64712e-14
0.166028 	86.5407 	2.63251e-06 	1.64712e-14
0.166282 	86.3934 	2.63251e-06 	1.64712e-14
0.166537 	86.246 	2.63251e-06 	1.64712e-14
0.166791 	86.0985 	2.65226e-06 	1.61889e-14
0.167045 	85.9489 	2.65226e-06 	1.6189e-14
0.167299 	85.7993 	2.65226e-06 	1.6189e-14
0.167554 	85.6497 	2.65226e-06 	1.6189e-14
0.167808 	85.5001 	2.65226e-06 	1.6189e-14
0.168062 	85.3505 	2.65226e-06 	1.6189e-14
0.168316 	85.2008 	2.65226e-06 	1.6189e-14
0.168571 	85.0512 	2.65226e-06 	1.6189e-14
0.168825 	84.9016 	2.65226e-06 	1.6189e-14
0.169079 	84.752 	2.65226e-06 	1.6189e-14
0.169333 	84.6024 	2.01292e-06 	3.39044e-17
0.169588 	84.4521 	2.65946e-06 	1.59657e-14
0.169842 	84.3017 	2.65946e-06 	1.59657e-14
0.170096 	84.1513 	2.65946e-06 	1.59657e-14
0.17035 	84.001 	2.65946e-06 	1.59657e-14
0.170605 	83.8506 	2.65946e-06 	1.59657e-14
0.170859 	83.7003 	2.65946e-06 	1.59658e-14
0.171113 	83.5499 	2.65946e-06 	1.59658e-14
0.171367 	83.3996 	2.65946e-06 	1.59658e-14
0.171622 	83.2492 	2.65946e-06 	1.59658e-14
0.171876 	83.0988 	2.65946e-06 	1.59658e-14
0.17213 	82.949 	2.65509e-06 	1.56792e-14
0.172384 	82.7992 	2.65509e-06 	1.56792e-14
0.172639 	82.6494 	2.65509e-06 	1.56792e-14
0.172893 	82.4996 	2.65509e-06 	1.56792e-14
0.173147 	82.3498 	2.65509e-06 	1.56792e-14
0.173401 	82.2 	2.65509e-06 	1.56792e-14
0.173656 	82.0502 	2.65509e-06 	1.56792e-14
0.17391 	81.9004 	2.65509e-06 	1.56792e-14
0.174164 	81.7506 	2.65509e-06 	1.56792e-14
0.174418 	81.6008 	2.65509e-06 	1.56793e-14
0.174673 	81.4524 	2.63976e-06 	1.54302e-14
0.174927 	81.3042 	2.63976e-06 	1.54302e-14
0.175181 	81.1561 	2.63976e-06 	1.54302e-14
0.175435 	81.008 	2.63976e-06 	1.54302e-14
0.17569 	80.8598 	2.63976e-06 	1.54302e-14
0.175944 	80.7117 	2.63976e-06 	1.54302e-14
0.176198 	80.5636 	2.63976e-06 	1.54302e-14
0.176452 	80.4154 	2.63976e-06 	1.54302e-14
0.176707 	80.2673 	2.63976e-06 	1.54302e-14
0.176961 	80.1192 	2.63976e-06 	1.54302e-14
0.177215 	79.9729 	2.61481e-06 	1.51893e-14
0.177469 	79.8274 	2.61481e-06 	1.51894e-14
0.177724 	79.6818 	2.61481e-06 	1.51894e-14
0.177978 	79.5363 	2.61481e-06 	1.51894e-14
0.178232 	79.3907 	2.61481e-06 	1.51894e-14
0.178486 	79.2451 	2.61481e-06 	1.51894e-14
0.178741 	79.0996 	2.61481e-06 	1.51894e-14
0.178995 	78.954 	2.61481e-06 	1.51894e-14
0.179249 	78.8085 	2.61481e-06 	1.51894e-14
0.179504 	78.6629 	2.61481e-06 	1.51894e-14
0.179758 	78.5195 	2.58054e-06 	1.49093e-14
0.180012 	78.3772 	2.58054e-06 	1.49093e-14
0.180266 	78.235 	2.58054e-06 	1.49093e-14
0.180521 	78.0927 	2.58054e-06 	1.49093e-14
0.180775 	77.9505 	2.58054e-06 	1.49093e-14
0.181029 	77.8082 	2.58054e-06 	1.49093e-14
0.181283 	77.666 	2.58054e-06 	1.49093e-14
0.181538 	77.5237 	2.58054e-06 	1.49094e-14
0.181792 	77.3815 	2.58054e-06 	1.49094e-14
0.182046 	77.2392 	2.58054e-06 	1.49094e-14
0.1823 	77.0991 	2.53706e-06 	1.46326e-14
0.182555 	76.9607 	2.53706e-06 	1.46326e-14
0.182809 	76.8224 	2.53706e-06 	1.46326e-14
0.183063 	76.684 	2.53706e-06 	1.46326e-14
0.183317 	76.5457 	2.53706e-06 	1.46326e-14
0.183572 	76.4073 	2.53706e-06 	1.46326e-14
0.183826 	76.2689 	2.53706e-06 	1.46326e-14
0.18408 	76.1306 	2.53706e-06 	1.46327e-14
0.184334 	75.9922 	2.53706e-06 	1.46327e-14
0.184589 	75.8538 	2.53706e-06 	1.46327e-14
0.184843 	75.7175 	2.48532e-06 	1.43591e-14
0.185097 	75.5834 	2.48532e-06 	1.43591e-14
0.185351 	75.4494 	2.48532e-06 	1.43591e-14
0.185606 	75.3154 	2.48532e-06 	1.43592e-14
0.18586 	75.1813 	2.48532e-06 	1.43592e-14
0.186114 	75.0473 	2.48532e-06 	1.43592e-14
0.186368 	74.9133 	2.48532e-06 	1.43592e-14
0.186623 	74.7792 	2.48532e-06 	1.43592e-14
0.186877 	74.6452 	2.48532e-06 	1.43592e-14
0.187131 	74.5112 	2.48532e-06 	1.43592e-14
0.187385 	74.3788 	2.42361e-06 	1.40481e-14
0.18764 	74.2495 	2.42361e-06 	1.40482e-14
0.187894 	74.1201 	2.42361e-06 	1.40482e-14
0.188148 	73.9908 	2.42361e-06 	1.40482e-14
0.188402 	73.8614 	2.42361e-06 	1.40482e-14
0.188657 	73.732 	2.42361e-06 	1.40482e-14
0.188911 	73.6027 	2.42361e-06 	1.40482e-14
0.189165 	73.4733 	2.42361e-06 	1.40482e-14
0.189419 	73.344 	2.42361e-06 	1.40482e-14
0.189674 	73.2146 	2.42361e-06 	1.40482e-14
0.189928 	73.0866 	2.35257e-06 	1.37864e-14
0.190182 	72.9622 	2.35257e-06 	1.37864e-14
0.190436 	72.8377 	2.35257e-06 	1.37864e-14
0.190691 	72.7133 	2.35257e-06 	1.37864e-14
0.190945 	72.5889 	2.35257e-06 	1.37864e-14
0.191199 	72.4644 	2.35257e-06 	1.37865e-14
0.191453 	72.34 	2.35257e-06 	1.37865e-14
0.191708 	72.2156 	2.35257e-06 	1.37865e-14
0.191962 	72.0911 	2.35257e-06 	1.37865e-14
0.192216 	71.9667 	2.35257e-06 	1.37865e-14
0.19247 	71.8432 	2.27095e-06 	1.34759e-14
0.192725 	71.7238 	2.27095e-06 	1.34759e-14
0.192979 	71.6045 	2.27095e-06 	1.34759e-14
0.193233 	71.4852 	2.27095e-06 	1.34759e-14
0.193487 	71.3658 	2.27095e-06 	1.34759e-14
0.193742 	71.2465 	2.27095e-06 	1.34759e-14
0.193996 	71.1271 	2.27095e-06 	1.34759e-14
0.19425 	71.0078 	2.27095e-06 	1.34759e-14
0.194505 	70.8885 	2.27095e-06 	1.34759e-14
0.194759 	70.7691 	2.27095e-06 	1.34759e-14
0.195013 	70.6503 	2.17447e-06 	1.33054e-14
0.195267 	70.5361 	2.17447e-06 	1.33054e-14
0.195522 	70.422 	2.17447e-06 	1.33054e-14
0.195776 	70.3079 	2.17447e-06 	1.33054e-14
0.19603 	70.1937 	2.17447e-06 	1.33054e-14
0.196284 	70.0796 	2.17447e-06 	1.33054e-14
0.196539 	69.9655 	2.17447e-06 	1.33054e-14
0.196793 	69.8513 	2.17447e-06 	1.33055e-14
0.197047 	69.7372 	2.17447e-06 	1.33055e-14
0.197301 	69.6231 	2.17447e-06 	1.33055e-14
0.197556 	69.5089 	1.65745e-06 	1.99942e-17
0.19781 	69.4001 	2.07817e-06 	1.30716e-14
0.198064 	69.2912 	2.07817e-06 	1.30717e-14
0.198318 	69.1824 	2.07817e-06 	1.30717e-14
0.198573 	69.0735 	2.07817e-06 	1.30717e-14
0.198827 	68.9647 	2.07817e-06 	1.30717e-14
0.199081 	68.8558 	2.07817e-06 	1.30717e-14
0.199335 	68.7469 	2.07817e-06 	1.30717e-14
0.19959 	68.6381 	2.07817e-06 	1.30717e-14
0.199844 	68.5292 	2.07817e-06 	1.30717e-14
0.200098 	68.4204 	2.07817e-06 	1.30717e-14
0.200352 	68.3164 	1.9826e-06 	1.28525e-14
0.200607 	68.2129 	1.9826e-06 	1.28525e-14
0.200861 	68.1093 	1.9826e-06 	1.28525e-14
0.201115 	68.0058 	1.9826e-06 	1.28525e-14
0.201369 	67.9023 	1.9826e-06 	1.28526e-14
0.201624 	67.7988 	1.9826e-06 	1.28526e-14
0.201878 	67.6953 	1.9826e-06 	1.28526e-14
0.202132 	67.5917 	1.9826e-06 	1.28526e-14
0.202386 	67.4882 	1.9826e-06 	1.28526e-14
0.202641 	67.3847 	1.9826e-06 	1.28526e-14
0.202895 	67.2855 	1.88812e-06 	1.26456e-14
0.203149 	67.1874 	1.88812e-06 	1.26456e-14
0.203403 	67.0892 	1.88812e-06 	1.26456e-14
0.203658 	66.991 	1.88812e-06 	1.26456e-14
0.203912 	66.8928 	1.88812e-06 	1.26456e-14
0.204166 	66.7947 	1.88812e-06 	1.26456e-14
0.20442 	66.6965 	1.88812e-06 	1.26456e-14
0.204675 	66.5983 	1.88812e-06 	1.26456e-14
0.204929 	66.5001 	1.88812e-06 	1.26456e-14
0.205183 	66.402 	1.88812e-06 	1.26456e-14
0.205437 	66.3077 	1.78819e-06 	1.24499e-14
0.205692 	66.2148 	1.78819e-06 	1.24499e-14
0.205946 	66.122 	1.78819e-06 	1.24499e-14
0.2062 	66.0291 	1.78819e-06 	1.24499e-14
0.206454 	65.9363 	1.78819e-06 	1.24499e-14
0.206709 	65.8435 	1.78819e-06 	1.24499e-14
0.206963 	65.7506 	1.78819e-06 	1.245e-14
0.207217 	65.6578 	1.78819e-06 	1.245e-14
0.207471 	65.5649 	1.78819e-06 	1.245e-14
0.207726 	65.4721 	1.78819e-06 	1.245e-14
0.20798 	65.3826 	1.68006e-06 	1.22152e-14
0.208234 	65.2951 	1.68006e-06 	1.22152e-14
0.208488 	65.2075 	1.68006e-06 	1.22152e-14
0.208743 	65.12 	1.68006e-06 	1.22152e-14
0.208997 	65.0324 	1.68006e-06 	1.22152e-14
0.209251 	64.9449 	1.68006e-06 	1.22152e-14
0.209506 	64.8573 	1.68006e-06 	1.22152e-14
0.20976 	64.7698 	1.68006e-06 	1.22152e-14
0.210014 	64.6822 	1.68006e-06 	1.22153e-14
0.210268 	64.5947 	1.68006e-06 	1.22153e-14
0.210523 	64.51 	1.56754e-06 	1.2095e-14
0.210777 	64.4277 	1.56754e-06 	1.2095e-14
0.211031 	64.3454 	1.56754e-06 	1.2095e-14
0.211285 	64.2631 	1.56754e-06 	1.2095e-14
0.21154 	64.1808 	1.56754e-06 	1.2095e-14
0.211794 	64.0985 	1.56754e-06 	1.2095e-14
0.212048 	64.0162 	1.56754e-06 	1.2095e-14
0.212302 	63.9339 	1.56754e-06 	1.2095e-14
0.212557 	63.8516 	1.56754e-06 	1.2095e-14
0.212811 	63.7694 	1.56754e-06 	1.2095e-14
0.213065 	63.6894 	1.45296e-06 	1.19308e-14
0.213319 	63.6123 	1.45296e-06 	1.19308e-14
0.213574 	63.5352 	1.45296e-06 	1.19308e-14
0.213828 	63.4581 	1.45296e-06 	1.19309e-14
0.214082 	63.3811 	1.45296e-06 	1.19309e-14
0.214336 	63.304 	1.45296e-06 	1.19309e-14
0.214591 	63.2269 	1.45296e-06 	1.19309e-14
0.214845 	63.1498 	1.45296e-06 	1.19309e-14
0.215099 	63.0727 	1.45296e-06 	1.19309e-14
0.215353 	62.9956 	1.45296e-06 	1.19309e-14
0.215608 	62.9204 	1.3378e-06 	1.18353e-14
0.215862 	62.8484 	1.3378e-06 	1.18353e-14
0.216116 	62.7765 	1.3378e-06 	1.18353e-14
0.21637 	62.7045 	1.3378e-06 	1.18353e-14
0.216625 	62.6326 	1.3378e-06 	1.18354e-14
0.216879 	62.5606 	1.3378e-06 	1.18354e-14
0.217133 	62.4887 	1.3378e-06 	1.18354e-14
0.217387 	62.4167 	1.3378e-06 	1.18354e-14
0.217642 	62.3448 	1.3378e-06 	1.18354e-14
0.217896 	62.2728 	1.3378e-06 	1.18354e-14
0.21815 	62.2023 	1.22283e-06 	1.16351e-14
0.218404 	62.1354 	1.22283e-06 	1.16351e-14
0.218659 	62.0685 	1.22283e-06 	1.16351e-14
0.218913 	62.0017 	1.22283e-06 	1.16351e-14
0.219167 	61.9348 	1.22283e-06 	1.16351e-14
0.219421 	61.8679 	1.22283e-06 	1.16351e-14
0.219676 	61.8011 	1.22283e-06 	1.16351e-14
0.21993 	61.7342 	1.22283e-06 	1.16351e-14
0.220184 	61.6673 	1.22283e-06 	1.16351e-14
0.220438 	61.6005 	1.22283e-06 	1.16351e-14
0.220693 	61.5345 	1.10871e-06 	1.15545e-14
0.220947 	61.4726 	1.10871e-06 	1.15545e-14
0.221201 	61.4108 	1.10871e-06 	1.15545e-14
0.221455 	61.3489 	1.10871e-06 	1.15545e-14
0.22171 	61.2871 	1.10871e-06 	1.15545e-14
0.221964 	61.2252 	1.10871e-06 	1.15545e-14
0.222218 	61.1634 	1.10871e-06 	1.15545e-14
0.222472 	61.1015 	1.10871e-06 	1.15545e-14
0.222727 	61.0397 	1.10871e-06 	1.15545e-14
0.222981 	60.9778 	1.10871e-06 	1.15545e-14
0.223235 	60.9164 	9.95561e-07 	1.13831e-14
0.223489 	60.8595 	9.95561e-07 	1.13831e-14
0.223744 	60.8026 	9.95561e-07 	1.13831e-14
0.223998 	60.7457 	9.95561e-07 	1.13831e-14
0.224252 	60.6888 	9.95561e-07 	1.13831e-14
0.224507 	60.6319 	9.95561e-07 	1.13831e-14
0.224761 	60.575 	9.95561e-07 	1.13831e-14
0.225015 	60.5181 	9.95561e-07 	1.13831e-14
0.225269 	60.4611 	9.95561e-07 	1.13831e-14
0.225524 	60.4042 	9.95561e-07 	1.13831e-14
0.225778 	60.3473 	8.95172e-07 	8.59558e-18
0.226032 	60.2953 	8.83113e-07 	1.13364e-14
0.226286 	60.2433 	8.83113e-07 	1.13364e-14
0.226541 	60.1912 	8.83113e-07 	1.13364e-14
0.226795 	60.1392 	8.83113e-07 	1.13364e-14
0.227049 	60.0872 	8.83113e-07 	1.13364e-14
0.227303 	60.0352 	8.83113e-07 	1.13364e-14
0.227558 	59.9831 	8.83113e-07 	1.13365e-14
0.227812 	59.9311 	8.83113e-07 	1.13365e-14
0.228066 	59.8791 	8.83113e-07 	1.13365e-14
0.22832 	59.827 	8.83113e-07 	1.13365e-14
0.228575 	59.7794 	7.7112e-07 	1.12824e-14
0.228829 	59.7321 	7.7112e-07 	1.12825e-14
0.229083 	59.6849 	7.7112e-07 	1.12825e-14
0.229337 	59.6377 	7.7112e-07 	1.12825e-14
0.229592 	59.5904 	7.7112e-07 	1.12825e-14
0.229846 	59.5432 	7.7112e-07 	1.12825e-14
0.2301 	59.496 	7.7112e-07 	1.12825e-14
0.230354 	59.4487 	7.7112e-07 	1.12825e-14
0.230609 	59.4015 	7.7112e-07 	1.12825e-14
0.230863 	59.3543 	7.7112e-07 	1.12825e-14
0.231117 	59.3109 	6.60642e-07 	1.11938e-14
0.231371 	59.2684 	6.60642e-07 	1.11938e-14
0.231626 	59.2258 	6.60642e-07 	1.11938e-14
0.23188 	59.1833 	6.60642e-07 	1.11938e-14
0.232134 	59.1408 	6.60642e-07 	1.11938e-14
0.232388 	59.0983 	6.60642e-07 	1.11938e-14
0.232643 	59.0557 	6.60642e-07 	1.11938e-14
0.232897 	59.0132 	6.60642e-07 	1.11938e-14
0.233151 	58.9707 	6.60642e-07 	1.11938e-14
0.233405 	58.9282 	6.60642e-07 	1.11938e-14
0.23366 	58.889 	5.54636e-07 	1.11131e-14
0.233914 	58.8511 	5.54636e-07 	1.11131e-14
0.234168 	58.8132 	5.54636e-07 	1.11131e-14
0.234422 	58.7752 	5.54636e-07 	1.11132e-14
0.234677 	58.7373 	5.54636e-07 	1.11132e-14
0.234931 	58.6994 	5.54636e-07 	1.11132e-14
0.235185 	58.6615 	5.54636e-07 	1.11132e-14
0.235439 	58.6236 	5.54636e-07 	1.11132e-14
0.235694 	58.5856 	5.54636e-07 	1.11132e-14
0.235948 	58.5477 	5.54636e-07 	1.11132e-14
0.236202 	58.5127 	4.54721e-07 	1.10444e-14
0.236456 	58.4792 	4.54721e-07 	1.10444e-14
0.236711 	58.4458 	4.54721e-07 	1.10444e-14
0.236965 	58.4124 	4.54721e-07 	1.10444e-14
0.237219 	58.3789 	4.54721e-07 	1.10444e-14
0.237473 	58.3455 	4.54721e-07 	1.10444e-14
0.237728 	58.3121 	4.54721e-07 	1.10444e-14
0.237982 	58.2786 	4.54721e-07 	1.10444e-14
0.238236 	58.2452 	4.54721e-07 	1.10444e-14
0.23849 	58.2118 	4.54721e-07 	1.10444e-14
0.238745 	58.1807 	3.66251e-07 	1.09848e-14
0.238999 	58.1516 	3.66251e-07 	1.09848e-14
0.239253 	58.1225 	3.66251e-07 	1.09848e-14
0.239508 	58.0934 	3.66251e-07 	1.09848e-14
0.239762 	58.0643 	3.66251e-07 	1.09848e-14
0.240016 	58.0352 	3.66251e-07 	1.09848e-14
0.24027 	58.0061 	3.66251e-07 	1.09848e-14
0.240525 	57.977 	3.66251e-07 	1.09848e-14
0.240779 	57.9479 	3.66251e-07 	1.09848e-14
0.241033 	57.9188 	3.66251e-07 	1.09848e-14
0.241287 	57.8916 	2.89247e-07 	1.08797e-14
0.241542 	57.8666 	2.89247e-07 	1.08797e-14
0.241796 	57.8416 	2.89247e-07 	1.08797e-14
0.24205 	57.8166 	2.89247e-07 	1.08797e-14
0.242304 	57.7917 	2.89247e-07 	1.08797e-14
0.242559 	57.7667 	2.89247e-07 	1.08797e-14
0.242813 	57.7417 	2.89247e-07 	1.08797e-14
0.243067 	57.7167 	2.89247e-07 	1.08797e-14
0.243321 	57.6918 	2.89247e-07 	1.08797e-14
0.243576 	57.6668 	2.89247e-07 	1.08797e-14
0.24383 	57.6432 	2.2096e-07 	1.08422e-14
0.244084 	57.6221 	2.2096e-07 	1.08422e-14
0.244338 	57.6009 	2.2096e-07 	1.08422e-14
0.244593 	57.5798 	2.2096e-07 	1.08422e-14
0.244847 	57.5586 	2.2096e-07 	1.08422e-14
0.245101 	57.5375 	2.2096e-07 	1.08422e-14
0.245355 	57.5164 	2.2096e-07 	1.08422e-14
0.24561 	57.4952 	2.2096e-07 	1.08422e-14
0.245864 	57.4741 	2.2096e-07 	1.08422e-14
0.246118 	57.4529 	2.2096e-07 	1.08422e-14
0.246372 	57.4327 	1.62175e-07 	1.0852e-14
0.246627 	57.4151 	1.62175e-07 	1.0852e-14
0.246881 	57.3974 	1.62175e-07 	1.0852e-14
0.247135 	57.3797 	1.62175e-07 	1.0852e-14
0.247389 	57.3621 	1.62175e-07 	1.0852e-14
0.247644 	57.3444 	1.62175e-07 	1.0852e-14
0.247898 	57.3267 	1.62175e-07 	1.0852e-14
0.248152 	57.3091 	1.62175e-07 	1.08521e-14
0.248406 	57.2914 	1.62175e-07 	1.08521e-14
0.248661 	57.2738 	1.62175e-07 	1.08521e-14
0.248915 	57.2554 	1.15064e-07 	1.08244e-14
0.249169 	57.2342 	1.15064e-07 	1.08244e-14
0.249423 	57.2129 	1.15064e-07 	1.08244e-14
0.249678 	57.1916 	1.15064e-07 	1.08244e-14
0.249932 	57.1704 	1.15064e-07 	1.08244e-14
0.250186 	57.1491 	1.15064e-07 	1.08244e-14
0.25044 	57.1278 	1.15064e-07 	1.08244e-14
0.250695 	57.1065 	1.15064e-07 	1.08244e-14
0.250949 	57.0853 	1.15064e-07 	1.08244e-14
0.251203 	57.064 	1.15064e-07 	1.08244e-14
0.251457 	57.0435 	8.24208e-08 	1.08019e-14
0.251712 	57.0302 	8.24208e-08 	1.08019e-14
0.251966 	57.0169 	8.24208e-08 	1.08019e-14
0.25222 	57.0037 	8.24208e-08 	1.08019e-14
0.252474 	56.9904 	8.24208e-08 	1.08019e-14
0.252729 	56.9771 	8.24208e-08 	1.08019e-14
0.252983 	56.9639 	8.24208e-08 	1.08019e-14
0.253237 	56.9506 	8.24208e-08 	1.08019e-14
0.253491 	56.9374 	8.24208e-08 	1.08019e-14
0.253746 	56.9241 	8.24208e-08 	1.08019e-14
0.254 	56.9108 	1.92566e-07 	6.24869e-18
