0 	31.7993 	-2.72589e-07 	2.52548e-20
0.000254254 	31.805 	-2.72647e-07 	1.56402e-15
0.000508509 	31.8108 	-2.72647e-07 	1.56402e-15
0.000762763 	31.8165 	-2.72647e-07 	1.56402e-15
0.00101702 	31.8222 	-2.72647e-07 	1.56402e-15
0.00127127 	31.828 	-2.72647e-07 	1.56402e-15
0.00152553 	31.8337 	-2.72647e-07 	1.56402e-15
0.00177978 	31.8395 	-2.72647e-07 	1.56402e-15
0.00203403 	31.8452 	-2.72647e-07 	1.56402e-15
0.00228829 	31.851 	-2.72647e-07 	1.56402e-15
0.00254254 	31.8567 	-2.72647e-07 	1.56402e-15
0.0027968 	31.8701 	-2.78098e-07 	1.56383e-15
0.00305105 	31.8842 	-2.78098e-07 	1.56383e-15
0.00330531 	31.8984 	-2.78098e-07 	1.56383e-15
0.00355956 	31.9125 	-2.78098e-07 	1.56383e-15
0.00381381 	31.9267 	-2.78098e-07 	1.56383e-15
0.00406807 	31.9408 	-2.78098e-07 	1.56382e-15
0.00432232 	31.955 	-2.78098e-07 	1.56382e-15
0.00457658 	31.9691 	-2.78098e-07 	1.56382e-15
0.00483083 	31.9833 	-2.78098e-07 	1.56382e-15
0.00508509 	31.9974 	-2.78098e-07 	1.56382e-15
0.00533934 	32.0141 	-3.01424e-07 	1.6124e-15
0.00559359 	32.0314 	-3.01424e-07 	1.6124e-15
0.00584785 	32.0486 	-3.01424e-07 	1.6124e-15
0.0061021 	32.0658 	-3.01424e-07 	1.6124e-15
0.00635636 	32.0831 	-3.01424e-07 	1.6124e-15
0.00661061 	32.1003 	-3.01424e-07 	1.6124e-15
0.00686486 	32.1176 	-3.01424e-07 	1.6124e-15
0.00711912 	32.1348 	-3.01424e-07 	1.6124e-15
0.00737337 	32.1521 	-3.01424e-07 	1.6124e-15
0.00762763 	32.1693 	-3.01424e-07 	1.61239e-15
0.00788188 	32.1873 	-3.41701e-07 	1.60967e-15
0.00813614 	32.2056 	-3.41701e-07 	1.60967e-15
0.00839039 	32.2238 	-3.41701e-07 	1.60967e-15
0.00864464 	32.2421 	-3.41701e-07 	1.60966e-15
0.0088989 	32.2604 	-3.41701e-07 	1.60966e-15
0.00915315 	32.2787 	-3.41701e-07 	1.60966e-15
0.00940741 	32.297 	-3.41701e-07 	1.60966e-15
0.00966166 	32.3152 	-3.41701e-07 	1.60966e-15
0.00991592 	32.3335 	-3.41701e-07 	1.60966e-15
0.0101702 	32.3518 	-3.41701e-07 	1.60966e-15
0.0104244 	32.3712 	-3.95067e-07 	1.65726e-15
0.0106787 	32.3913 	-3.95067e-07 	1.65726e-15
0.0109329 	32.4114 	-3.95067e-07 	1.65726e-15
0.0111872 	32.4315 	-3.95067e-07 	1.65726e-15
0.0114414 	32.4517 	-3.95067e-07 	1.65726e-15
0.0116957 	32.4718 	-3.95067e-07 	1.65725e-15
0.0119499 	32.4919 	-3.95067e-07 	1.65725e-15
0.0122042 	32.512 	-3.95067e-07 	1.65725e-15
0.0124585 	32.5321 	-3.95067e-07 	1.65725e-15
0.0127127 	32.5522 	-3.95067e-07 	1.65725e-15
0.012967 	32.5739 	-4.58063e-07 	1.70514e-15
0.0132212 	32.5969 	-4.58063e-07 	1.70513e-15
0.0134755 	32.6199 	-4.58063e-07 	1.70513e-15
0.0137297 	32.6429 	-4.58063e-07 	1.70513e-15
0.013984 	32.666 	-4.58063e-07 	1.70513e-15
0.0142382 	32.689 	-4.58063e-07 	1.70513e-15
0.0144925 	32.712 	-4.58063e-07 	1.70513e-15
0.0147467 	32.735 	-4.58063e-07 	1.70513e-15
0.015001 	32.758 	-4.58063e-07 	1.70512e-15
0.0152553 	32.7811 	-4.58063e-07 	1.70512e-15
0.0155095 	32.8057 	-5.28076e-07 	1.70765e-15
0.0157638 	32.8323 	-5.28076e-07 	1.70765e-15
0.016018 	32.859 	-5.28076e-07 	1.70764e-15
0.0162723 	32.8856 	-5.28076e-07 	1.70764e-15
0.0165265 	32.9122 	-5.28076e-07 	1.70764e-15
0.0167808 	32.9388 	-5.28076e-07 	1.70764e-15
0.017035 	32.9654 	-5.28076e-07 	1.70764e-15
0.0172893 	32.9921 	-5.28076e-07 	1.70763e-15
0.0175435 	33.0187 	-5.28076e-07 	1.70763e-15
0.0177978 	33.0453 	-5.28076e-07 	1.70763e-15
0.0180521 	33.0734 	-6.03283e-07 	1.71493e-15
0.0183063 	33.104 	-6.03283e-07 	1.71492e-15
0.0185606 	33.1346 	-6.03283e-07 	1.71492e-15
0.0188148 	33.1652 	-6.03283e-07 	1.71492e-15
0.0190691 	33.1958 	-6.03283e-07 	1.71492e-15
0.0193233 	33.2264 	-6.03283e-07 	1.71492e-15
0.0195776 	33.257 	-6.03283e-07 	1.71491e-15
0.0198318 	33.2875 	-6.03283e-07 	1.71491e-15
0.0200861 	33.3181 	-6.03283e-07 	1.71491e-15
0.0203403 	33.3487 	-6.03283e-07 	1.71491e-15
0.0205946 	33.3805 	-6.82534e-07 	1.72612e-15
0.0208488 	33.4153 	-6.82534e-07 	1.72612e-15
0.0211031 	33.4501 	-6.82534e-07 	1.72611e-15
0.0213574 	33.4849 	-6.82534e-07 	1.72611e-15
0.0216116 	33.5197 	-6.82534e-07 	1.72611e-15
0.0218659 	33.5545 	-6.82534e-07 	1.72611e-15
0.0221201 	33.5893 	-6.82534e-07 	1.72611e-15
0.0223744 	33.6241 	-6.82534e-07 	1.7261e-15
0.0226286 	33.6589 	-6.82534e-07 	1.7261e-15
0.0228829 	33.6937 	-6.82534e-07 	1.7261e-15
0.0231371 	33.7293 	-7.65168e-07 	1.74014e-15
0.0233914 	33.7685 	-7.65168e-07 	1.74014e-15
0.0236456 	33.8077 	-7.65168e-07 	1.74014e-15
0.0238999 	33.8469 	-7.65168e-07 	1.74014e-15
0.0241542 	33.8861 	-7.65168e-07 	1.74013e-15
0.0244084 	33.9253 	-7.65168e-07 	1.74013e-15
0.0246627 	33.9645 	-7.65168e-07 	1.74013e-15
0.0249169 	34.0037 	-7.65168e-07 	1.74013e-15
0.0251712 	34.0429 	-7.65168e-07 	1.74012e-15
0.0254254 	34.0821 	-7.65168e-07 	1.74012e-15
0.0256797 	34.1217 	-8.50624e-07 	1.75665e-15
0.0259339 	34.1655 	-8.50624e-07 	1.75665e-15
0.0261882 	34.2093 	-8.50624e-07 	1.75664e-15
0.0264424 	34.253 	-8.50624e-07 	1.75664e-15
0.0266967 	34.2968 	-8.50624e-07 	1.75664e-15
0.026951 	34.3406 	-8.50624e-07 	1.75663e-15
0.0272052 	34.3844 	-8.50624e-07 	1.75663e-15
0.0274595 	34.4281 	-8.50624e-07 	1.75663e-15
0.0277137 	34.4719 	-8.50624e-07 	1.75663e-15
0.027968 	34.5157 	-8.50624e-07 	1.75662e-15
0.0282222 	34.5595 	-9.88513e-07 	-1.7264e-18
0.0284765 	34.608 	-9.37506e-07 	1.77548e-15
0.0287307 	34.6565 	-9.37506e-07 	1.77548e-15
0.028985 	34.705 	-9.37506e-07 	1.77547e-15
0.0292392 	34.7536 	-9.37506e-07 	1.77547e-15
0.0294935 	34.8021 	-9.37506e-07 	1.77547e-15
0.0297477 	34.8506 	-9.37506e-07 	1.77546e-15
0.030002 	34.8992 	-9.37506e-07 	1.77546e-15
0.0302563 	34.9477 	-9.37506e-07 	1.77546e-15
0.0305105 	34.9962 	-9.37506e-07 	1.77545e-15
0.0307648 	35.0447 	-9.37506e-07 	1.77545e-15
0.031019 	35.0977 	-1.02372e-06 	1.84089e-15
0.0312733 	35.1512 	-1.02372e-06 	1.84088e-15
0.0315275 	35.2047 	-1.02372e-06 	1.84088e-15
0.0317818 	35.2581 	-1.02372e-06 	1.84088e-15
0.032036 	35.3116 	-1.02372e-06 	1.84087e-15
0.0322903 	35.3651 	-1.02372e-06 	1.84087e-15
0.0325445 	35.4185 	-1.02372e-06 	1.84087e-15
0.0327988 	35.472 	-1.02372e-06 	1.84086e-15
0.0330531 	35.5254 	-1.02372e-06 	1.84086e-15
0.0333073 	35.5789 	-1.02372e-06 	1.84086e-15
0.0335616 	35.6365 	-1.11152e-06 	1.81067e-15
0.0338158 	35.6951 	-1.11152e-06 	1.81066e-15
0.0340701 	35.7537 	-1.11152e-06 	1.81066e-15
0.0343243 	35.8123 	-1.11152e-06 	1.81065e-15
0.0345786 	35.8709 	-1.11152e-06 	1.81065e-15
0.0348328 	35.9295 	-1.11152e-06 	1.81065e-15
0.0350871 	35.988 	-1.11152e-06 	1.81064e-15
0.0353413 	36.0466 	-1.11152e-06 	1.81064e-15
0.0355956 	36.1052 	-1.11152e-06 	1.81064e-15
0.0358498 	36.1638 	-1.11152e-06 	1.81063e-15
0.0361041 	36.2262 	-1.20189e-06 	1.89331e-15
0.0363584 	36.2901 	-1.20189e-06 	1.89331e-15
0.0366126 	36.354 	-1.20189e-06 	1.8933e-15
0.0368669 	36.4179 	-1.20189e-06 	1.8933e-15
0.0371211 	36.4818 	-1.20189e-06 	1.89329e-15
0.0373754 	36.5457 	-1.20189e-06 	1.89329e-15
0.0376296 	36.6096 	-1.20189e-06 	1.89329e-15
0.0378839 	36.6735 	-1.20189e-06 	1.89328e-15
0.0381381 	36.7374 	-1.20189e-06 	1.89328e-15
0.0383924 	36.8013 	-1.20189e-06 	1.89327e-15
0.0386466 	36.8687 	-1.29662e-06 	1.96759e-15
0.0389009 	36.9382 	-1.29662e-06 	1.96758e-15
0.0391552 	37.0076 	-1.29662e-06 	1.96758e-15
0.0394094 	37.077 	-1.29662e-06 	1.96757e-15
0.0396637 	37.1464 	-1.29662e-06 	1.96757e-15
0.0399179 	37.2158 	-1.29662e-06 	1.96756e-15
0.0401722 	37.2852 	-1.29662e-06 	1.96756e-15
0.0404264 	37.3547 	-1.29662e-06 	1.96756e-15
0.0406807 	37.4241 	-1.29662e-06 	1.96755e-15
0.0409349 	37.4935 	-1.29662e-06 	1.96755e-15
0.0411892 	37.566 	-1.39509e-06 	2.03909e-15
0.0414434 	37.6412 	-1.39509e-06 	2.03908e-15
0.0416977 	37.7163 	-1.39509e-06 	2.03908e-15
0.041952 	37.7915 	-1.39509e-06 	2.03907e-15
0.0422062 	37.8667 	-1.39509e-06 	2.03907e-15
0.0424605 	37.9418 	-1.39509e-06 	2.03906e-15
0.0427147 	38.017 	-1.39509e-06 	2.03906e-15
0.042969 	38.0921 	-1.39509e-06 	2.03905e-15
0.0432232 	38.1673 	-1.39509e-06 	2.03905e-15
0.0434775 	38.2424 	-1.39509e-06 	2.03904e-15
0.0437317 	38.3203 	-1.49698e-06 	2.07922e-15
0.043986 	38.4014 	-1.49698e-06 	2.07922e-15
0.0442402 	38.4825 	-1.49698e-06 	2.07921e-15
0.0444945 	38.5636 	-1.49698e-06 	2.07921e-15
0.0447487 	38.6447 	-1.49698e-06 	2.0792e-15
0.045003 	38.7259 	-1.49698e-06 	2.0792e-15
0.0452573 	38.807 	-1.49698e-06 	2.07919e-15
0.0455115 	38.8881 	-1.49698e-06 	2.07919e-15
0.0457658 	38.9692 	-1.49698e-06 	2.07918e-15
0.04602 	39.0503 	-1.49698e-06 	2.07918e-15
0.0462743 	39.1337 	-1.60222e-06 	2.07307e-15
0.0465285 	39.221 	-1.60222e-06 	2.07307e-15
0.0467828 	39.3083 	-1.60222e-06 	2.07306e-15
0.047037 	39.3956 	-1.60222e-06 	2.07306e-15
0.0472913 	39.4829 	-1.60222e-06 	2.07305e-15
0.0475455 	39.5702 	-1.60222e-06 	2.07304e-15
0.0477998 	39.6575 	-1.60222e-06 	2.07304e-15
0.0480541 	39.7448 	-1.60222e-06 	2.07303e-15
0.0483083 	39.8322 	-1.60222e-06 	2.07303e-15
0.0485626 	39.9195 	-1.60222e-06 	2.07302e-15
0.0488168 	40.0085 	-1.71062e-06 	2.06373e-15
0.0490711 	40.1023 	-1.71062e-06 	2.06373e-15
0.0493253 	40.196 	-1.71062e-06 	2.06372e-15
0.0495796 	40.2898 	-1.71062e-06 	2.06372e-15
0.0498338 	40.3835 	-1.71062e-06 	2.06371e-15
0.0500881 	40.4773 	-1.71062e-06 	2.0637e-15
0.0503423 	40.571 	-1.71062e-06 	2.0637e-15
0.0505966 	40.6648 	-1.71062e-06 	2.06369e-15
0.0508509 	40.7586 	-1.71062e-06 	2.06369e-15
0.0511051 	40.8523 	-1.71062e-06 	2.06368e-15
0.0513594 	40.9473 	-1.8219e-06 	2.1075e-15
0.0516136 	41.0477 	-1.8219e-06 	2.10749e-15
0.0518679 	41.1482 	-1.8219e-06 	2.10748e-15
0.0521221 	41.2486 	-1.8219e-06 	2.10748e-15
0.0523764 	41.349 	-1.8219e-06 	2.10747e-15
0.0526306 	41.4495 	-1.8219e-06 	2.10746e-15
0.0528849 	41.5499 	-1.8219e-06 	2.10746e-15
0.0531391 	41.6504 	-1.8219e-06 	2.10745e-15
0.0533934 	41.7508 	-1.8219e-06 	2.10744e-15
0.0536476 	41.8513 	-1.8219e-06 	2.10744e-15
0.0539019 	41.9523 	-1.93559e-06 	2.10662e-15
0.0541562 	42.0597 	-1.93559e-06 	2.10662e-15
0.0544104 	42.1671 	-1.93559e-06 	2.10661e-15
0.0546647 	42.2745 	-1.93559e-06 	2.1066e-15
0.0549189 	42.3819 	-1.93559e-06 	2.1066e-15
0.0551732 	42.4893 	-1.93559e-06 	2.10659e-15
0.0554274 	42.5967 	-1.93559e-06 	2.10658e-15
0.0556817 	42.7041 	-1.93559e-06 	2.10658e-15
0.0559359 	42.8115 	-1.93559e-06 	2.10657e-15
0.0561902 	42.9188 	-1.93559e-06 	2.10656e-15
0.0564444 	43.0262 	-2.30624e-06 	-1.7627e-18
0.0566987 	43.1408 	-2.05097e-06 	2.16469e-15
0.056953 	43.2554 	-2.05097e-06 	2.16468e-15
0.0572072 	43.37 	-2.05097e-06 	2.16468e-15
0.0574615 	43.4846 	-2.05097e-06 	2.16467e-15
0.0577157 	43.5992 	-2.05097e-06 	2.16466e-15
0.05797 	43.7138 	-2.05097e-06 	2.16465e-15
0.0582242 	43.8284 	-2.05097e-06 	2.16465e-15
0.0584785 	43.9429 	-2.05097e-06 	2.16464e-15
0.0587327 	44.0575 	-2.05097e-06 	2.16463e-15
0.058987 	44.1721 	-2.05097e-06 	2.16462e-15
0.0592412 	44.2935 	-2.16698e-06 	2.22048e-15
0.0594955 	44.4155 	-2.16698e-06 	2.22047e-15
0.0597497 	44.5376 	-2.16698e-06 	2.22047e-15
0.060004 	44.6596 	-2.16698e-06 	2.22046e-15
0.0602583 	44.7816 	-2.16698e-06 	2.22045e-15
0.0605125 	44.9037 	-2.16698e-06 	2.22044e-15
0.0607668 	45.0257 	-2.16698e-06 	2.22043e-15
0.061021 	45.1478 	-2.16698e-06 	2.22043e-15
0.0612753 	45.2698 	-2.16698e-06 	2.22042e-15
0.0615295 	45.3918 	-2.16698e-06 	2.22041e-15
0.0617838 	45.5202 	-2.28367e-06 	2.32916e-15
0.062038 	45.6499 	-2.28367e-06 	2.32916e-15
0.0622923 	45.7796 	-2.28367e-06 	2.32915e-15
0.0625465 	45.9093 	-2.28367e-06 	2.32914e-15
0.0628008 	46.0391 	-2.28367e-06 	2.32913e-15
0.0630551 	46.1688 	-2.28367e-06 	2.32912e-15
0.0633093 	46.2985 	-2.28367e-06 	2.32911e-15
0.0635636 	46.4282 	-2.28367e-06 	2.32911e-15
0.0638178 	46.558 	-2.28367e-06 	2.3291e-15
0.0640721 	46.6877 	-2.28367e-06 	2.32909e-15
0.0643263 	46.8232 	-2.40057e-06 	2.32916e-15
0.0645806 	46.9608 	-2.40057e-06 	2.32915e-15
0.0648348 	47.0985 	-2.40057e-06 	2.32914e-15
0.0650891 	47.2361 	-2.40057e-06 	2.32913e-15
0.0653433 	47.3737 	-2.40057e-06 	2.32912e-15
0.0655976 	47.5114 	-2.40057e-06 	2.32912e-15
0.0658519 	47.649 	-2.40057e-06 	2.32911e-15
0.0661061 	47.7866 	-2.40057e-06 	2.3291e-15
0.0663604 	47.9243 	-2.40057e-06 	2.32909e-15
0.0666146 	48.0619 	-2.40057e-06 	2.32908e-15
0.0668689 	48.2047 	-2.51649e-06 	2.3983e-15
0.0671231 	48.3505 	-2.51649e-06 	2.39829e-15
0.0673774 	48.4963 	-2.51649e-06 	2.39828e-15
0.0676316 	48.6421 	-2.51649e-06 	2.39827e-15
0.0678859 	48.7879 	-2.51649e-06 	2.39826e-15
0.0681401 	48.9337 	-2.51649e-06 	2.39825e-15
0.0683944 	49.0794 	-2.51649e-06 	2.39824e-15
0.0686486 	49.2252 	-2.51649e-06 	2.39823e-15
0.0689029 	49.371 	-2.51649e-06 	2.39822e-15
0.0691572 	49.5168 	-2.51649e-06 	2.39821e-15
0.0694114 	49.6672 	-2.63062e-06 	2.46675e-15
0.0696657 	49.8213 	-2.63062e-06 	2.46674e-15
0.0699199 	49.9755 	-2.63062e-06 	2.46673e-15
0.0701742 	50.1297 	-2.63062e-06 	2.46672e-15
0.0704284 	50.2838 	-2.63062e-06 	2.46671e-15
0.0706827 	50.438 	-2.63062e-06 	2.4667e-15
0.0709369 	50.5922 	-2.63062e-06 	2.46669e-15
0.0711912 	50.7463 	-2.63062e-06 	2.46668e-15
0.0714454 	50.9005 	-2.63062e-06 	2.46667e-15
0.0716997 	51.0547 	-2.63062e-06 	2.46666e-15
0.071954 	51.2127 	-2.73451e-06 	2.54006e-15
0.0722082 	51.3755 	-2.73451e-06 	2.54005e-15
0.0724625 	51.5382 	-2.73451e-06 	2.54004e-15
0.0727167 	51.7009 	-2.73451e-06 	2.54003e-15
0.072971 	51.8637 	-2.73451e-06 	2.54002e-15
0.0732252 	52.0264 	-2.73451e-06 	2.54001e-15
0.0734795 	52.1892 	-2.73451e-06 	2.54e-15
0.0737337 	52.3519 	-2.73451e-06 	2.53999e-15
0.073988 	52.5146 	-2.73451e-06 	2.53998e-15
0.0742422 	52.6774 	-2.73451e-06 	2.53996e-15
0.0744965 	52.8433 	-2.81193e-06 	2.61632e-15
0.0747508 	53.0147 	-2.81193e-06 	2.61631e-15
0.075005 	53.1861 	-2.81193e-06 	2.6163e-15
0.0752593 	53.3575 	-2.81193e-06 	2.61629e-15
0.0755135 	53.5289 	-2.81193e-06 	2.61628e-15
0.0757678 	53.7003 	-2.81193e-06 	2.61627e-15
0.076022 	53.8716 	-2.81193e-06 	2.61626e-15
0.0762763 	54.043 	-2.81193e-06 	2.61625e-15
0.0765305 	54.2144 	-2.81193e-06 	2.61624e-15
0.0767848 	54.3858 	-2.81193e-06 	2.61622e-15
0.077039 	54.5596 	-2.87356e-06 	2.63906e-15
0.0772933 	54.7396 	-2.87356e-06 	2.63904e-15
0.0775475 	54.9196 	-2.87356e-06 	2.63903e-15
0.0778018 	55.0996 	-2.87356e-06 	2.63902e-15
0.0780561 	55.2797 	-2.87356e-06 	2.63901e-15
0.0783103 	55.4597 	-2.87356e-06 	2.639e-15
0.0785646 	55.6397 	-2.87356e-06 	2.63899e-15
0.0788188 	55.8197 	-2.87356e-06 	2.63897e-15
0.0790731 	55.9997 	-2.87356e-06 	2.63896e-15
0.0793273 	56.1797 	-2.87356e-06 	2.63895e-15
0.0795816 	56.3613 	-2.90932e-06 	2.71761e-15
0.0798358 	56.5498 	-2.90932e-06 	2.7176e-15
0.0800901 	56.7383 	-2.90932e-06 	2.71759e-15
0.0803443 	56.9268 	-2.90932e-06 	2.71757e-15
0.0805986 	57.1153 	-2.90932e-06 	2.71756e-15
0.0808529 	57.3039 	-2.90932e-06 	2.71755e-15
0.0811071 	57.4924 	-2.90932e-06 	2.71754e-15
0.0813614 	57.6809 	-2.90932e-06 	2.71753e-15
0.0816156 	57.8694 	-2.90932e-06 	2.71751e-15
0.0818699 	58.0579 	-2.90932e-06 	2.7175e-15
0.0821241 	58.2472 	-2.91947e-06 	2.79532e-15
0.0823784 	58.444 	-2.91947e-06 	2.7953e-15
0.0826326 	58.6408 	-2.91947e-06 	2.79529e-15
0.0828869 	58.8376 	-2.91947e-06 	2.79528e-15
0.0831411 	59.0344 	-2.91947e-06 	2.79527e-15
0.0833954 	59.2312 	-2.91947e-06 	2.79525e-15
0.0836496 	59.428 	-2.91947e-06 	2.79524e-15
0.0839039 	59.6248 	-2.91947e-06 	2.79523e-15
0.0841582 	59.8216 	-2.91947e-06 	2.79522e-15
0.0844124 	60.0184 	-2.91947e-06 	2.7952e-15
0.0846667 	60.2152 	-3.83561e-06 	5.29501e-18
0.0849209 	60.42 	-2.91582e-06 	2.87404e-15
0.0851752 	60.6249 	-2.91582e-06 	2.87403e-15
0.0854294 	60.8297 	-2.91582e-06 	2.87401e-15
0.0856837 	61.0345 	-2.91582e-06 	2.874e-15
0.0859379 	61.2393 	-2.91582e-06 	2.87399e-15
0.0861922 	61.4442 	-2.91582e-06 	2.87398e-15
0.0864464 	61.649 	-2.91582e-06 	2.87396e-15
0.0867007 	61.8538 	-2.91582e-06 	2.87395e-15
0.086955 	62.0586 	-2.91582e-06 	2.87394e-15
0.0872092 	62.2635 	-2.91582e-06 	2.87392e-15
0.0874635 	62.4752 	-2.92558e-06 	2.95364e-15
0.0877177 	62.6876 	-2.92558e-06 	2.95363e-15
0.087972 	62.9 	-2.92558e-06 	2.95362e-15
0.0882262 	63.1124 	-2.92558e-06 	2.9536e-15
0.0884805 	63.3248 	-2.92558e-06 	2.95359e-15
0.0887347 	63.5372 	-2.92558e-06 	2.95358e-15
0.088989 	63.7496 	-2.92558e-06 	2.95356e-15
0.0892432 	63.962 	-2.92558e-06 	2.95355e-15
0.0894975 	64.1744 	-2.92558e-06 	2.95353e-15
0.0897518 	64.3868 	-2.92558e-06 	2.95352e-15
0.090006 	64.605 	-2.93935e-06 	3.03369e-15
0.0902603 	64.8244 	-2.93935e-06 	3.03368e-15
0.0905145 	65.0437 	-2.93935e-06 	3.03366e-15
0.0907688 	65.2631 	-2.93935e-06 	3.03365e-15
0.091023 	65.4825 	-2.93935e-06 	3.03363e-15
0.0912773 	65.7019 	-2.93935e-06 	3.03362e-15
0.0915315 	65.9213 	-2.93935e-06 	3.0336e-15
0.0917858 	66.1407 	-2.93935e-06 	3.03359e-15
0.09204 	66.3601 	-2.93935e-06 	3.03358e-15
0.0922943 	66.5795 	-2.93935e-06 	3.03356e-15
0.0925485 	66.8034 	-2.92615e-06 	3.11341e-15
0.0928028 	67.029 	-2.92615e-06 	3.1134e-15
0.0930571 	67.2546 	-2.92615e-06 	3.11338e-15
0.0933113 	67.4802 	-2.92615e-06 	3.11337e-15
0.0935656 	67.7058 	-2.92615e-06 	3.11335e-15
0.0938198 	67.9314 	-2.92615e-06 	3.11334e-15
0.0940741 	68.157 	-2.92615e-06 	3.11333e-15
0.0943283 	68.3826 	-2.92615e-06 	3.11331e-15
0.0945826 	68.6082 	-2.92615e-06 	3.1133e-15
0.0948368 	68.8338 	-2.92615e-06 	3.11328e-15
0.0950911 	69.0627 	-2.88083e-06 	3.13615e-15
0.0953453 	69.2935 	-2.88083e-06 	3.13614e-15
0.0955996 	69.5242 	-2.88083e-06 	3.13612e-15
0.0958539 	69.755 	-2.88083e-06 	3.13611e-15
0.0961081 	69.9857 	-2.88083e-06 	3.13609e-15
0.0963624 	70.2165 	-2.88083e-06 	3.13608e-15
0.0966166 	70.4473 	-2.88083e-06 	3.13606e-15
0.0968709 	70.678 	-2.88083e-06 	3.13605e-15
0.0971251 	70.9088 	-2.88083e-06 	3.13603e-15
0.0973794 	71.1395 	-2.88083e-06 	3.13602e-15
0.0976336 	71.3723 	-2.80776e-06 	3.27368e-15
0.0978879 	71.6068 	-2.80776e-06 	3.27367e-15
0.0981421 	71.8412 	-2.80776e-06 	3.27365e-15
0.0983964 	72.0757 	-2.80776e-06 	3.27364e-15
0.0986507 	72.3101 	-2.80776e-06 	3.27362e-15
0.0989049 	72.5446 	-2.80776e-06 	3.27361e-15
0.0991592 	72.779 	-2.80776e-06 	3.27359e-15
0.0994134 	73.0135 	-2.80776e-06 	3.27358e-15
0.0996677 	73.2479 	-2.80776e-06 	3.27356e-15
0.0999219 	73.4824 	-2.80776e-06 	3.27355e-15
0.100176 	73.7177 	-2.69482e-06 	3.38814e-15
0.10043 	73.954 	-2.69482e-06 	3.38812e-15
0.100685 	74.1904 	-2.69482e-06 	3.38811e-15
0.100939 	74.4267 	-2.69482e-06 	3.38809e-15
0.101193 	74.663 	-2.69482e-06 	3.38808e-15
0.101447 	74.8994 	-2.69482e-06 	3.38806e-15
0.101702 	75.1357 	-2.69482e-06 	3.38805e-15
0.101956 	75.372 	-2.69482e-06 	3.38803e-15
0.10221 	75.6084 	-2.69482e-06 	3.38802e-15
0.102464 	75.8447 	-2.69482e-06 	3.388e-15
0.102719 	76.081 	-2.5172e-06 	3.46839e-15
0.102973 	76.317 	-2.5172e-06 	3.46838e-15
0.103227 	76.5531 	-2.5172e-06 	3.46836e-15
0.103481 	76.7892 	-2.5172e-06 	3.46835e-15
0.103736 	77.0253 	-2.5172e-06 	3.46833e-15
0.10399 	77.2613 	-2.5172e-06 	3.46832e-15
0.104244 	77.4974 	-2.5172e-06 	3.4683e-15
0.104498 	77.7335 	-2.5172e-06 	3.46829e-15
0.104753 	77.9696 	-2.5172e-06 	3.46827e-15
0.105007 	78.2056 	-2.5172e-06 	3.46826e-15
0.105261 	78.441 	-2.31713e-06 	3.58159e-15
0.105516 	78.6744 	-2.31713e-06 	3.58158e-15
0.10577 	78.9078 	-2.31713e-06 	3.58156e-15
0.106024 	79.1412 	-2.31713e-06 	3.58155e-15
0.106278 	79.3746 	-2.31713e-06 	3.58153e-15
0.106533 	79.608 	-2.31713e-06 	3.58152e-15
0.106787 	79.8414 	-2.31713e-06 	3.5815e-15
0.107041 	80.0748 	-2.31713e-06 	3.58149e-15
0.107295 	80.3082 	-2.31713e-06 	3.58147e-15
0.10755 	80.5416 	-2.31713e-06 	3.58146e-15
0.107804 	80.7741 	-2.03711e-06 	3.70101e-15
0.108058 	81.0022 	-2.03711e-06 	3.701e-15
0.108312 	81.2304 	-2.03711e-06 	3.70098e-15
0.108567 	81.4585 	-2.03711e-06 	3.70097e-15
0.108821 	81.6867 	-2.03711e-06 	3.70095e-15
0.109075 	81.9148 	-2.03711e-06 	3.70094e-15
0.109329 	82.143 	-2.03711e-06 	3.70092e-15
0.109584 	82.3712 	-2.03711e-06 	3.70091e-15
0.109838 	82.5993 	-2.03711e-06 	3.70089e-15
0.110092 	82.8275 	-2.03711e-06 	3.70088e-15
0.110346 	83.0549 	-1.73192e-06 	3.75475e-15
0.110601 	83.275 	-1.73192e-06 	3.75474e-15
0.110855 	83.4951 	-1.73192e-06 	3.75472e-15
0.111109 	83.7152 	-1.73192e-06 	3.75471e-15
0.111363 	83.9353 	-1.73192e-06 	3.75469e-15
0.111618 	84.1554 	-1.73192e-06 	3.75468e-15
0.111872 	84.3755 	-1.73192e-06 	3.75467e-15
0.112126 	84.5956 	-1.73192e-06 	3.75465e-15
0.11238 	84.8157 	-1.73192e-06 	3.75464e-15
0.112635 	85.0358 	-1.73192e-06 	3.75462e-15
0.112889 	85.2559 	-2.84846e-06 	1.10943e-17
0.113143 	85.4648 	-1.39082e-06 	3.79636e-15
0.113397 	85.6738 	-1.39082e-06 	3.79635e-15
0.113652 	85.8827 	-1.39082e-06 	3.79633e-15
0.113906 	86.0917 	-1.39082e-06 	3.79632e-15
0.11416 	86.3006 	-1.39082e-06 	3.79631e-15
0.114414 	86.5096 	-1.39082e-06 	3.79629e-15
0.114669 	86.7185 	-1.39082e-06 	3.79628e-15
0.114923 	86.9275 	-1.39082e-06 	3.79627e-15
0.115177 	87.1364 	-1.39082e-06 	3.79625e-15
0.115431 	87.3453 	-1.39082e-06 	3.79624e-15
0.115686 	87.5412 	-9.97889e-07 	3.82703e-15
0.11594 	87.7357 	-9.97889e-07 	3.82702e-15
0.116194 	87.9302 	-9.97889e-07 	3.82701e-15
0.116448 	88.1247 	-9.97889e-07 	3.827e-15
0.116703 	88.3191 	-9.97889e-07 	3.82698e-15
0.116957 	88.5136 	-9.97889e-07 	3.82697e-15
0.117211 	88.7081 	-9.97889e-07 	3.82696e-15
0.117465 	88.9026 	-9.97889e-07 	3.82695e-15
0.11772 	89.0971 	-9.97889e-07 	3.82693e-15
0.117974 	89.2916 	-9.97889e-07 	3.82692e-15
0.118228 	89.4715 	-5.94846e-07 	3.84711e-15
0.118482 	89.6481 	-5.94846e-07 	3.8471e-15
0.118737 	89.8248 	-5.94846e-07 	3.84709e-15
0.118991 	90.0014 	-5.94846e-07 	3.84708e-15
0.119245 	90.178 	-5.94846e-07 	3.84707e-15
0.119499 	90.3546 	-5.94846e-07 	3.84706e-15
0.119754 	90.5312 	-5.94846e-07 	3.84705e-15
0.120008 	90.7079 	-5.94846e-07 	3.84703e-15
0.120262 	90.8845 	-5.94846e-07 	3.84702e-15
0.120517 	91.0611 	-5.94846e-07 	3.84701e-15
0.120771 	91.2223 	-1.87408e-07 	3.85713e-15
0.121025 	91.3777 	-1.87408e-07 	3.85712e-15
0.121279 	91.5331 	-1.87408e-07 	3.85711e-15
0.121534 	91.6886 	-1.87408e-07 	3.8571e-15
0.121788 	91.844 	-1.87408e-07 	3.85709e-15
0.122042 	91.9994 	-1.87408e-07 	3.85708e-15
0.122296 	92.1548 	-1.87408e-07 	3.85707e-15
0.122551 	92.3102 	-1.87408e-07 	3.85706e-15
0.122805 	92.4656 	-1.87408e-07 	3.85705e-15
0.123059 	92.6211 	-1.87408e-07 	3.85704e-15
0.123313 	92.7611 	2.2299e-07 	3.85756e-15
0.123568 	92.8924 	2.2299e-07 	3.85755e-15
0.123822 	93.0237 	2.2299e-07 	3.85754e-15
0.124076 	93.155 	2.2299e-07 	3.85754e-15
0.12433 	93.2863 	2.2299e-07 	3.85753e-15
0.124585 	93.4176 	2.2299e-07 	3.85752e-15
0.124839 	93.5488 	2.2299e-07 	3.85751e-15
0.125093 	93.6801 	2.2299e-07 	3.8575e-15
0.125347 	93.8114 	2.2299e-07 	3.85749e-15
0.125602 	93.9427 	2.2299e-07 	3.85749e-15
0.125856 	94.0596 	5.95301e-07 	3.8487e-15
0.12611 	94.1645 	5.95301e-07 	3.8487e-15
0.126364 	94.2695 	5.95301e-07 	3.84869e-15
0.126619 	94.3744 	5.95301e-07 	3.84868e-15
0.126873 	94.4793 	5.95301e-07 	3.84868e-15
0.127127 	94.5842 	5.95301e-07 	3.84867e-15
0.127381 	94.6892 	5.95301e-07 	3.84866e-15
0.127636 	94.7941 	5.95301e-07 	3.84866e-15
0.12789 	94.899 	5.95301e-07 	3.84865e-15
0.128144 	95.0039 	5.95301e-07 	3.84864e-15
0.128398 	95.0963 	9.23064e-07 	3.83009e-15
0.128653 	95.1737 	9.23064e-07 	3.83008e-15
0.128907 	95.2511 	9.23064e-07 	3.83008e-15
0.129161 	95.3285 	9.23064e-07 	3.83007e-15
0.129415 	95.4058 	9.23064e-07 	3.83007e-15
0.12967 	95.4832 	9.23064e-07 	3.83006e-15
0.129924 	95.5606 	9.23064e-07 	3.83006e-15
0.130178 	95.6379 	9.23064e-07 	3.83005e-15
0.130432 	95.7153 	9.23064e-07 	3.83005e-15
0.130687 	95.7927 	9.23064e-07 	3.83004e-15
0.130941 	95.86 	1.20109e-06 	3.80335e-15
0.131195 	95.9098 	1.20109e-06 	3.80334e-15
0.131449 	95.9596 	1.20109e-06 	3.80334e-15
0.131704 	96.0094 	1.20109e-06 	3.80334e-15
0.131958 	96.0591 	1.20109e-06 	3.80333e-15
0.132212 	96.1089 	1.20109e-06 	3.80333e-15
0.132466 	96.1587 	1.20109e-06 	3.80333e-15
0.132721 	96.2085 	1.20109e-06 	3.80332e-15
0.132975 	96.2583 	1.20109e-06 	3.80332e-15
0.133229 	96.3081 	1.20109e-06 	3.80332e-15
0.133483 	96.3506 	1.42051e-06 	3.77061e-15
0.133738 	96.3738 	1.42051e-06 	3.77061e-15
0.133992 	96.397 	1.42051e-06 	3.77061e-15
0.134246 	96.4202 	1.42051e-06 	3.77061e-15
0.134501 	96.4434 	1.42051e-06 	3.7706e-15
0.134755 	96.4666 	1.42051e-06 	3.7706e-15
0.135009 	96.4898 	1.42051e-06 	3.7706e-15
0.135263 	96.513 	1.42051e-06 	3.7706e-15
0.135518 	96.5362 	1.42051e-06 	3.7706e-15
0.135772 	96.5594 	1.42051e-06 	3.7706e-15
0.136026 	96.578 	1.61753e-06 	3.77546e-15
0.13628 	96.5764 	1.61753e-06 	3.77546e-15
0.136535 	96.5747 	1.61753e-06 	3.77546e-15
0.136789 	96.573 	1.61753e-06 	3.77546e-15
0.137043 	96.5713 	1.61753e-06 	3.77546e-15
0.137297 	96.5697 	1.61753e-06 	3.77546e-15
0.137552 	96.568 	1.61753e-06 	3.77546e-15
0.137806 	96.5663 	1.61753e-06 	3.77546e-15
0.13806 	96.5647 	1.61753e-06 	3.77546e-15
0.138314 	96.563 	1.61753e-06 	3.77546e-15
0.138569 	96.5592 	1.773e-06 	3.69088e-15
0.138823 	96.5348 	1.773e-06 	3.69089e-15
0.139077 	96.5103 	1.773e-06 	3.69089e-15
0.139331 	96.4858 	1.773e-06 	3.69089e-15
0.139586 	96.4613 	1.773e-06 	3.69089e-15
0.13984 	96.4368 	1.773e-06 	3.69089e-15
0.140094 	96.4123 	1.773e-06 	3.69089e-15
0.140348 	96.3878 	1.773e-06 	3.69089e-15
0.140603 	96.3634 	1.773e-06 	3.6909e-15
0.140857 	96.3389 	1.773e-06 	3.6909e-15
0.141111 	96.3144 	9.5933e-07 	6.0068e-18
0.141365 	96.2692 	1.89803e-06 	3.64245e-15
0.14162 	96.2241 	1.89803e-06 	3.64246e-15
0.141874 	96.179 	1.89803e-06 	3.64246e-15
0.142128 	96.1338 	1.89803e-06 	3.64246e-15
0.142382 	96.0887 	1.89803e-06 	3.64247e-15
0.142637 	96.0435 	1.89803e-06 	3.64247e-15
0.142891 	95.9984 	1.89803e-06 	3.64247e-15
0.143145 	95.9532 	1.89803e-06 	3.64247e-15
0.143399 	95.9081 	1.89803e-06 	3.64248e-15
0.143654 	95.8629 	1.89803e-06 	3.64248e-15
0.143908 	95.801 	2.01508e-06 	3.54011e-15
0.144162 	95.7373 	2.01508e-06 	3.54012e-15
0.144416 	95.6737 	2.01508e-06 	3.54012e-15
0.144671 	95.61 	2.01508e-06 	3.54013e-15
0.144925 	95.5463 	2.01508e-06 	3.54013e-15
0.145179 	95.4827 	2.01508e-06 	3.54013e-15
0.145433 	95.419 	2.01508e-06 	3.54014e-15
0.145688 	95.3554 	2.01508e-06 	3.54014e-15
0.145942 	95.2917 	2.01508e-06 	3.54015e-15
0.146196 	95.228 	2.01508e-06 	3.54015e-15
0.14645 	95.1509 	2.12085e-06 	3.43957e-15
0.146705 	95.0707 	2.12085e-06 	3.43957e-15
0.146959 	94.9905 	2.12085e-06 	3.43958e-15
0.147213 	94.9104 	2.12085e-06 	3.43958e-15
0.147467 	94.8302 	2.12085e-06 	3.43959e-15
0.147722 	94.75 	2.12085e-06 	3.43959e-15
0.147976 	94.6699 	2.12085e-06 	3.4396e-15
0.14823 	94.5897 	2.12085e-06 	3.4396e-15
0.148484 	94.5095 	2.12085e-06 	3.43961e-15
0.148739 	94.4294 	2.12085e-06 	3.43961e-15
0.148993 	94.3385 	2.22154e-06 	3.40463e-15
0.149247 	94.2437 	2.22154e-06 	3.40464e-15
0.149502 	94.1489 	2.22154e-06 	3.40464e-15
0.149756 	94.0541 	2.22154e-06 	3.40465e-15
0.15001 	93.9593 	2.22154e-06 	3.40465e-15
0.150264 	93.8644 	2.22154e-06 	3.40466e-15
0.150519 	93.7696 	2.22154e-06 	3.40467e-15
0.150773 	93.6748 	2.22154e-06 	3.40467e-15
0.151027 	93.58 	2.22154e-06 	3.40468e-15
0.151281 	93.4852 	2.22154e-06 	3.40468e-15
0.151536 	93.3822 	2.31711e-06 	3.35418e-15
0.15179 	93.2745 	2.31711e-06 	3.35419e-15
0.152044 	93.1668 	2.31711e-06 	3.3542e-15
0.152298 	93.0591 	2.31711e-06 	3.3542e-15
0.152553 	92.9514 	2.31711e-06 	3.35421e-15
0.152807 	92.8437 	2.31711e-06 	3.35422e-15
0.153061 	92.736 	2.31711e-06 	3.35422e-15
0.153315 	92.6283 	2.31711e-06 	3.35423e-15
0.15357 	92.5206 	2.31711e-06 	3.35424e-15
0.153824 	92.4129 	2.31711e-06 	3.35424e-15
0.154078 	92.2991 	2.40425e-06 	3.30297e-15
0.154332 	92.1803 	2.40425e-06 	3.30297e-15
0.154587 	92.0615 	2.40425e-06 	3.30298e-15
0.154841 	91.9427 	2.40425e-06 	3.30299e-15
0.155095 	91.8239 	2.40425e-06 	3.303e-15
0.155349 	91.705 	2.40425e-06 	3.303e-15
0.155604 	91.5862 	2.40425e-06 	3.30301e-15
0.155858 	91.4674 	2.40425e-06 	3.30302e-15
0.156112 	91.3486 	2.40425e-06 	3.30303e-15
0.156366 	91.2298 	2.40425e-06 	3.30303e-15
0.156621 	91.1067 	2.47969e-06 	3.24901e-15
0.156875 	90.9786 	2.47969e-06 	3.24902e-15
0.157129 	90.8504 	2.47969e-06 	3.24903e-15
0.157383 	90.7223 	2.47969e-06 	3.24904e-15
0.157638 	90.5941 	2.47969e-06 	3.24905e-15
0.157892 	90.466 	2.47969e-06 	3.24906e-15
0.158146 	90.3378 	2.47969e-06 	3.24906e-15
0.1584 	90.2097 	2.47969e-06 	3.24907e-15
0.158655 	90.0816 	2.47969e-06 	3.24908e-15
0.158909 	89.9534 	2.47969e-06 	3.24909e-15
0.159163 	89.8225 	2.54129e-06 	3.25732e-15
0.159417 	89.6869 	2.54129e-06 	3.25733e-15
0.159672 	89.5512 	2.54129e-06 	3.25734e-15
0.159926 	89.4156 	2.54129e-06 	3.25735e-15
0.16018 	89.2799 	2.54129e-06 	3.25736e-15
0.160434 	89.1443 	2.54129e-06 	3.25737e-15
0.160689 	89.0087 	2.54129e-06 	3.25737e-15
0.160943 	88.873 	2.54129e-06 	3.25738e-15
0.161197 	88.7374 	2.54129e-06 	3.25739e-15
0.161451 	88.6017 	2.54129e-06 	3.2574e-15
0.161706 	88.4645 	2.58844e-06 	3.24138e-15
0.16196 	88.3232 	2.58844e-06 	3.24139e-15
0.162214 	88.1819 	2.58844e-06 	3.2414e-15
0.162468 	88.0406 	2.58844e-06 	3.24141e-15
0.162723 	87.8993 	2.58844e-06 	3.24142e-15
0.162977 	87.7579 	2.58844e-06 	3.24143e-15
0.163231 	87.6166 	2.58844e-06 	3.24144e-15
0.163485 	87.4753 	2.58844e-06 	3.24145e-15
0.16374 	87.334 	2.58844e-06 	3.24146e-15
0.163994 	87.1927 	2.58844e-06 	3.24146e-15
0.164248 	87.0506 	2.62152e-06 	3.17335e-15
0.164503 	86.9054 	2.62152e-06 	3.17336e-15
0.164757 	86.7602 	2.62152e-06 	3.17337e-15
0.165011 	86.6149 	2.62152e-06 	3.17338e-15
0.165265 	86.4697 	2.62152e-06 	3.17339e-15
0.16552 	86.3245 	2.62152e-06 	3.1734e-15
0.165774 	86.1792 	2.62152e-06 	3.17341e-15
0.166028 	86.034 	2.62152e-06 	3.17342e-15
0.166282 	85.8888 	2.62152e-06 	3.17343e-15
0.166537 	85.7435 	2.62152e-06 	3.17344e-15
0.166791 	85.5981 	2.64138e-06 	3.11642e-15
0.167045 	85.4506 	2.64138e-06 	3.11643e-15
0.167299 	85.3031 	2.64138e-06 	3.11644e-15
0.167554 	85.1556 	2.64138e-06 	3.11645e-15
0.167808 	85.0081 	2.64138e-06 	3.11645e-15
0.168062 	84.8605 	2.64138e-06 	3.11646e-15
0.168316 	84.713 	2.64138e-06 	3.11647e-15
0.168571 	84.5655 	2.64138e-06 	3.11648e-15
0.168825 	84.418 	2.64138e-06 	3.11649e-15
0.169079 	84.2705 	2.64138e-06 	3.1165e-15
0.169333 	84.123 	2.00062e-06 	2.26183e-18
0.169588 	83.9747 	2.64873e-06 	3.10885e-15
0.169842 	83.8264 	2.64873e-06 	3.10886e-15
0.170096 	83.6781 	2.64873e-06 	3.10887e-15
0.17035 	83.5297 	2.64873e-06 	3.10887e-15
0.170605 	83.3814 	2.64873e-06 	3.10888e-15
0.170859 	83.2331 	2.64873e-06 	3.10889e-15
0.171113 	83.0848 	2.64873e-06 	3.1089e-15
0.171367 	82.9365 	2.64873e-06 	3.10891e-15
0.171622 	82.7882 	2.64873e-06 	3.10892e-15
0.171876 	82.6399 	2.64873e-06 	3.10893e-15
0.17213 	82.492 	2.64458e-06 	3.04748e-15
0.172384 	82.3441 	2.64458e-06 	3.04749e-15
0.172639 	82.1963 	2.64458e-06 	3.0475e-15
0.172893 	82.0485 	2.64458e-06 	3.04751e-15
0.173147 	81.9006 	2.64458e-06 	3.04752e-15
0.173401 	81.7528 	2.64458e-06 	3.04753e-15
0.173656 	81.605 	2.64458e-06 	3.04754e-15
0.17391 	81.4571 	2.64458e-06 	3.04755e-15
0.174164 	81.3093 	2.64458e-06 	3.04756e-15
0.174418 	81.1615 	2.64458e-06 	3.04757e-15
0.174673 	81.0149 	2.62948e-06 	3.03702e-15
0.174927 	80.8686 	2.62948e-06 	3.03703e-15
0.175181 	80.7224 	2.62948e-06 	3.03703e-15
0.175435 	80.5761 	2.62948e-06 	3.03704e-15
0.17569 	80.4298 	2.62948e-06 	3.03705e-15
0.175944 	80.2836 	2.62948e-06 	3.03706e-15
0.176198 	80.1373 	2.62948e-06 	3.03707e-15
0.176452 	79.991 	2.62948e-06 	3.03708e-15
0.176707 	79.8447 	2.62948e-06 	3.03709e-15
0.176961 	79.6985 	2.62948e-06 	3.0371e-15
0.177215 	79.554 	2.60477e-06 	3.0287e-15
0.177469 	79.4102 	2.60477e-06 	3.02871e-15
0.177724 	79.2664 	2.60477e-06 	3.02872e-15
0.177978 	79.1226 	2.60477e-06 	3.02873e-15
0.178232 	78.9788 	2.60477e-06 	3.02874e-15
0.178486 	78.835 	2.60477e-06 	3.02875e-15
0.178741 	78.6912 	2.60477e-06 	3.02875e-15
0.178995 	78.5474 	2.60477e-06 	3.02876e-15
0.179249 	78.4036 	2.60477e-06 	3.02877e-15
0.179504 	78.2598 	2.60477e-06 	3.02878e-15
0.179758 	78.118 	2.57071e-06 	2.97069e-15
0.180012 	77.9774 	2.57071e-06 	2.9707e-15
0.180266 	77.8368 	2.57071e-06 	2.97071e-15
0.180521 	77.6961 	2.57071e-06 	2.97072e-15
0.180775 	77.5555 	2.57071e-06 	2.97073e-15
0.181029 	77.4149 	2.57071e-06 	2.97074e-15
0.181283 	77.2743 	2.57071e-06 	2.97075e-15
0.181538 	77.1337 	2.57071e-06 	2.97076e-15
0.181792 	76.9931 	2.57071e-06 	2.97077e-15
0.182046 	76.8524 	2.57071e-06 	2.97078e-15
0.1823 	76.7139 	2.52753e-06 	2.90888e-15
0.182555 	76.577 	2.52753e-06 	2.90888e-15
0.182809 	76.4402 	2.52753e-06 	2.90889e-15
0.183063 	76.3033 	2.52753e-06 	2.9089e-15
0.183317 	76.1665 	2.52753e-06 	2.90891e-15
0.183572 	76.0296 	2.52753e-06 	2.90892e-15
0.183826 	75.8928 	2.52753e-06 	2.90893e-15
0.18408 	75.7559 	2.52753e-06 	2.90894e-15
0.184334 	75.6191 	2.52753e-06 	2.90895e-15
0.184589 	75.4822 	2.52753e-06 	2.90895e-15
0.184843 	75.3473 	2.47568e-06 	2.84946e-15
0.185097 	75.2147 	2.47568e-06 	2.84947e-15
0.185351 	75.0821 	2.47568e-06 	2.84947e-15
0.185606 	74.9494 	2.47568e-06 	2.84948e-15
0.18586 	74.8168 	2.47568e-06 	2.84949e-15
0.186114 	74.6842 	2.47568e-06 	2.8495e-15
0.186368 	74.5515 	2.47568e-06 	2.84951e-15
0.186623 	74.4189 	2.47568e-06 	2.84952e-15
0.186877 	74.2863 	2.47568e-06 	2.84953e-15
0.187131 	74.1536 	2.47568e-06 	2.84953e-15
0.187385 	74.0227 	2.41397e-06 	2.74651e-15
0.18764 	73.8946 	2.41397e-06 	2.74652e-15
0.187894 	73.7665 	2.41397e-06 	2.74653e-15
0.188148 	73.6385 	2.41397e-06 	2.74654e-15
0.188402 	73.5104 	2.41397e-06 	2.74654e-15
0.188657 	73.3823 	2.41397e-06 	2.74655e-15
0.188911 	73.2543 	2.41397e-06 	2.74656e-15
0.189165 	73.1262 	2.41397e-06 	2.74657e-15
0.189419 	72.9981 	2.41397e-06 	2.74658e-15
0.189674 	72.8701 	2.41397e-06 	2.74658e-15
0.189928 	72.7433 	2.34289e-06 	2.68371e-15
0.190182 	72.6201 	2.34289e-06 	2.68371e-15
0.190436 	72.4968 	2.34289e-06 	2.68372e-15
0.190691 	72.3736 	2.34289e-06 	2.68373e-15
0.190945 	72.2503 	2.34289e-06 	2.68374e-15
0.191199 	72.1271 	2.34289e-06 	2.68375e-15
0.191453 	72.0038 	2.34289e-06 	2.68375e-15
0.191708 	71.8806 	2.34289e-06 	2.68376e-15
0.191962 	71.7574 	2.34289e-06 	2.68377e-15
0.192216 	71.6341 	2.34289e-06 	2.68378e-15
0.19247 	71.5118 	2.26081e-06 	2.58084e-15
0.192725 	71.3935 	2.26081e-06 	2.58084e-15
0.192979 	71.2753 	2.26081e-06 	2.58085e-15
0.193233 	71.157 	2.26081e-06 	2.58086e-15
0.193487 	71.0388 	2.26081e-06 	2.58087e-15
0.193742 	70.9206 	2.26081e-06 	2.58087e-15
0.193996 	70.8023 	2.26081e-06 	2.58088e-15
0.19425 	70.6841 	2.26081e-06 	2.58089e-15
0.194505 	70.5658 	2.26081e-06 	2.5809e-15
0.194759 	70.4476 	2.26081e-06 	2.5809e-15
0.195013 	70.3298 	2.16648e-06 	2.57909e-15
0.195267 	70.2167 	2.16648e-06 	2.5791e-15
0.195522 	70.1035 	2.16648e-06 	2.57911e-15
0.195776 	69.9904 	2.16648e-06 	2.57911e-15
0.19603 	69.8773 	2.16648e-06 	2.57912e-15
0.196284 	69.7642 	2.16648e-06 	2.57913e-15
0.196539 	69.651 	2.16648e-06 	2.57914e-15
0.196793 	69.5379 	2.16648e-06 	2.57914e-15
0.197047 	69.4248 	2.16648e-06 	2.57915e-15
0.197301 	69.3117 	2.16648e-06 	2.57916e-15
0.197556 	69.1985 	1.65082e-06 	3.01795e-19
0.19781 	69.0906 	2.06923e-06 	2.53553e-15
0.198064 	68.9827 	2.06923e-06 	2.53554e-15
0.198318 	68.8747 	2.06923e-06 	2.53555e-15
0.198573 	68.7668 	2.06923e-06 	2.53555e-15
0.198827 	68.6589 	2.06923e-06 	2.53556e-15
0.199081 	68.551 	2.06923e-06 	2.53557e-15
0.199335 	68.443 	2.06923e-06 	2.53557e-15
0.19959 	68.3351 	2.06923e-06 	2.53558e-15
0.199844 	68.2272 	2.06923e-06 	2.53559e-15
0.200098 	68.1193 	2.06923e-06 	2.5356e-15
0.200352 	68.0161 	1.97397e-06 	2.48914e-15
0.200607 	67.9134 	1.97397e-06 	2.48915e-15
0.200861 	67.8108 	1.97397e-06 	2.48915e-15
0.201115 	67.7081 	1.97397e-06 	2.48916e-15
0.201369 	67.6054 	1.97397e-06 	2.48917e-15
0.201624 	67.5028 	1.97397e-06 	2.48917e-15
0.201878 	67.4001 	1.97397e-06 	2.48918e-15
0.202132 	67.2974 	1.97397e-06 	2.48919e-15
0.202386 	67.1948 	1.97397e-06 	2.48919e-15
0.202641 	67.0921 	1.97397e-06 	2.4892e-15
0.202895 	66.9937 	1.87997e-06 	2.4419e-15
0.203149 	66.8963 	1.87997e-06 	2.44191e-15
0.203403 	66.7989 	1.87997e-06 	2.44191e-15
0.203658 	66.7016 	1.87997e-06 	2.44192e-15
0.203912 	66.6042 	1.87997e-06 	2.44192e-15
0.204166 	66.5068 	1.87997e-06 	2.44193e-15
0.20442 	66.4094 	1.87997e-06 	2.44194e-15
0.204675 	66.312 	1.87997e-06 	2.44194e-15
0.204929 	66.2146 	1.87997e-06 	2.44195e-15
0.205183 	66.1172 	1.87997e-06 	2.44196e-15
0.205437 	66.0236 	1.78e-06 	2.39652e-15
0.205692 	65.9315 	1.78e-06 	2.39653e-15
0.205946 	65.8394 	1.78e-06 	2.39654e-15
0.2062 	65.7473 	1.78e-06 	2.39654e-15
0.206454 	65.6552 	1.78e-06 	2.39655e-15
0.206709 	65.563 	1.78e-06 	2.39655e-15
0.206963 	65.4709 	1.78e-06 	2.39656e-15
0.207217 	65.3788 	1.78e-06 	2.39657e-15
0.207471 	65.2867 	1.78e-06 	2.39657e-15
0.207726 	65.1945 	1.78e-06 	2.39658e-15
0.20798 	65.1057 	1.67204e-06 	2.3062e-15
0.208234 	65.0189 	1.67204e-06 	2.3062e-15
0.208488 	64.932 	1.67204e-06 	2.30621e-15
0.208743 	64.8451 	1.67204e-06 	2.30621e-15
0.208997 	64.7582 	1.67204e-06 	2.30622e-15
0.209251 	64.6713 	1.67204e-06 	2.30623e-15
0.209506 	64.5844 	1.67204e-06 	2.30623e-15
0.20976 	64.4976 	1.67204e-06 	2.30624e-15
0.210014 	64.4107 	1.67204e-06 	2.30624e-15
0.210268 	64.3238 	1.67204e-06 	2.30625e-15
0.210523 	64.2397 	1.55986e-06 	2.31192e-15
0.210777 	64.158 	1.55986e-06 	2.31192e-15
0.211031 	64.0764 	1.55986e-06 	2.31193e-15
0.211285 	63.9947 	1.55986e-06 	2.31193e-15
0.21154 	63.913 	1.55986e-06 	2.31194e-15
0.211794 	63.8313 	1.55986e-06 	2.31194e-15
0.212048 	63.7496 	1.55986e-06 	2.31195e-15
0.212302 	63.6679 	1.55986e-06 	2.31195e-15
0.212557 	63.5862 	1.55986e-06 	2.31196e-15
0.212811 	63.5046 	1.55986e-06 	2.31196e-15
0.213065 	63.4252 	1.44568e-06 	2.28058e-15
0.213319 	63.3487 	1.44568e-06 	2.28059e-15
0.213574 	63.2722 	1.44568e-06 	2.28059e-15
0.213828 	63.1956 	1.44568e-06 	2.2806e-15
0.214082 	63.1191 	1.44568e-06 	2.2806e-15
0.214336 	63.0426 	1.44568e-06 	2.28061e-15
0.214591 	62.966 	1.44568e-06 	2.28061e-15
0.214845 	62.8895 	1.44568e-06 	2.28062e-15
0.215099 	62.813 	1.44568e-06 	2.28062e-15
0.215353 	62.7364 	1.44568e-06 	2.28063e-15
0.215608 	62.6617 	1.33094e-06 	2.30383e-15
0.215862 	62.5903 	1.33094e-06 	2.30383e-15
0.216116 	62.5189 	1.33094e-06 	2.30384e-15
0.21637 	62.4474 	1.33094e-06 	2.30384e-15
0.216625 	62.376 	1.33094e-06 	2.30384e-15
0.216879 	62.3046 	1.33094e-06 	2.30385e-15
0.217133 	62.2331 	1.33094e-06 	2.30385e-15
0.217387 	62.1617 	1.33094e-06 	2.30386e-15
0.217642 	62.0903 	1.33094e-06 	2.30386e-15
0.217896 	62.0188 	1.33094e-06 	2.30387e-15
0.21815 	61.9488 	1.21642e-06 	2.20095e-15
0.218404 	61.8824 	1.21642e-06 	2.20096e-15
0.218659 	61.816 	1.21642e-06 	2.20096e-15
0.218913 	61.7496 	1.21642e-06 	2.20097e-15
0.219167 	61.6832 	1.21642e-06 	2.20097e-15
0.219421 	61.6168 	1.21642e-06 	2.20098e-15
0.219676 	61.5504 	1.21642e-06 	2.20098e-15
0.21993 	61.484 	1.21642e-06 	2.20098e-15
0.220184 	61.4176 	1.21642e-06 	2.20099e-15
0.220438 	61.3512 	1.21642e-06 	2.20099e-15
0.220693 	61.2857 	1.10276e-06 	2.23189e-15
0.220947 	61.2242 	1.10276e-06 	2.23189e-15
0.221201 	61.1628 	1.10276e-06 	2.2319e-15
0.221455 	61.1014 	1.10276e-06 	2.2319e-15
0.22171 	61.04 	1.10276e-06 	2.23191e-15
0.221964 	60.9785 	1.10276e-06 	2.23191e-15
0.222218 	60.9171 	1.10276e-06 	2.23191e-15
0.222472 	60.8557 	1.10276e-06 	2.23192e-15
0.222727 	60.7943 	1.10276e-06 	2.23192e-15
0.222981 	60.7328 	1.10276e-06 	2.23193e-15
0.223235 	60.6719 	9.90069e-07 	2.15143e-15
0.223489 	60.6153 	9.90069e-07 	2.15143e-15
0.223744 	60.5588 	9.90069e-07 	2.15144e-15
0.223998 	60.5023 	9.90069e-07 	2.15144e-15
0.224252 	60.4458 	9.90069e-07 	2.15145e-15
0.224507 	60.3893 	9.90069e-07 	2.15145e-15
0.224761 	60.3328 	9.90069e-07 	2.15145e-15
0.225015 	60.2763 	9.90069e-07 	2.15146e-15
0.225269 	60.2198 	9.90069e-07 	2.15146e-15
0.225524 	60.1632 	9.90069e-07 	2.15146e-15
0.225778 	60.1067 	8.92066e-07 	-1.4638e-18
0.226032 	60.0551 	8.78093e-07 	2.17922e-15
0.226286 	60.0034 	8.78093e-07 	2.17922e-15
0.226541 	59.9517 	8.78093e-07 	2.17922e-15
0.226795 	59.9 	8.78093e-07 	2.17923e-15
0.227049 	59.8484 	8.78093e-07 	2.17923e-15
0.227303 	59.7967 	8.78093e-07 	2.17923e-15
0.227558 	59.745 	8.78093e-07 	2.17924e-15
0.227812 	59.6933 	8.78093e-07 	2.17924e-15
0.228066 	59.6417 	8.78093e-07 	2.17924e-15
0.22832 	59.59 	8.78093e-07 	2.17925e-15
0.228575 	59.5427 	7.6661e-07 	2.19841e-15
0.228829 	59.4957 	7.6661e-07 	2.19841e-15
0.229083 	59.4488 	7.6661e-07 	2.19841e-15
0.229337 	59.4019 	7.6661e-07 	2.19841e-15
0.229592 	59.355 	7.6661e-07 	2.19842e-15
0.229846 	59.3081 	7.6661e-07 	2.19842e-15
0.2301 	59.2612 	7.6661e-07 	2.19842e-15
0.230354 	59.2143 	7.6661e-07 	2.19843e-15
0.230609 	59.1674 	7.6661e-07 	2.19843e-15
0.230863 	59.1205 	7.6661e-07 	2.19843e-15
0.231117 	59.0774 	6.56733e-07 	2.17873e-15
0.231371 	59.0352 	6.56733e-07 	2.17873e-15
0.231626 	58.9929 	6.56733e-07 	2.17873e-15
0.23188 	58.9507 	6.56733e-07 	2.17874e-15
0.232134 	58.9085 	6.56733e-07 	2.17874e-15
0.232388 	58.8662 	6.56733e-07 	2.17874e-15
0.232643 	58.824 	6.56733e-07 	2.17875e-15
0.232897 	58.7818 	6.56733e-07 	2.17875e-15
0.233151 	58.7395 	6.56733e-07 	2.17875e-15
0.233405 	58.6973 	6.56733e-07 	2.17875e-15
0.23366 	58.6584 	5.51392e-07 	2.15802e-15
0.233914 	58.6207 	5.51392e-07 	2.15803e-15
0.234168 	58.5831 	5.51392e-07 	2.15803e-15
0.234422 	58.5454 	5.51392e-07 	2.15803e-15
0.234677 	58.5078 	5.51392e-07 	2.15803e-15
0.234931 	58.4701 	5.51392e-07 	2.15804e-15
0.235185 	58.4324 	5.51392e-07 	2.15804e-15
0.235439 	58.3948 	5.51392e-07 	2.15804e-15
0.235694 	58.3571 	5.51392e-07 	2.15804e-15
0.235948 	58.3195 	5.51392e-07 	2.15805e-15
0.236202 	58.2846 	4.52117e-07 	2.14025e-15
0.236456 	58.2515 	4.52117e-07 	2.14025e-15
0.236711 	58.2183 	4.52117e-07 	2.14025e-15
0.236965 	58.1851 	4.52117e-07 	2.14026e-15
0.237219 	58.1519 	4.52117e-07 	2.14026e-15
0.237473 	58.1187 	4.52117e-07 	2.14026e-15
0.237728 	58.0855 	4.52117e-07 	2.14026e-15
0.237982 	58.0523 	4.52117e-07 	2.14026e-15
0.238236 	58.0191 	4.52117e-07 	2.14027e-15
0.23849 	57.9859 	4.52117e-07 	2.14027e-15
0.238745 	57.955 	3.64413e-07 	2.12486e-15
0.238999 	57.9261 	3.64413e-07 	2.12486e-15
0.239253 	57.8972 	3.64413e-07 	2.12486e-15
0.239508 	57.8683 	3.64413e-07 	2.12487e-15
0.239762 	57.8394 	3.64413e-07 	2.12487e-15
0.240016 	57.8105 	3.64413e-07 	2.12487e-15
0.24027 	57.7816 	3.64413e-07 	2.12487e-15
0.240525 	57.7528 	3.64413e-07 	2.12487e-15
0.240779 	57.7239 	3.64413e-07 	2.12487e-15
0.241033 	57.695 	3.64413e-07 	2.12488e-15
0.241287 	57.6679 	2.87902e-07 	2.06345e-15
0.241542 	57.6431 	2.87902e-07 	2.06345e-15
0.241796 	57.6184 	2.87902e-07 	2.06346e-15
0.24205 	57.5936 	2.87902e-07 	2.06346e-15
0.242304 	57.5688 	2.87902e-07 	2.06346e-15
0.242559 	57.544 	2.87902e-07 	2.06346e-15
0.242813 	57.5192 	2.87902e-07 	2.06346e-15
0.243067 	57.4944 	2.87902e-07 	2.06346e-15
0.243321 	57.4696 	2.87902e-07 	2.06347e-15
0.243576 	57.4448 	2.87902e-07 	2.06347e-15
0.24383 	57.4214 	2.2e-07 	2.04772e-15
0.244084 	57.4004 	2.2e-07 	2.04772e-15
0.244338 	57.3794 	2.2e-07 	2.04772e-15
0.244593 	57.3584 	2.2e-07 	2.04772e-15
0.244847 	57.3375 	2.2e-07 	2.04772e-15
0.245101 	57.3165 	2.2e-07 	2.04773e-15
0.245355 	57.2955 	2.2e-07 	2.04773e-15
0.24561 	57.2745 	2.2e-07 	2.04773e-15
0.245864 	57.2535 	2.2e-07 	2.04773e-15
0.246118 	57.2325 	2.2e-07 	2.04773e-15
0.246372 	57.2125 	1.6154e-07 	2.09287e-15
0.246627 	57.195 	1.6154e-07 	2.09287e-15
0.246881 	57.1774 	1.6154e-07 	2.09287e-15
0.247135 	57.1599 	1.6154e-07 	2.09287e-15
0.247389 	57.1424 	1.6154e-07 	2.09288e-15
0.247644 	57.1249 	1.6154e-07 	2.09288e-15
0.247898 	57.1073 	1.6154e-07 	2.09288e-15
0.248152 	57.0898 	1.6154e-07 	2.09288e-15
0.248406 	57.0723 	1.6154e-07 	2.09288e-15
0.248661 	57.0547 	1.6154e-07 	2.09288e-15
0.248915 	57.0366 	1.14699e-07 	2.08099e-15
0.249169 	57.0156 	1.14699e-07 	2.08099e-15
0.249423 	56.9945 	1.14699e-07 	2.081e-15
0.249678 	56.9735 	1.14699e-07 	2.081e-15
0.249932 	56.9525 	1.14699e-07 	2.081e-15
0.250186 	56.9315 	1.14699e-07 	2.081e-15
0.25044 	56.9105 	1.14699e-07 	2.081e-15
0.250695 	56.8894 	1.14699e-07 	2.081e-15
0.250949 	56.8684 	1.14699e-07 	2.081e-15
0.251203 	56.8474 	1.14699e-07 	2.08101e-15
0.251457 	56.8271 	8.2268e-08 	2.07196e-15
0.251712 	56.814 	8.2268e-08 	2.07197e-15
0.251966 	56.801 	8.2268e-08 	2.07197e-15
0.25222 	56.7879 	8.2268e-08 	2.07197e-15
0.252474 	56.7748 	8.2268e-08 	2.07197e-15
0.252729 	56.7617 	8.2268e-08 	2.07197e-15
0.252983 	56.7487 	8.2268e-08 	2.07197e-15
0.253237 	56.7356 	8.2268e-08 	2.07197e-15
0.253491 	56.7225 	8.2268e-08 	2.07197e-15
0.253746 	56.7094 	8.2268e-08 	2.07197e-15
0.254 	56.6964 	1.92006e-07 	-6.03898e-19
