0 	40.2312 	0.0560705 	-0.00185314
0.000254254 	41.0061 	9.5629e-06 	0.000907503
0.000508509 	40.8847 	9.5629e-06 	0.000907503
0.000762763 	40.7633 	9.5629e-06 	0.000907503
0.00101702 	40.6419 	9.5629e-06 	0.000907503
0.00127127 	40.5199 	-2.27752e-06 	0.000900164
0.00152553 	40.2832 	-2.27752e-06 	0.000900164
0.00177978 	40.0464 	-2.27752e-06 	0.000900164
0.00203403 	39.8097 	-2.27752e-06 	0.000900164
0.00228829 	39.573 	-2.27752e-06 	0.000900164
0.00254254 	39.3365 	1.6245e-05 	0.000841206
0.0027968 	39.1286 	1.6245e-05 	0.000841206
0.00305105 	38.9206 	1.6245e-05 	0.000841206
0.00330531 	38.7126 	1.6245e-05 	0.000841206
0.00355956 	38.5047 	1.6245e-05 	0.000841206
0.00381381 	38.2974 	1.59105e-05 	0.000770349
0.00406807 	38.1366 	1.59105e-05 	0.000770349
0.00432232 	37.9757 	1.59105e-05 	0.000770349
0.00457658 	37.8148 	1.59105e-05 	0.000770349
0.00483083 	37.6539 	1.59105e-05 	0.000770349
0.00508509 	37.4934 	1.69579e-05 	0.000704881
0.00533934 	37.3497 	1.69579e-05 	0.000704881
0.00559359 	37.206 	1.69579e-05 	0.000704881
0.00584785 	37.0623 	1.69579e-05 	0.000704881
0.0061021 	36.9186 	1.69579e-05 	0.000704881
0.00635636 	36.7749 	1.24704e-05 	0.000643274
0.00661061 	36.6363 	1.24704e-05 	0.000643274
0.00686486 	36.4976 	1.24704e-05 	0.000643274
0.00711912 	36.359 	1.24704e-05 	0.000643274
0.00737337 	36.2203 	1.24704e-05 	0.000643274
0.00762763 	36.0824 	1.26573e-05 	0.000595584
0.00788188 	35.9681 	1.26573e-05 	0.000595584
0.00813614 	35.8539 	1.26573e-05 	0.000595584
0.00839039 	35.7397 	1.26573e-05 	0.000595584
0.00864464 	35.6255 	1.26573e-05 	0.000595584
0.0088989 	35.513 	5.99406e-06 	0.000538197
0.00915315 	35.4462 	5.99406e-06 	0.000538197
0.00940741 	35.3794 	5.99406e-06 	0.000538197
0.00966166 	35.3126 	5.99406e-06 	0.000538197
0.00991592 	35.2458 	5.99406e-06 	0.000538197
0.0101702 	35.1809 	3.35325e-06 	0.000488759
0.0104244 	35.1624 	3.35325e-06 	0.000488759
0.0106787 	35.1438 	3.35325e-06 	0.000488759
0.0109329 	35.1253 	3.35325e-06 	0.000488759
0.0111872 	35.1067 	3.35325e-06 	0.000488759
0.0114414 	35.0894 	-2.09357e-06 	0.000416362
0.0116957 	35.0973 	-2.09357e-06 	0.000416362
0.0119499 	35.1053 	-2.09357e-06 	0.000416362
0.0122042 	35.1132 	-2.09357e-06 	0.000416362
0.0124585 	35.1212 	-2.09357e-06 	0.000416362
0.0127127 	35.1299 	-6.20666e-06 	0.000352009
0.012967 	35.152 	-6.20666e-06 	0.000352009
0.0132212 	35.1742 	-6.20666e-06 	0.000352009
0.0134755 	35.1963 	-6.20666e-06 	0.000352009
0.0137297 	35.2185 	-6.20666e-06 	0.000352009
0.013984 	35.2415 	-1.54108e-05 	0.000259846
0.0142382 	35.2798 	-1.54108e-05 	0.000259846
0.0144925 	35.3181 	-1.54108e-05 	0.000259846
0.0147467 	35.3565 	-1.54108e-05 	0.000259846
0.015001 	35.3948 	-1.54108e-05 	0.000259846
0.0152553 	35.434 	-1.87962e-05 	0.000193718
0.0155095 	35.4872 	-1.87962e-05 	0.000193718
0.0157638 	35.5404 	-1.87962e-05 	0.000193718
0.016018 	35.5937 	-1.87962e-05 	0.000193718
0.0162723 	35.6469 	-1.87962e-05 	0.000193718
0.0165265 	35.7004 	-2.03274e-05 	0.000118246
0.0167808 	35.7576 	-2.03274e-05 	0.000118246
0.017035 	35.8148 	-2.03274e-05 	0.000118246
0.0172893 	35.872 	-2.03274e-05 	0.000118246
0.0175435 	35.9292 	-2.03274e-05 	0.000118246
0.0177978 	35.986 	-2.17583e-05 	6.9769e-05
0.0180521 	36.0373 	-2.17583e-05 	6.9769e-05
0.0183063 	36.0886 	-2.17583e-05 	6.9769e-05
0.0185606 	36.1399 	-2.17583e-05 	6.9769e-05
0.0188148 	36.1912 	-2.17583e-05 	6.9769e-05
0.0190691 	36.242 	-2.09389e-05 	4.3782e-06
0.0193233 	36.2872 	-2.09389e-05 	4.3782e-06
0.0195776 	36.3323 	-2.09389e-05 	4.3782e-06
0.0198318 	36.3774 	-2.09389e-05 	4.3782e-06
0.0200861 	36.4225 	-2.09389e-05 	4.3782e-06
0.0203403 	36.4679 	-1.99977e-05 	-8.13253e-06
0.0205946 	36.5168 	-1.99977e-05 	-8.13253e-06
0.0208488 	36.5656 	-1.99977e-05 	-8.13253e-06
0.0211031 	36.6145 	-1.99977e-05 	-8.13253e-06
0.0213574 	36.6633 	-1.99977e-05 	-8.13253e-06
0.0216116 	36.7125 	-1.85027e-05 	-2.83121e-05
0.0218659 	36.7646 	-1.85027e-05 	-2.83121e-05
0.0221201 	36.8167 	-1.85027e-05 	-2.83121e-05
0.0223744 	36.8688 	-1.85027e-05 	-2.83121e-05
0.0226286 	36.9209 	-1.85027e-05 	-2.83121e-05
0.0228829 	36.9727 	-1.78395e-05 	-2.16474e-05
0.0231371 	37.022 	-1.78395e-05 	-2.16474e-05
0.0233914 	37.0713 	-1.78395e-05 	-2.16474e-05
0.0236456 	37.1205 	-1.78395e-05 	-2.16474e-05
0.0238999 	37.1698 	-1.78395e-05 	-2.16474e-05
0.0241542 	37.2188 	-1.68088e-05 	-4.4336e-05
0.0244084 	37.2652 	-1.68088e-05 	-4.4336e-05
0.0246627 	37.3116 	-1.68088e-05 	-4.4336e-05
0.0249169 	37.3581 	-1.68088e-05 	-4.4336e-05
0.0251712 	37.4045 	-1.68088e-05 	-4.4336e-05
0.0254254 	37.4509 	-1.63828e-05 	-3.16468e-05
0.0256797 	37.4972 	-1.63828e-05 	-3.16468e-05
0.0259339 	37.5435 	-1.63828e-05 	-3.16468e-05
0.0261882 	37.5898 	-1.63828e-05 	-3.16468e-05
0.0264424 	37.6361 	-1.63828e-05 	-3.16468e-05
0.0266967 	37.6826 	-1.60138e-05 	-4.21151e-05
0.026951 	37.7308 	-1.60138e-05 	-4.21151e-05
0.0272052 	37.779 	-1.60138e-05 	-4.21151e-05
0.0274595 	37.8272 	-1.60138e-05 	-4.21151e-05
0.0277137 	37.8754 	-1.60138e-05 	-4.21151e-05
0.027968 	37.9237 	-1.58426e-05 	-2.56699e-05
0.0282222 	37.9728 	-1.58426e-05 	-2.56699e-05
0.0284765 	38.0219 	-1.58426e-05 	-2.56699e-05
0.0287307 	38.071 	-1.58426e-05 	-2.56699e-05
0.028985 	38.1202 	-1.58426e-05 	-2.56699e-05
0.0292392 	38.1694 	-1.49556e-05 	-4.00647e-05
0.0294935 	38.2197 	-1.49556e-05 	-4.00647e-05
0.0297477 	38.27 	-1.49556e-05 	-4.00647e-05
0.030002 	38.3202 	-1.49556e-05 	-4.00647e-05
0.0302563 	38.3705 	-1.49556e-05 	-4.00647e-05
0.0305105 	38.4211 	-1.54085e-05 	-2.40542e-05
0.0307648 	38.4736 	-1.54085e-05 	-2.40542e-05
0.031019 	38.5262 	-1.54085e-05 	-2.40542e-05
0.0312733 	38.5787 	-1.54085e-05 	-2.40542e-05
0.0315275 	38.6313 	-1.54085e-05 	-2.40542e-05
0.0317818 	38.6839 	-1.45175e-05 	-3.67476e-05
0.032036 	38.7368 	-1.45175e-05 	-3.67476e-05
0.0322903 	38.7898 	-1.45175e-05 	-3.67476e-05
0.0325445 	38.8428 	-1.45175e-05 	-3.67476e-05
0.0327988 	38.8958 	-1.45175e-05 	-3.67476e-05
0.0330531 	38.949 	-1.41773e-05 	-2.81702e-05
0.0333073 	39.0037 	-1.41773e-05 	-2.81702e-05
0.0335616 	39.0585 	-1.41773e-05 	-2.81702e-05
0.0338158 	39.1132 	-1.41773e-05 	-2.81702e-05
0.0340701 	39.168 	-1.41773e-05 	-2.81702e-05
0.0343243 	39.223 	-1.43971e-05 	-3.3834e-05
0.0345786 	39.2795 	-1.43971e-05 	-3.3834e-05
0.0348328 	39.336 	-1.43971e-05 	-3.3834e-05
0.0350871 	39.3925 	-1.43971e-05 	-3.3834e-05
0.0353413 	39.449 	-1.43971e-05 	-3.3834e-05
0.0355956 	39.5055 	-1.36906e-05 	-2.52374e-05
0.0358498 	39.5624 	-1.36906e-05 	-2.52374e-05
0.0361041 	39.6193 	-1.36906e-05 	-2.52374e-05
0.0363584 	39.6762 	-1.36906e-05 	-2.52374e-05
0.0366126 	39.7331 	-1.36906e-05 	-2.52374e-05
0.0368669 	39.7905 	-1.42017e-05 	-2.50755e-05
0.0371211 	39.8516 	-1.42017e-05 	-2.50755e-05
0.0373754 	39.9126 	-1.42017e-05 	-2.50755e-05
0.0376296 	39.9736 	-1.42017e-05 	-2.50755e-05
0.0378839 	40.0346 	-1.42017e-05 	-2.50755e-05
0.0381381 	40.0964 	-1.39225e-05 	-1.51079e-05
0.0383924 	40.1628 	-1.39225e-05 	-1.51079e-05
0.0386466 	40.2291 	-1.39225e-05 	-1.51079e-05
0.0389009 	40.2955 	-1.39225e-05 	-1.51079e-05
0.0391552 	40.3618 	-1.39225e-05 	-1.51079e-05
0.0394094 	40.429 	-1.37906e-05 	-2.31973e-05
0.0396637 	40.5007 	-1.37906e-05 	-2.31973e-05
0.0399179 	40.5724 	-1.37906e-05 	-2.31973e-05
0.0401722 	40.6441 	-1.37906e-05 	-2.31973e-05
0.0404264 	40.7158 	-1.37906e-05 	-2.31973e-05
0.0406807 	40.7882 	-1.42385e-05 	-2.04881e-05
0.0409349 	40.8646 	-1.42385e-05 	-2.04881e-05
0.0411892 	40.941 	-1.42385e-05 	-2.04881e-05
0.0414434 	41.0173 	-1.42385e-05 	-2.04881e-05
0.0416977 	41.0937 	-1.42385e-05 	-2.04881e-05
0.041952 	41.1708 	-1.36666e-05 	-4.31046e-05
0.0422062 	41.252 	-1.36666e-05 	-4.31046e-05
0.0424605 	41.3331 	-1.36666e-05 	-4.31046e-05
0.0427147 	41.4142 	-1.36666e-05 	-4.31046e-05
0.042969 	41.4953 	-1.36666e-05 	-4.31046e-05
0.0432232 	41.5773 	-1.3856e-05 	-4.2825e-05
0.0434775 	41.6632 	-1.3856e-05 	-4.2825e-05
0.0437317 	41.7491 	-1.3856e-05 	-4.2825e-05
0.043986 	41.835 	-1.3856e-05 	-4.2825e-05
0.0442402 	41.9209 	-1.3856e-05 	-4.2825e-05
0.0444945 	42.0073 	-1.40747e-05 	-4.82095e-05
0.0447487 	42.0962 	-1.40747e-05 	-4.82095e-05
0.045003 	42.185 	-1.40747e-05 	-4.82095e-05
0.0452573 	42.2739 	-1.40747e-05 	-4.82095e-05
0.0455115 	42.3627 	-1.40747e-05 	-4.82095e-05
0.0457658 	42.4526 	-1.43554e-05 	-3.10948e-05
0.04602 	42.547 	-1.43554e-05 	-3.10948e-05
0.0462743 	42.6414 	-1.43554e-05 	-3.10948e-05
0.0465285 	42.7359 	-1.43554e-05 	-3.10948e-05
0.0467828 	42.8303 	-1.43554e-05 	-3.10948e-05
0.047037 	42.9257 	-1.44406e-05 	-2.61293e-05
0.0472913 	43.0256 	-1.44406e-05 	-2.61293e-05
0.0475455 	43.1256 	-1.44406e-05 	-2.61293e-05
0.0477998 	43.2255 	-1.44406e-05 	-2.61293e-05
0.0480541 	43.3254 	-1.44406e-05 	-2.61293e-05
0.0483083 	43.4258 	-1.45966e-05 	-1.86574e-05
0.0485626 	43.5283 	-1.45966e-05 	-1.86574e-05
0.0488168 	43.6308 	-1.45966e-05 	-1.86574e-05
0.0490711 	43.7333 	-1.45966e-05 	-1.86574e-05
0.0493253 	43.8358 	-1.45966e-05 	-1.86574e-05
0.0495796 	43.9393 	-1.42714e-05 	-3.75566e-05
0.0498338 	44.0473 	-1.42714e-05 	-3.75566e-05
0.0500881 	44.1553 	-1.42714e-05 	-3.75566e-05
0.0503423 	44.2633 	-1.42714e-05 	-3.75566e-05
0.0505966 	44.3713 	-1.42714e-05 	-3.75566e-05
0.0508509 	44.4803 	-1.47168e-05 	-4.39095e-05
0.0511051 	44.5931 	-1.47168e-05 	-4.39095e-05
0.0513594 	44.706 	-1.47168e-05 	-4.39095e-05
0.0516136 	44.8189 	-1.47168e-05 	-4.39095e-05
0.0518679 	44.9318 	-1.47168e-05 	-4.39095e-05
0.0521221 	45.0452 	-1.36616e-05 	-6.789e-05
0.0523764 	45.1608 	-1.36616e-05 	-6.789e-05
0.0526306 	45.2764 	-1.36616e-05 	-6.789e-05
0.0528849 	45.392 	-1.36616e-05 	-6.789e-05
0.0531391 	45.5076 	-1.36616e-05 	-6.789e-05
0.0533934 	45.6243 	-1.41652e-05 	-5.8778e-05
0.0536476 	45.7453 	-1.41652e-05 	-5.8778e-05
0.0539019 	45.8662 	-1.41652e-05 	-5.8778e-05
0.0541562 	45.9872 	-1.41652e-05 	-5.8778e-05
0.0544104 	46.1082 	-1.41652e-05 	-5.8778e-05
0.0546647 	46.2303 	-1.47847e-05 	-5.16954e-05
0.0549189 	46.3566 	-1.47847e-05 	-5.16954e-05
0.0551732 	46.4828 	-1.47847e-05 	-5.16954e-05
0.0554274 	46.6091 	-1.47847e-05 	-5.16954e-05
0.0556817 	46.7354 	-1.47847e-05 	-5.16954e-05
0.0559359 	46.8623 	-1.51981e-05 	-3.57466e-05
0.0561902 	46.9915 	-1.51981e-05 	-3.57466e-05
0.0564444 	47.1207 	-1.51981e-05 	-3.57466e-05
0.0566987 	47.2499 	-1.51981e-05 	-3.57466e-05
0.056953 	47.3791 	-1.51981e-05 	-3.57466e-05
0.0572072 	47.5091 	-1.55904e-05 	-2.06793e-05
0.0574615 	47.642 	-1.55904e-05 	-2.06793e-05
0.0577157 	47.7749 	-1.55904e-05 	-2.06793e-05
0.05797 	47.9077 	-1.55904e-05 	-2.06793e-05
0.0582242 	48.0406 	-1.55904e-05 	-2.06793e-05
0.0584785 	48.1746 	-1.57682e-05 	-8.52261e-06
0.0587327 	48.3124 	-1.57682e-05 	-8.52261e-06
0.058987 	48.4501 	-1.57682e-05 	-8.52261e-06
0.0592412 	48.5879 	-1.57682e-05 	-8.52261e-06
0.0594955 	48.7257 	-1.57682e-05 	-8.52261e-06
0.0597497 	48.8647 	-1.57779e-05 	-1.95451e-05
0.060004 	49.0076 	-1.57779e-05 	-1.95451e-05
0.0602583 	49.1506 	-1.57779e-05 	-1.95451e-05
0.0605125 	49.2935 	-1.57779e-05 	-1.95451e-05
0.0607668 	49.4365 	-1.57779e-05 	-1.95451e-05
0.061021 	49.5805 	-1.58404e-05 	-1.93309e-05
0.0612753 	49.7277 	-1.58404e-05 	-1.93309e-05
0.0615295 	49.8749 	-1.58404e-05 	-1.93309e-05
0.0617838 	50.0221 	-1.58404e-05 	-1.93309e-05
0.062038 	50.1693 	-1.58404e-05 	-1.93309e-05
0.0622923 	50.3176 	-1.53605e-05 	-4.35876e-05
0.0625465 	50.4694 	-1.53605e-05 	-4.35876e-05
0.0628008 	50.6212 	-1.53605e-05 	-4.35876e-05
0.0630551 	50.773 	-1.53605e-05 	-4.35876e-05
0.0633093 	50.9248 	-1.53605e-05 	-4.35876e-05
0.0635636 	51.0776 	-1.55766e-05 	-4.74595e-05
0.0638178 	51.2334 	-1.55766e-05 	-4.74595e-05
0.0640721 	51.3891 	-1.55766e-05 	-4.74595e-05
0.0643263 	51.5449 	-1.55766e-05 	-4.74595e-05
0.0645806 	51.7006 	-1.55766e-05 	-4.74595e-05
0.0648348 	51.8575 	-1.53639e-05 	-5.85769e-05
0.0650891 	52.0178 	-1.53639e-05 	-5.85769e-05
0.0653433 	52.1781 	-1.53639e-05 	-5.85769e-05
0.0655976 	52.3384 	-1.53639e-05 	-5.85769e-05
0.0658519 	52.4987 	-1.53639e-05 	-5.85769e-05
0.0661061 	52.6602 	-1.5695e-05 	-5.79945e-05
0.0663604 	52.8254 	-1.5695e-05 	-5.79945e-05
0.0666146 	52.9906 	-1.5695e-05 	-5.79945e-05
0.0668689 	53.1558 	-1.5695e-05 	-5.79945e-05
0.0671231 	53.321 	-1.5695e-05 	-5.79945e-05
0.0673774 	53.4873 	-1.6107e-05 	-5.44531e-05
0.0676316 	53.6566 	-1.6107e-05 	-5.44531e-05
0.0678859 	53.8259 	-1.6107e-05 	-5.44531e-05
0.0681401 	53.9952 	-1.6107e-05 	-5.44531e-05
0.0683944 	54.1645 	-1.6107e-05 	-5.44531e-05
0.0686486 	54.3355 	-1.68997e-05 	-3.43273e-05
0.0689029 	54.5109 	-1.68997e-05 	-3.43273e-05
0.0691572 	54.6864 	-1.68997e-05 	-3.43273e-05
0.0694114 	54.8619 	-1.68997e-05 	-3.43273e-05
0.0696657 	55.0374 	-1.68997e-05 	-3.43273e-05
0.0699199 	55.2142 	-1.75022e-05 	-2.59705e-05
0.0701742 	55.3943 	-1.75022e-05 	-2.59705e-05
0.0704284 	55.5744 	-1.75022e-05 	-2.59705e-05
0.0706827 	55.7546 	-1.75022e-05 	-2.59705e-05
0.0709369 	55.9347 	-1.75022e-05 	-2.59705e-05
0.0711912 	56.1161 	-1.77778e-05 	2.73417e-06
0.0714454 	56.301 	-1.77778e-05 	2.73417e-06
0.0716997 	56.4859 	-1.77778e-05 	2.73417e-06
0.071954 	56.6708 	-1.77778e-05 	2.73417e-06
0.0722082 	56.8556 	-1.77778e-05 	2.73417e-06
0.0724625 	57.0421 	-1.83639e-05 	9.17011e-06
0.0727167 	57.2325 	-1.83639e-05 	9.17011e-06
0.072971 	57.4229 	-1.83639e-05 	9.17011e-06
0.0732252 	57.6133 	-1.83639e-05 	9.17011e-06
0.0734795 	57.8037 	-1.83639e-05 	9.17011e-06
0.0737337 	57.9954 	-1.80127e-05 	3.06623e-05
0.073988 	58.1903 	-1.80127e-05 	3.06623e-05
0.0742422 	58.3853 	-1.80127e-05 	3.06623e-05
0.0744965 	58.5802 	-1.80127e-05 	3.06623e-05
0.0747508 	58.7751 	-1.80127e-05 	3.06623e-05
0.075005 	58.972 	-1.82057e-05 	3.92693e-05
0.0752593 	59.1739 	-1.82057e-05 	3.92693e-05
0.0755135 	59.3758 	-1.82057e-05 	3.92693e-05
0.0757678 	59.5776 	-1.82057e-05 	3.92693e-05
0.076022 	59.7795 	-1.82057e-05 	3.92693e-05
0.0762763 	59.9831 	-1.8096e-05 	4.18222e-05
0.0765305 	60.1906 	-1.8096e-05 	4.18222e-05
0.0767848 	60.3981 	-1.8096e-05 	4.18222e-05
0.077039 	60.6056 	-1.8096e-05 	4.18222e-05
0.0772933 	60.8131 	-1.8096e-05 	4.18222e-05
0.0775475 	61.0222 	-1.81693e-05 	4.33971e-05
0.0778018 	61.2352 	-1.81693e-05 	4.33971e-05
0.0780561 	61.4483 	-1.81693e-05 	4.33971e-05
0.0783103 	61.6613 	-1.81693e-05 	4.33971e-05
0.0785646 	61.8743 	-1.81693e-05 	4.33971e-05
0.0788188 	62.0891 	-1.85351e-05 	3.18027e-05
0.0790731 	62.3077 	-1.85351e-05 	3.18027e-05
0.0793273 	62.5262 	-1.85351e-05 	3.18027e-05
0.0795816 	62.7448 	-1.85351e-05 	3.18027e-05
0.0798358 	62.9634 	-1.85351e-05 	3.18027e-05
0.0800901 	63.1837 	-1.90286e-05 	1.92787e-05
0.0803443 	63.4076 	-1.90286e-05 	1.92787e-05
0.0805986 	63.6315 	-1.90286e-05 	1.92787e-05
0.0808529 	63.8554 	-1.90286e-05 	1.92787e-05
0.0811071 	64.0793 	-1.90286e-05 	1.92787e-05
0.0813614 	64.3052 	-1.93493e-05 	7.68678e-06
0.0816156 	64.5351 	-1.93493e-05 	7.68678e-06
0.0818699 	64.7651 	-1.93493e-05 	7.68678e-06
0.0821241 	64.995 	-1.93493e-05 	7.68678e-06
0.0823784 	65.225 	-1.93493e-05 	7.68678e-06
0.0826326 	65.4567 	-1.96111e-05 	-9.12795e-06
0.0828869 	65.6922 	-1.96111e-05 	-9.12795e-06
0.0831411 	65.9276 	-1.96111e-05 	-9.12795e-06
0.0833954 	66.1631 	-1.96111e-05 	-9.12795e-06
0.0836496 	66.3986 	-1.96111e-05 	-9.12795e-06
0.0839039 	66.6362 	-1.99658e-05 	-7.92619e-06
0.0841582 	66.8781 	-1.99658e-05 	-7.92619e-06
0.0844124 	67.12 	-1.99658e-05 	-7.92619e-06
0.0846667 	67.3619 	-1.99658e-05 	-7.92619e-06
0.0849209 	67.6038 	-1.99658e-05 	-7.92619e-06
0.0851752 	67.8473 	-2.03665e-05 	-1.41778e-05
0.0854294 	68.0938 	-2.03665e-05 	-1.41778e-05
0.0856837 	68.3403 	-2.03665e-05 	-1.41778e-05
0.0859379 	68.5868 	-2.03665e-05 	-1.41778e-05
0.0861922 	68.8334 	-2.03665e-05 	-1.41778e-05
0.0864464 	69.0815 	-2.0735e-05 	-2.2952e-06
0.0867007 	69.333 	-2.0735e-05 	-2.2952e-06
0.086955 	69.5844 	-2.0735e-05 	-2.2952e-06
0.0872092 	69.8359 	-2.0735e-05 	-2.2952e-06
0.0874635 	70.0873 	-2.0735e-05 	-2.2952e-06
0.0877177 	70.341 	-2.11468e-05 	7.66601e-06
0.087972 	70.5988 	-2.11468e-05 	7.66601e-06
0.0882262 	70.8566 	-2.11468e-05 	7.66601e-06
0.0884805 	71.1144 	-2.11468e-05 	7.66601e-06
0.0887347 	71.3722 	-2.11468e-05 	7.66601e-06
0.088989 	71.632 	-2.12787e-05 	1.8417e-05
0.0892432 	71.8955 	-2.12787e-05 	1.8417e-05
0.0894975 	72.159 	-2.12787e-05 	1.8417e-05
0.0897518 	72.4225 	-2.12787e-05 	1.8417e-05
0.090006 	72.686 	-2.12787e-05 	1.8417e-05
0.0902603 	72.9518 	-2.12157e-05 	3.4866e-05
0.0905145 	73.2217 	-2.12157e-05 	3.4866e-05
0.0907688 	73.4915 	-2.12157e-05 	3.4866e-05
0.091023 	73.7614 	-2.12157e-05 	3.4866e-05
0.0912773 	74.0313 	-2.12157e-05 	3.4866e-05
0.0915315 	74.3034 	-2.16181e-05 	3.63098e-05
0.0917858 	74.5794 	-2.16181e-05 	3.63098e-05
0.09204 	74.8554 	-2.16181e-05 	3.63098e-05
0.0922943 	75.1314 	-2.16181e-05 	3.63098e-05
0.0925485 	75.4073 	-2.16181e-05 	3.63098e-05
0.0928028 	75.6855 	-2.12315e-05 	4.8137e-05
0.0930571 	75.9675 	-2.12315e-05 	4.8137e-05
0.0933113 	76.2494 	-2.12315e-05 	4.8137e-05
0.0935656 	76.5314 	-2.12315e-05 	4.8137e-05
0.0938198 	76.8134 	-2.12315e-05 	4.8137e-05
0.0940741 	77.0975 	-2.20905e-05 	3.34762e-05
0.0943283 	77.3853 	-2.20905e-05 	3.34762e-05
0.0945826 	77.6732 	-2.20905e-05 	3.34762e-05
0.0948368 	77.961 	-2.20905e-05 	3.34762e-05
0.0950911 	78.2489 	-2.20905e-05 	3.34762e-05
0.0953453 	78.5385 	-2.20563e-05 	2.91796e-05
0.0955996 	78.8309 	-2.20563e-05 	2.91796e-05
0.0958539 	79.1233 	-2.20563e-05 	2.91796e-05
0.0961081 	79.4158 	-2.20563e-05 	2.91796e-05
0.0963624 	79.7082 	-2.20563e-05 	2.91796e-05
0.0966166 	80.0026 	-2.26742e-05 	4.55574e-06
0.0968709 	80.3002 	-2.26742e-05 	4.55574e-06
0.0971251 	80.5978 	-2.26742e-05 	4.55574e-06
0.0973794 	80.8953 	-2.26742e-05 	4.55574e-06
0.0976336 	81.1929 	-2.26742e-05 	4.55574e-06
0.0978879 	81.4918 	-2.27839e-05 	-1.22593e-05
0.0981421 	81.7927 	-2.27839e-05 	-1.22593e-05
0.0983964 	82.0936 	-2.27839e-05 	-1.22593e-05
0.0986507 	82.3945 	-2.27839e-05 	-1.22593e-05
0.0989049 	82.6955 	-2.27839e-05 	-1.22593e-05
0.0991592 	82.9978 	-2.27227e-05 	-3.98341e-05
0.0994134 	83.3023 	-2.27227e-05 	-3.98341e-05
0.0996677 	83.6068 	-2.27227e-05 	-3.98341e-05
0.0999219 	83.9113 	-2.27227e-05 	-3.98341e-05
0.100176 	84.2159 	-2.27227e-05 	-3.98341e-05
0.10043 	84.5217 	-2.24894e-05 	-5.98385e-05
0.100685 	84.8297 	-2.24894e-05 	-5.98385e-05
0.100939 	85.1377 	-2.24894e-05 	-5.98385e-05
0.101193 	85.4456 	-2.24894e-05 	-5.98385e-05
0.101447 	85.7536 	-2.24894e-05 	-5.98385e-05
0.101702 	86.0621 	-2.1843e-05 	-8.53082e-05
0.101956 	86.3714 	-2.1843e-05 	-8.53082e-05
0.10221 	86.6806 	-2.1843e-05 	-8.53082e-05
0.102464 	86.9899 	-2.1843e-05 	-8.53082e-05
0.102719 	87.2992 	-2.1843e-05 	-8.53082e-05
0.102973 	87.6094 	-2.14166e-05 	-9.88856e-05
0.103227 	87.921 	-2.14166e-05 	-9.88856e-05
0.103481 	88.2327 	-2.14166e-05 	-9.88856e-05
0.103736 	88.5443 	-2.14166e-05 	-9.88856e-05
0.10399 	88.856 	-2.14166e-05 	-9.88856e-05
0.104244 	89.1681 	-2.05354e-05 	-0.000120215
0.104498 	89.4809 	-2.05354e-05 	-0.000120215
0.104753 	89.7936 	-2.05354e-05 	-0.000120215
0.105007 	90.1064 	-2.05354e-05 	-0.000120215
0.105261 	90.4192 	-2.05354e-05 	-0.000120215
0.105516 	90.7319 	-2.0195e-05 	-0.000128378
0.10577 	91.0445 	-2.0195e-05 	-0.000128378
0.106024 	91.357 	-2.0195e-05 	-0.000128378
0.106278 	91.6696 	-2.0195e-05 	-0.000128378
0.106533 	91.9822 	-2.0195e-05 	-0.000128378
0.106787 	92.2947 	-1.94283e-05 	-0.000143614
0.107041 	92.6071 	-1.94283e-05 	-0.000143614
0.107295 	92.9196 	-1.94283e-05 	-0.000143614
0.10755 	93.232 	-1.94283e-05 	-0.000143614
0.107804 	93.5444 	-1.94283e-05 	-0.000143614
0.108058 	93.8561 	-1.91012e-05 	-0.000150236
0.108312 	94.1668 	-1.91012e-05 	-0.000150236
0.108567 	94.4775 	-1.91012e-05 	-0.000150236
0.108821 	94.7882 	-1.91012e-05 	-0.000150236
0.109075 	95.099 	-1.91012e-05 	-0.000150236
0.109329 	95.4086 	-1.84401e-05 	-0.000161321
0.109584 	95.7168 	-1.84401e-05 	-0.000161321
0.109838 	96.025 	-1.84401e-05 	-0.000161321
0.110092 	96.3331 	-1.84401e-05 	-0.000161321
0.110346 	96.6413 	-1.84401e-05 	-0.000161321
0.110601 	96.9479 	-1.80577e-05 	-0.000166875
0.110855 	97.2523 	-1.80577e-05 	-0.000166875
0.111109 	97.5567 	-1.80577e-05 	-0.000166875
0.111363 	97.8611 	-1.80577e-05 	-0.000166875
0.111618 	98.1655 	-1.80577e-05 	-0.000166875
0.111872 	98.4672 	-1.72738e-05 	-0.000178093
0.112126 	98.7654 	-1.72738e-05 	-0.000178093
0.11238 	99.0635 	-1.72738e-05 	-0.000178093
0.112635 	99.3617 	-1.72738e-05 	-0.000178093
0.112889 	99.6599 	-1.72738e-05 	-0.000178093
0.113143 	99.9553 	-1.69489e-05 	-0.000182844
0.113397 	100.247 	-1.69489e-05 	-0.000182844
0.113652 	100.539 	-1.69489e-05 	-0.000182844
0.113906 	100.831 	-1.69489e-05 	-0.000182844
0.11416 	101.123 	-1.69489e-05 	-0.000182844
0.114414 	101.411 	-1.60163e-05 	-0.00019232
0.114669 	101.693 	-1.60163e-05 	-0.00019232
0.114923 	101.974 	-1.60163e-05 	-0.00019232
0.115177 	102.256 	-1.60163e-05 	-0.00019232
0.115431 	102.538 	-1.60163e-05 	-0.00019232
0.115686 	102.815 	-1.56242e-05 	-0.00019827
0.11594 	103.086 	-1.56242e-05 	-0.00019827
0.116194 	103.357 	-1.56242e-05 	-0.00019827
0.116448 	103.629 	-1.56242e-05 	-0.00019827
0.116703 	103.9 	-1.56242e-05 	-0.00019827
0.116957 	104.165 	-1.47396e-05 	-0.000205289
0.117211 	104.423 	-1.47396e-05 	-0.000205289
0.117465 	104.682 	-1.47396e-05 	-0.000205289
0.11772 	104.94 	-1.47396e-05 	-0.000205289
0.117974 	105.199 	-1.47396e-05 	-0.000205289
0.118228 	105.449 	-1.41694e-05 	-0.00021234
0.118482 	105.691 	-1.41694e-05 	-0.00021234
0.118737 	105.933 	-1.41694e-05 	-0.00021234
0.118991 	106.175 	-1.41694e-05 	-0.00021234
0.119245 	106.417 	-1.41694e-05 	-0.00021234
0.119499 	106.651 	-1.33953e-05 	-0.000217227
0.119754 	106.875 	-1.33953e-05 	-0.000217227
0.120008 	107.1 	-1.33953e-05 	-0.000217227
0.120262 	107.325 	-1.33953e-05 	-0.000217227
0.120517 	107.549 	-1.33953e-05 	-0.000217227
0.120771 	107.764 	-1.2755e-05 	-0.000224872
0.121025 	107.968 	-1.2755e-05 	-0.000224872
0.121279 	108.173 	-1.2755e-05 	-0.000224872
0.121534 	108.377 	-1.2755e-05 	-0.000224872
0.121788 	108.581 	-1.2755e-05 	-0.000224872
0.122042 	108.775 	-1.19739e-05 	-0.000227564
0.122296 	108.957 	-1.19739e-05 	-0.000227564
0.122551 	109.139 	-1.19739e-05 	-0.000227564
0.122805 	109.321 	-1.19739e-05 	-0.000227564
0.123059 	109.503 	-1.19739e-05 	-0.000227564
0.123313 	109.674 	-1.13896e-05 	-0.000234132
0.123568 	109.832 	-1.13896e-05 	-0.000234132
0.123822 	109.99 	-1.13896e-05 	-0.000234132
0.124076 	110.148 	-1.13896e-05 	-0.000234132
0.12433 	110.306 	-1.13896e-05 	-0.000234132
0.124585 	110.453 	-1.07949e-05 	-0.000234831
0.124839 	110.586 	-1.07949e-05 	-0.000234831
0.125093 	110.72 	-1.07949e-05 	-0.000234831
0.125347 	110.854 	-1.07949e-05 	-0.000234831
0.125602 	110.987 	-1.07949e-05 	-0.000234831
0.125856 	111.108 	-1.01219e-05 	-0.000240438
0.12611 	111.216 	-1.01219e-05 	-0.000240438
0.126364 	111.324 	-1.01219e-05 	-0.000240438
0.126619 	111.432 	-1.01219e-05 	-0.000240438
0.126873 	111.54 	-1.01219e-05 	-0.000240438
0.127127 	111.635 	-9.73968e-06 	-0.000239443
0.127381 	111.717 	-9.73968e-06 	-0.000239443
0.127636 	111.799 	-9.73968e-06 	-0.000239443
0.12789 	111.881 	-9.73968e-06 	-0.000239443
0.128144 	111.963 	-9.73968e-06 	-0.000239443
0.128398 	112.032 	-9.09787e-06 	-0.000243513
0.128653 	112.089 	-9.09787e-06 	-0.000243513
0.128907 	112.146 	-9.09787e-06 	-0.000243513
0.129161 	112.202 	-9.09787e-06 	-0.000243513
0.129415 	112.259 	-9.09787e-06 	-0.000243513
0.12967 	112.303 	-9.07784e-06 	-0.000243383
0.129924 	112.335 	-9.07784e-06 	-0.000243383
0.130178 	112.367 	-9.07784e-06 	-0.000243383
0.130432 	112.399 	-9.07784e-06 	-0.000243383
0.130687 	112.431 	-9.07784e-06 	-0.000243383
0.130941 	112.45 	-7.51667e-06 	-0.000246524
0.131195 	112.457 	-7.51667e-06 	-0.000246524
0.131449 	112.464 	-7.51667e-06 	-0.000246524
0.131704 	112.471 	-7.51667e-06 	-0.000246524
0.131958 	112.478 	-7.51667e-06 	-0.000246524
0.132212 	112.461 	-7.28987e-06 	-0.000247485
0.132466 	112.423 	-7.28987e-06 	-0.000247485
0.132721 	112.384 	-7.28987e-06 	-0.000247485
0.132975 	112.346 	-7.28987e-06 	-0.000247485
0.133229 	112.307 	-7.28987e-06 	-0.000247485
0.133483 	112.237 	-7.10128e-06 	-0.000248443
0.133738 	112.138 	-7.10128e-06 	-0.000248443
0.133992 	112.039 	-7.10128e-06 	-0.000248443
0.134246 	111.94 	-7.10128e-06 	-0.000248443
0.134501 	111.841 	-7.10128e-06 	-0.000248443
0.134755 	111.719 	-6.64382e-06 	-0.000251245
0.135009 	111.579 	-6.64382e-06 	-0.000251245
0.135263 	111.438 	-6.64382e-06 	-0.000251245
0.135518 	111.297 	-6.64382e-06 	-0.000251245
0.135772 	111.157 	-6.64382e-06 	-0.000251245
0.136026 	110.999 	-6.51711e-06 	-0.000252212
0.13628 	110.827 	-6.51711e-06 	-0.000252212
0.136535 	110.655 	-6.51711e-06 	-0.000252212
0.136789 	110.483 	-6.51711e-06 	-0.000252212
0.137043 	110.311 	-6.51711e-06 	-0.000252212
0.137297 	110.128 	-5.75283e-06 	-0.000255008
0.137552 	109.935 	-5.75283e-06 	-0.000255008
0.137806 	109.742 	-5.75283e-06 	-0.000255008
0.13806 	109.55 	-5.75283e-06 	-0.000255008
0.138314 	109.357 	-5.75283e-06 	-0.000255008
0.138569 	109.163 	-5.82305e-06 	-0.000255157
0.138823 	108.966 	-5.82305e-06 	-0.000255157
0.139077 	108.77 	-5.82305e-06 	-0.000255157
0.139331 	108.573 	-5.82305e-06 	-0.000255157
0.139586 	108.377 	-5.82305e-06 	-0.000255157
0.13984 	108.187 	-5.15625e-06 	-0.000257945
0.140094 	108.003 	-5.15625e-06 	-0.000257945
0.140348 	107.819 	-5.15625e-06 	-0.000257945
0.140603 	107.634 	-5.15625e-06 	-0.000257945
0.140857 	107.45 	-5.15625e-06 	-0.000257945
0.141111 	107.276 	-5.0935e-06 	-0.000257454
0.141365 	107.111 	-5.0935e-06 	-0.000257454
0.14162 	106.946 	-5.0935e-06 	-0.000257454
0.141874 	106.781 	-5.0935e-06 	-0.000257454
0.142128 	106.616 	-5.0935e-06 	-0.000257454
0.142382 	106.46 	-4.35523e-06 	-0.000258685
0.142637 	106.312 	-4.35523e-06 	-0.000258685
0.142891 	106.164 	-4.35523e-06 	-0.000258685
0.143145 	106.016 	-4.35523e-06 	-0.000258685
0.143399 	105.868 	-4.35523e-06 	-0.000258685
0.143654 	105.726 	-4.38164e-06 	-0.000256652
0.143908 	105.588 	-4.38164e-06 	-0.000256652
0.144162 	105.451 	-4.38164e-06 	-0.000256652
0.144416 	105.313 	-4.38164e-06 	-0.000256652
0.144671 	105.176 	-4.38164e-06 	-0.000256652
0.144925 	105.039 	-3.84831e-06 	-0.000256222
0.145179 	104.902 	-3.84831e-06 	-0.000256222
0.145433 	104.765 	-3.84831e-06 	-0.000256222
0.145688 	104.628 	-3.84831e-06 	-0.000256222
0.145942 	104.491 	-3.84831e-06 	-0.000256222
0.146196 	104.351 	-4.03992e-06 	-0.000252728
0.14645 	104.207 	-4.03992e-06 	-0.000252728
0.146705 	104.064 	-4.03992e-06 	-0.000252728
0.146959 	103.921 	-4.03992e-06 	-0.000252728
0.147213 	103.778 	-4.03992e-06 	-0.000252728
0.147467 	103.628 	-3.69188e-06 	-0.000250023
0.147722 	103.474 	-3.69188e-06 	-0.000250023
0.147976 	103.32 	-3.69188e-06 	-0.000250023
0.14823 	103.165 	-3.69188e-06 	-0.000250023
0.148484 	103.011 	-3.69188e-06 	-0.000250023
0.148739 	102.85 	-4.11727e-06 	-0.000244723
0.148993 	102.685 	-4.11727e-06 	-0.000244723
0.149247 	102.519 	-4.11727e-06 	-0.000244723
0.149502 	102.353 	-4.11727e-06 	-0.000244723
0.149756 	102.188 	-4.11727e-06 	-0.000244723
0.15001 	102.016 	-3.93603e-06 	-0.000240348
0.150264 	101.841 	-3.93603e-06 	-0.000240348
0.150519 	101.665 	-3.93603e-06 	-0.000240348
0.150773 	101.49 	-3.93603e-06 	-0.000240348
0.151027 	101.315 	-3.93603e-06 	-0.000240348
0.151281 	101.136 	-4.39185e-06 	-0.000233683
0.151536 	100.956 	-4.39185e-06 	-0.000233683
0.15179 	100.776 	-4.39185e-06 	-0.000233683
0.152044 	100.595 	-4.39185e-06 	-0.000233683
0.152298 	100.415 	-4.39185e-06 	-0.000233683
0.152553 	100.234 	-4.26231e-06 	-0.000227593
0.152807 	100.052 	-4.26231e-06 	-0.000227593
0.153061 	99.8693 	-4.26231e-06 	-0.000227593
0.153315 	99.687 	-4.26231e-06 	-0.000227593
0.15357 	99.5048 	-4.26231e-06 	-0.000227593
0.153824 	99.3226 	-4.66789e-06 	-0.000219687
0.154078 	99.1406 	-4.66789e-06 	-0.000219687
0.154332 	98.9586 	-4.66789e-06 	-0.000219687
0.154587 	98.7766 	-4.66789e-06 	-0.000219687
0.154841 	98.5945 	-4.66789e-06 	-0.000219687
0.155095 	98.4136 	-4.60912e-06 	-0.000212683
0.155349 	98.2334 	-4.60912e-06 	-0.000212683
0.155604 	98.0531 	-4.60912e-06 	-0.000212683
0.155858 	97.8729 	-4.60912e-06 	-0.000212683
0.156112 	97.6926 	-4.60912e-06 	-0.000212683
0.156366 	97.5138 	-4.97033e-06 	-0.000204437
0.156621 	97.3359 	-4.97033e-06 	-0.000204437
0.156875 	97.1581 	-4.97033e-06 	-0.000204437
0.157129 	96.9802 	-4.97033e-06 	-0.000204437
0.157383 	96.8023 	-4.97033e-06 	-0.000204437
0.157638 	96.6251 	-4.94036e-06 	-0.000197254
0.157892 	96.4484 	-4.94036e-06 	-0.000197254
0.158146 	96.2716 	-4.94036e-06 	-0.000197254
0.1584 	96.0949 	-4.94036e-06 	-0.000197254
0.158655 	95.9182 	-4.94036e-06 	-0.000197254
0.158909 	95.7416 	-5.31206e-06 	-0.000189241
0.159163 	95.565 	-5.31206e-06 	-0.000189241
0.159417 	95.3885 	-5.31206e-06 	-0.000189241
0.159672 	95.2119 	-5.31206e-06 	-0.000189241
0.159926 	95.0354 	-5.31206e-06 	-0.000189241
0.16018 	94.859 	-5.27479e-06 	-0.000181753
0.160434 	94.6828 	-5.27479e-06 	-0.000181753
0.160689 	94.5066 	-5.27479e-06 	-0.000181753
0.160943 	94.3304 	-5.27479e-06 	-0.000181753
0.161197 	94.1542 	-5.27479e-06 	-0.000181753
0.161451 	93.9778 	-5.69876e-06 	-0.00017313
0.161706 	93.8014 	-5.69876e-06 	-0.00017313
0.16196 	93.6249 	-5.69876e-06 	-0.00017313
0.162214 	93.4484 	-5.69876e-06 	-0.00017313
0.162468 	93.272 	-5.69876e-06 	-0.00017313
0.162723 	93.0958 	-5.70409e-06 	-0.000164389
0.162977 	92.9197 	-5.70409e-06 	-0.000164389
0.163231 	92.7437 	-5.70409e-06 	-0.000164389
0.163485 	92.5676 	-5.70409e-06 	-0.000164389
0.16374 	92.3916 	-5.70409e-06 	-0.000164389
0.163994 	92.2155 	-6.24675e-06 	-0.000154065
0.164248 	92.0395 	-6.24675e-06 	-0.000154065
0.164503 	91.8634 	-6.24675e-06 	-0.000154065
0.164757 	91.6874 	-6.24675e-06 	-0.000154065
0.165011 	91.5113 	-6.24675e-06 	-0.000154065
0.165265 	91.3362 	-6.37366e-06 	-0.000142361
0.16552 	91.1616 	-6.37366e-06 	-0.000142361
0.165774 	90.987 	-6.37366e-06 	-0.000142361
0.166028 	90.8124 	-6.37366e-06 	-0.000142361
0.166282 	90.6377 	-6.37366e-06 	-0.000142361
0.166537 	90.4639 	-7.08974e-06 	-0.000128493
0.166791 	90.2905 	-7.08974e-06 	-0.000128493
0.167045 	90.1172 	-7.08974e-06 	-0.000128493
0.167299 	89.9438 	-7.08974e-06 	-0.000128493
0.167554 	89.7704 	-7.08974e-06 	-0.000128493
0.167808 	89.5983 	-7.25967e-06 	-0.000113
0.168062 	89.4269 	-7.25967e-06 	-0.000113
0.168316 	89.2555 	-7.25967e-06 	-0.000113
0.168571 	89.0841 	-7.25967e-06 	-0.000113
0.168825 	88.9127 	-7.25967e-06 	-0.000113
0.169079 	88.7424 	-8.02853e-06 	-9.58782e-05
0.169333 	88.5726 	-8.02853e-06 	-9.58782e-05
0.169588 	88.4029 	-8.02853e-06 	-9.58782e-05
0.169842 	88.2331 	-8.02853e-06 	-9.58782e-05
0.170096 	88.0633 	-8.02853e-06 	-9.58782e-05
0.17035 	87.8948 	-8.09203e-06 	-7.78266e-05
0.170605 	87.727 	-8.09203e-06 	-7.78266e-05
0.170859 	87.5592 	-8.09203e-06 	-7.78266e-05
0.171113 	87.3914 	-8.09203e-06 	-7.78266e-05
0.171367 	87.2235 	-8.09203e-06 	-7.78266e-05
0.171622 	87.0572 	-8.71571e-06 	-5.85521e-05
0.171876 	86.8917 	-8.71571e-06 	-5.85521e-05
0.17213 	86.7261 	-8.71571e-06 	-5.85521e-05
0.172384 	86.5606 	-8.71571e-06 	-5.85521e-05
0.172639 	86.395 	-8.71571e-06 	-5.85521e-05
0.172893 	86.2304 	-8.49228e-06 	-4.07414e-05
0.173147 	86.0664 	-8.49228e-06 	-4.07414e-05
0.173401 	85.9023 	-8.49228e-06 	-4.07414e-05
0.173656 	85.7382 	-8.49228e-06 	-4.07414e-05
0.17391 	85.5741 	-8.49228e-06 	-4.07414e-05
0.174164 	85.4114 	-8.80251e-06 	-2.41137e-05
0.174418 	85.2492 	-8.80251e-06 	-2.41137e-05
0.174673 	85.0871 	-8.80251e-06 	-2.41137e-05
0.174927 	84.925 	-8.80251e-06 	-2.41137e-05
0.175181 	84.7628 	-8.80251e-06 	-2.41137e-05
0.175435 	84.6017 	-8.26419e-06 	-1.27112e-05
0.17569 	84.4409 	-8.26419e-06 	-1.27112e-05
0.175944 	84.2802 	-8.26419e-06 	-1.27112e-05
0.176198 	84.1195 	-8.26419e-06 	-1.27112e-05
0.176452 	83.9587 	-8.26419e-06 	-1.27112e-05
0.176707 	83.7996 	-8.26489e-06 	-3.43917e-06
0.176961 	83.6412 	-8.26489e-06 	-3.43917e-06
0.177215 	83.4828 	-8.26489e-06 	-3.43917e-06
0.177469 	83.3243 	-8.26489e-06 	-3.43917e-06
0.177724 	83.1659 	-8.26489e-06 	-3.43917e-06
0.177978 	83.0091 	-7.82913e-06 	-7.988e-07
0.178232 	82.8529 	-7.82913e-06 	-7.988e-07
0.178486 	82.6967 	-7.82913e-06 	-7.988e-07
0.178741 	82.5405 	-7.82913e-06 	-7.988e-07
0.178995 	82.3843 	-7.82913e-06 	-7.988e-07
0.179249 	82.2298 	-7.81997e-06 	8.68202e-07
0.179504 	82.0759 	-7.81997e-06 	8.68202e-07
0.179758 	81.9221 	-7.81997e-06 	8.68202e-07
0.180012 	81.7682 	-7.81997e-06 	8.68202e-07
0.180266 	81.6144 	-7.81997e-06 	8.68202e-07
0.180521 	81.4627 	-7.46326e-06 	-3.30096e-06
0.180775 	81.3118 	-7.46326e-06 	-3.30096e-06
0.181029 	81.161 	-7.46326e-06 	-3.30096e-06
0.181283 	81.0102 	-7.46326e-06 	-3.30096e-06
0.181538 	80.8594 	-7.46326e-06 	-3.30096e-06
0.181792 	80.7102 	-7.46942e-06 	-5.26622e-06
0.182046 	80.5618 	-7.46942e-06 	-5.26622e-06
0.1823 	80.4133 	-7.46942e-06 	-5.26622e-06
0.182555 	80.2648 	-7.46942e-06 	-5.26622e-06
0.182809 	80.1163 	-7.46942e-06 	-5.26622e-06
0.183063 	79.9703 	-7.13258e-06 	-1.04708e-05
0.183317 	79.8253 	-7.13258e-06 	-1.04708e-05
0.183572 	79.6803 	-7.13258e-06 	-1.04708e-05
0.183826 	79.5353 	-7.13258e-06 	-1.04708e-05
0.18408 	79.3903 	-7.13258e-06 	-1.04708e-05
0.184334 	79.2471 	-7.12244e-06 	-1.05664e-05
0.184589 	79.1046 	-7.12244e-06 	-1.05664e-05
0.184843 	78.9621 	-7.12244e-06 	-1.05664e-05
0.185097 	78.8196 	-7.12244e-06 	-1.05664e-05
0.185351 	78.6771 	-7.12244e-06 	-1.05664e-05
0.185606 	78.5368 	-6.83211e-06 	-1.18885e-05
0.18586 	78.3973 	-6.83211e-06 	-1.18885e-05
0.186114 	78.2579 	-6.83211e-06 	-1.18885e-05
0.186368 	78.1184 	-6.83211e-06 	-1.18885e-05
0.186623 	77.9789 	-6.83211e-06 	-1.18885e-05
0.186877 	77.8414 	-6.83703e-06 	-7.35242e-06
0.187131 	77.7047 	-6.83703e-06 	-7.35242e-06
0.187385 	77.568 	-6.83703e-06 	-7.35242e-06
0.18764 	77.4313 	-6.83703e-06 	-7.35242e-06
0.187894 	77.2946 	-6.83703e-06 	-7.35242e-06
0.188148 	77.1593 	-6.50859e-06 	-3.55177e-06
0.188402 	77.0245 	-6.50859e-06 	-3.55177e-06
0.188657 	76.8898 	-6.50859e-06 	-3.55177e-06
0.188911 	76.755 	-6.50859e-06 	-3.55177e-06
0.189165 	76.6203 	-6.50859e-06 	-3.55177e-06
0.189419 	76.4879 	-6.51626e-06 	4.83221e-06
0.189674 	76.3564 	-6.51626e-06 	4.83221e-06
0.189928 	76.2248 	-6.51626e-06 	4.83221e-06
0.190182 	76.0933 	-6.51626e-06 	4.83221e-06
0.190436 	75.9617 	-6.51626e-06 	4.83221e-06
0.190691 	75.8315 	-6.11323e-06 	1.13113e-05
0.190945 	75.7017 	-6.11323e-06 	1.13113e-05
0.191199 	75.572 	-6.11323e-06 	1.13113e-05
0.191453 	75.4422 	-6.11323e-06 	1.13113e-05
0.191708 	75.3124 	-6.11323e-06 	1.13113e-05
0.191962 	75.1851 	-6.11495e-06 	1.9122e-05
0.192216 	75.0586 	-6.11495e-06 	1.9122e-05
0.19247 	74.9321 	-6.11495e-06 	1.9122e-05
0.192725 	74.8057 	-6.11495e-06 	1.9122e-05
0.192979 	74.6792 	-6.11495e-06 	1.9122e-05
0.193233 	74.5544 	-5.69781e-06 	2.25851e-05
0.193487 	74.4302 	-5.69781e-06 	2.25851e-05
0.193742 	74.306 	-5.69781e-06 	2.25851e-05
0.193996 	74.1818 	-5.69781e-06 	2.25851e-05
0.19425 	74.0576 	-5.69781e-06 	2.25851e-05
0.194505 	73.9353 	-5.63101e-06 	2.50034e-05
0.194759 	73.8137 	-5.63101e-06 	2.50034e-05
0.195013 	73.6921 	-5.63101e-06 	2.50034e-05
0.195267 	73.5705 	-5.63101e-06 	2.50034e-05
0.195522 	73.4489 	-5.63101e-06 	2.50034e-05
0.195776 	73.33 	-5.44204e-06 	2.25941e-05
0.19603 	73.2119 	-5.44204e-06 	2.25941e-05
0.196284 	73.0938 	-5.44204e-06 	2.25941e-05
0.196539 	72.9757 	-5.44204e-06 	2.25941e-05
0.196793 	72.8576 	-5.44204e-06 	2.25941e-05
0.197047 	72.7413 	-5.45796e-06 	1.97285e-05
0.197301 	72.6257 	-5.45796e-06 	1.97285e-05
0.197556 	72.51 	-5.45796e-06 	1.97285e-05
0.19781 	72.3943 	-5.45796e-06 	1.97285e-05
0.198064 	72.2787 	-5.45796e-06 	1.97285e-05
0.198318 	72.1662 	-5.33494e-06 	1.37467e-05
0.198573 	72.0546 	-5.33494e-06 	1.37467e-05
0.198827 	71.9431 	-5.33494e-06 	1.37467e-05
0.199081 	71.8315 	-5.33494e-06 	1.37467e-05
0.199335 	71.7199 	-5.33494e-06 	1.37467e-05
0.19959 	71.6106 	-5.29532e-06 	9.30568e-06
0.199844 	71.5019 	-5.29532e-06 	9.30568e-06
0.200098 	71.3932 	-5.29532e-06 	9.30568e-06
0.200352 	71.2845 	-5.29532e-06 	9.30568e-06
0.200607 	71.1758 	-5.29532e-06 	9.30568e-06
0.200861 	71.0695 	-5.20533e-06 	4.62673e-06
0.201115 	70.9639 	-5.20533e-06 	4.62673e-06
0.201369 	70.8583 	-5.20533e-06 	4.62673e-06
0.201624 	70.7527 	-5.20533e-06 	4.62673e-06
0.201878 	70.6471 	-5.20533e-06 	4.62673e-06
0.202132 	70.5441 	-5.11446e-06 	3.25429e-06
0.202386 	70.4417 	-5.11446e-06 	3.25429e-06
0.202641 	70.3393 	-5.11446e-06 	3.25429e-06
0.202895 	70.2369 	-5.11446e-06 	3.25429e-06
0.203149 	70.1345 	-5.11446e-06 	3.25429e-06
0.203403 	70.0332 	-4.9803e-06 	3.08312e-06
0.203658 	69.9323 	-4.9803e-06 	3.08312e-06
0.203912 	69.8313 	-4.9803e-06 	3.08312e-06
0.204166 	69.7304 	-4.9803e-06 	3.08312e-06
0.20442 	69.6294 	-4.9803e-06 	3.08312e-06
0.204675 	69.5308 	-4.85004e-06 	5.51893e-06
0.204929 	69.4329 	-4.85004e-06 	5.51893e-06
0.205183 	69.3349 	-4.85004e-06 	5.51893e-06
0.205437 	69.2369 	-4.85004e-06 	5.51893e-06
0.205692 	69.139 	-4.85004e-06 	5.51893e-06
0.205946 	69.042 	-4.66155e-06 	7.99174e-06
0.2062 	68.9454 	-4.66155e-06 	7.99174e-06
0.206454 	68.8487 	-4.66155e-06 	7.99174e-06
0.206709 	68.752 	-4.66155e-06 	7.99174e-06
0.206963 	68.6554 	-4.66155e-06 	7.99174e-06
0.207217 	68.5608 	-4.54092e-06 	1.15468e-05
0.207471 	68.4668 	-4.54092e-06 	1.15468e-05
0.207726 	68.3728 	-4.54092e-06 	1.15468e-05
0.20798 	68.2788 	-4.54092e-06 	1.15468e-05
0.208234 	68.1847 	-4.54092e-06 	1.15468e-05
0.208488 	68.092 	-4.35597e-06 	1.24514e-05
0.208743 	67.9997 	-4.35597e-06 	1.24514e-05
0.208997 	67.9073 	-4.35597e-06 	1.24514e-05
0.209251 	67.8149 	-4.35597e-06 	1.24514e-05
0.209506 	67.7225 	-4.35597e-06 	1.24514e-05
0.20976 	67.6333 	-4.29715e-06 	1.31477e-05
0.210014 	67.5447 	-4.29715e-06 	1.31477e-05
0.210268 	67.4562 	-4.29715e-06 	1.31477e-05
0.210523 	67.3677 	-4.29715e-06 	1.31477e-05
0.210777 	67.2791 	-4.29715e-06 	1.31477e-05
0.211031 	67.1927 	-4.2285e-06 	1.04507e-05
0.211285 	67.1067 	-4.2285e-06 	1.04507e-05
0.21154 	67.0206 	-4.2285e-06 	1.04507e-05
0.211794 	66.9346 	-4.2285e-06 	1.04507e-05
0.212048 	66.8486 	-4.2285e-06 	1.04507e-05
0.212302 	66.7672 	-4.27365e-06 	7.68622e-06
0.212557 	66.6868 	-4.27365e-06 	7.68622e-06
0.212811 	66.6064 	-4.27365e-06 	7.68622e-06
0.213065 	66.5259 	-4.27365e-06 	7.68622e-06
0.213319 	66.4455 	-4.27365e-06 	7.68622e-06
0.213574 	66.368 	-4.19832e-06 	3.86353e-06
0.213828 	66.2911 	-4.19832e-06 	3.86353e-06
0.214082 	66.2142 	-4.19832e-06 	3.86353e-06
0.214336 	66.1374 	-4.19832e-06 	3.86353e-06
0.214591 	66.0605 	-4.19832e-06 	3.86353e-06
0.214845 	65.9879 	-4.17747e-06 	1.58431e-06
0.215099 	65.916 	-4.17747e-06 	1.58431e-06
0.215353 	65.8442 	-4.17747e-06 	1.58431e-06
0.215608 	65.7724 	-4.17747e-06 	1.58431e-06
0.215862 	65.7006 	-4.17747e-06 	1.58431e-06
0.216116 	65.6308 	-4.14873e-06 	4.85343e-07
0.21637 	65.5614 	-4.14873e-06 	4.85343e-07
0.216625 	65.4919 	-4.14873e-06 	4.85343e-07
0.216879 	65.4225 	-4.14873e-06 	4.85343e-07
0.217133 	65.353 	-4.14873e-06 	4.85343e-07
0.217387 	65.2843 	-3.9046e-06 	1.64785e-06
0.217642 	65.2157 	-3.9046e-06 	1.64785e-06
0.217896 	65.1472 	-3.9046e-06 	1.64785e-06
0.21815 	65.0786 	-3.9046e-06 	1.64785e-06
0.218404 	65.01 	-3.9046e-06 	1.64785e-06
0.218659 	64.942 	-3.78927e-06 	3.82142e-06
0.218913 	64.8742 	-3.78927e-06 	3.82142e-06
0.219167 	64.8063 	-3.78927e-06 	3.82142e-06
0.219421 	64.7384 	-3.78927e-06 	3.82142e-06
0.219676 	64.6705 	-3.78927e-06 	3.82142e-06
0.21993 	64.6016 	-3.39251e-06 	6.63018e-06
0.220184 	64.5325 	-3.39251e-06 	6.63018e-06
0.220438 	64.4635 	-3.39251e-06 	6.63018e-06
0.220693 	64.3944 	-3.39251e-06 	6.63018e-06
0.220947 	64.3253 	-3.39251e-06 	6.63018e-06
0.221201 	64.257 	-3.03136e-06 	9.58563e-06
0.221455 	64.1887 	-3.03136e-06 	9.58563e-06
0.22171 	64.1204 	-3.03136e-06 	9.58563e-06
0.221964 	64.0521 	-3.03136e-06 	9.58563e-06
0.222218 	63.9839 	-3.03136e-06 	9.58563e-06
0.222472 	63.9156 	-3.06835e-06 	1.11552e-05
0.222727 	63.8473 	-3.06835e-06 	1.11552e-05
0.222981 	63.779 	-3.06835e-06 	1.11552e-05
0.223235 	63.7107 	-3.06835e-06 	1.11552e-05
0.223489 	63.6424 	-3.06835e-06 	1.11552e-05
0.223744 	63.5765 	-2.55424e-06 	1.1308e-05
0.223998 	63.5109 	-2.55424e-06 	1.1308e-05
0.224252 	63.4454 	-2.55424e-06 	1.1308e-05
0.224507 	63.3798 	-2.55424e-06 	1.1308e-05
0.224761 	63.3142 	-2.55424e-06 	1.1308e-05
0.225015 	63.2523 	-3.12459e-06 	9.56645e-06
0.225269 	63.191 	-3.12459e-06 	9.56645e-06
0.225524 	63.1296 	-3.12459e-06 	9.56645e-06
0.225778 	63.0683 	-3.12459e-06 	9.56645e-06
0.226032 	63.0069 	-3.12459e-06 	9.56645e-06
0.226286 	62.9515 	-2.49683e-06 	6.62489e-06
0.226541 	62.8968 	-2.49683e-06 	6.62489e-06
0.226795 	62.8422 	-2.49683e-06 	6.62489e-06
0.227049 	62.7875 	-2.49683e-06 	6.62489e-06
0.227303 	62.7328 	-2.49683e-06 	6.62489e-06
0.227558 	62.6841 	-3.26332e-06 	2.33268e-06
0.227812 	62.6361 	-3.26332e-06 	2.33268e-06
0.228066 	62.588 	-3.26332e-06 	2.33268e-06
0.22832 	62.54 	-3.26332e-06 	2.33268e-06
0.228575 	62.4919 	-3.26332e-06 	2.33268e-06
0.228829 	62.4514 	-2.58255e-06 	-9.90244e-07
0.229083 	62.4117 	-2.58255e-06 	-9.90244e-07
0.229337 	62.3719 	-2.58255e-06 	-9.90244e-07
0.229592 	62.3322 	-2.58255e-06 	-9.90244e-07
0.229846 	62.2925 	-2.58255e-06 	-9.90244e-07
0.2301 	62.2579 	-3.42924e-06 	-3.44098e-06
0.230354 	62.2238 	-3.42924e-06 	-3.44098e-06
0.230609 	62.1898 	-3.42924e-06 	-3.44098e-06
0.230863 	62.1557 	-3.42924e-06 	-3.44098e-06
0.231117 	62.1216 	-3.42924e-06 	-3.44098e-06
0.231371 	62.0904 	-2.56272e-06 	-3.38174e-06
0.231626 	62.0595 	-2.56272e-06 	-3.38174e-06
0.23188 	62.0285 	-2.56272e-06 	-3.38174e-06
0.232134 	61.9976 	-2.56272e-06 	-3.38174e-06
0.232388 	61.9667 	-2.56272e-06 	-3.38174e-06
0.232643 	61.935 	-3.0342e-06 	-1.8438e-06
0.232897 	61.9032 	-3.0342e-06 	-1.8438e-06
0.233151 	61.8714 	-3.0342e-06 	-1.8438e-06
0.233405 	61.8396 	-3.0342e-06 	-1.8438e-06
0.23366 	61.8079 	-3.0342e-06 	-1.8438e-06
0.233914 	61.7723 	-1.81559e-06 	1.80313e-06
0.234168 	61.7364 	-1.81559e-06 	1.80313e-06
0.234422 	61.7006 	-1.81559e-06 	1.80313e-06
0.234677 	61.6647 	-1.81559e-06 	1.80313e-06
0.234931 	61.6288 	-1.81559e-06 	1.80313e-06
0.235185 	61.5869 	-2.19497e-06 	4.12252e-06
0.235439 	61.5444 	-2.19497e-06 	4.12252e-06
0.235694 	61.502 	-2.19497e-06 	4.12252e-06
0.235948 	61.4596 	-2.19497e-06 	4.12252e-06
0.236202 	61.4172 	-2.19497e-06 	4.12252e-06
0.236456 	61.3717 	-1.66434e-06 	6.08613e-06
0.236711 	61.326 	-1.66434e-06 	6.08613e-06
0.236965 	61.2802 	-1.66434e-06 	6.08613e-06
0.237219 	61.2345 	-1.66434e-06 	6.08613e-06
0.237473 	61.1888 	-1.66434e-06 	6.08613e-06
0.237728 	61.1439 	-2.32328e-06 	5.86305e-06
0.237982 	61.099 	-2.32328e-06 	5.86305e-06
0.238236 	61.0541 	-2.32328e-06 	5.86305e-06
0.23849 	61.0093 	-2.32328e-06 	5.86305e-06
0.238745 	60.9644 	-2.32328e-06 	5.86305e-06
0.238999 	60.9247 	-1.83809e-06 	4.46657e-06
0.239253 	60.8853 	-1.83809e-06 	4.46657e-06
0.239508 	60.8458 	-1.83809e-06 	4.46657e-06
0.239762 	60.8064 	-1.83809e-06 	4.46657e-06
0.240016 	60.767 	-1.83809e-06 	4.46657e-06
0.24027 	60.7369 	-1.59658e-06 	1.8753e-06
0.240525 	60.7072 	-1.59658e-06 	1.8753e-06
0.240779 	60.6776 	-1.59658e-06 	1.8753e-06
0.241033 	60.648 	-1.59658e-06 	1.8753e-06
0.241287 	60.6184 	-1.59658e-06 	1.8753e-06
0.241542 	60.5976 	-1.29391e-06 	1.43587e-07
0.241796 	60.5772 	-1.29391e-06 	1.43587e-07
0.24205 	60.5569 	-1.29391e-06 	1.43587e-07
0.242304 	60.5365 	-1.29391e-06 	1.43587e-07
0.242559 	60.5162 	-1.29391e-06 	1.43587e-07
0.242813 	60.5044 	2.48235e-08 	-1.14842e-06
0.243067 	60.493 	2.48235e-08 	-1.14842e-06
0.243321 	60.4816 	2.48235e-08 	-1.14842e-06
0.243576 	60.4702 	2.48235e-08 	-1.14842e-06
0.24383 	60.4588 	2.48235e-08 	-1.14842e-06
0.244084 	60.45 	-3.2729e-07 	-1.63328e-06
0.244338 	60.4414 	-3.2729e-07 	-1.63328e-06
0.244593 	60.4328 	-3.2729e-07 	-1.63328e-06
0.244847 	60.4242 	-3.2729e-07 	-1.63328e-06
0.245101 	60.4155 	-3.2729e-07 	-1.63328e-06
0.245355 	60.4085 	7.33324e-07 	-1.72847e-06
0.24561 	60.4015 	7.33324e-07 	-1.72847e-06
0.245864 	60.3945 	7.33324e-07 	-1.72847e-06
0.246118 	60.3875 	7.33324e-07 	-1.72847e-06
0.246372 	60.3806 	7.33324e-07 	-1.72847e-06
0.246627 	60.3724 	3.9707e-07 	-8.18388e-07
0.246881 	60.3641 	3.9707e-07 	-8.18388e-07
0.247135 	60.3559 	3.9707e-07 	-8.18388e-07
0.247389 	60.3476 	3.9707e-07 	-8.18388e-07
0.247644 	60.3394 	3.9707e-07 	-8.18388e-07
0.247898 	60.3291 	1.11155e-06 	-8.63369e-07
0.248152 	60.3188 	1.11155e-06 	-8.63369e-07
0.248406 	60.3085 	1.11155e-06 	-8.63369e-07
0.248661 	60.2983 	1.11155e-06 	-8.63369e-07
0.248915 	60.288 	1.11155e-06 	-8.63369e-07
0.249169 	60.2752 	4.35907e-07 	-8.87174e-07
0.249423 	60.2624 	4.35907e-07 	-8.87174e-07
0.249678 	60.2496 	4.35907e-07 	-8.87174e-07
0.249932 	60.2368 	4.35907e-07 	-8.87174e-07
0.250186 	60.224 	4.35907e-07 	-8.87174e-07
0.25044 	60.2135 	1.37265e-06 	-4.30025e-07
0.250695 	60.2029 	1.37265e-06 	-4.30025e-07
0.250949 	60.1924 	1.37265e-06 	-4.30025e-07
0.251203 	60.1819 	1.37265e-06 	-4.30025e-07
0.251457 	60.1713 	1.37265e-06 	-4.30025e-07
0.251712 	60.1535 	1.38201e-06 	-2.43389e-07
0.251966 	60.1356 	1.38201e-06 	-2.43389e-07
0.25222 	60.1177 	1.38201e-06 	-2.43389e-07
0.252474 	60.0998 	1.38201e-06 	-2.43389e-07
0.252729 	60.0819 	1.38201e-06 	-2.43389e-07
0.252983 	60.0641 	1.84915e-06 	-1.29943e-07
0.253237 	60.0463 	1.84915e-06 	-1.29943e-07
0.253491 	60.0285 	1.84915e-06 	-1.29943e-07
0.253746 	60.0107 	1.84915e-06 	-1.29943e-07
0.254 	59.9929 	1.53309e-07 	-6.80882e-08
