0 	6663.97
0.000254254 	6663.98
0.000508509 	6663.97
0.000762763 	6663.95
0.00101702 	6663.94
0.00127127 	6663.93
0.00152553 	6663.76
0.00177978 	6663.59
0.00203403 	6663.43
0.00228829 	6663.26
0.00254254 	6663.09
0.0027968 	6662.85
0.00305105 	6662.61
0.00330531 	6662.37
0.00355956 	6662.13
0.00381381 	6661.89
0.00406807 	6661.66
0.00432232 	6661.43
0.00457658 	6661.19
0.00483083 	6660.96
0.00508509 	6660.73
0.00533934 	6660.5
0.00559359 	6660.28
0.00584785 	6660.05
0.0061021 	6659.83
0.00635636 	6659.61
0.00661061 	6659.38
0.00686486 	6659.15
0.00711912 	6658.92
0.00737337 	6658.69
0.00762763 	6658.46
0.00788188 	6658.21
0.00813614 	6657.97
0.00839039 	6657.72
0.00864464 	6657.48
0.0088989 	6657.23
0.00915315 	6656.97
0.00940741 	6656.7
0.00966166 	6656.44
0.00991592 	6656.17
0.0101702 	6655.91
0.0104244 	6655.62
0.0106787 	6655.34
0.0109329 	6655.05
0.0111872 	6654.77
0.0114414 	6654.48
0.0116957 	6654.17
0.0119499 	6653.87
0.0122042 	6653.56
0.0124585 	6653.25
0.0127127 	6652.94
0.012967 	6652.61
0.0132212 	6652.28
0.0134755 	6651.94
0.0137297 	6651.61
0.013984 	6651.28
0.0142382 	6650.92
0.0144925 	6650.56
0.0147467 	6650.2
0.015001 	6649.84
0.0152553 	6649.48
0.0155095 	6649.09
0.0157638 	6648.71
0.016018 	6648.32
0.0162723 	6647.93
0.0165265 	6647.55
0.0167808 	6647.13
0.017035 	6646.71
0.0172893 	6646.3
0.0175435 	6645.88
0.0177978 	6645.46
0.0180521 	6645.01
0.0183063 	6644.57
0.0185606 	6644.12
0.0188148 	6643.67
0.0190691 	6643.22
0.0193233 	6642.74
0.0195776 	6642.26
0.0198318 	6641.78
0.0200861 	6641.3
0.0203403 	6640.82
0.0205946 	6640.31
0.0208488 	6639.79
0.0211031 	6639.28
0.0213574 	6638.76
0.0216116 	6638.25
0.0218659 	6637.7
0.0221201 	6637.15
0.0223744 	6636.6
0.0226286 	6636.05
0.0228829 	6635.5
0.0231371 	6634.91
0.0233914 	6634.33
0.0236456 	6633.74
0.0238999 	6633.15
0.0241542 	6632.56
0.0244084 	6631.94
0.0246627 	6631.32
0.0249169 	6630.69
0.0251712 	6630.07
0.0254254 	6629.44
0.0256797 	6628.78
0.0259339 	6628.12
0.0261882 	6627.45
0.0264424 	6626.79
0.0266967 	6626.12
0.026951 	6625.42
0.0272052 	6624.71
0.0274595 	6624.01
0.0277137 	6623.31
0.027968 	6622.6
0.0282222 	6621.85
0.0284765 	6621.11
0.0287307 	6620.36
0.028985 	6619.61
0.0292392 	6618.86
0.0294935 	6618.07
0.0297477 	6617.28
0.030002 	6616.49
0.0302563 	6615.7
0.0305105 	6614.91
0.0307648 	6614.07
0.031019 	6613.24
0.0312733 	6612.4
0.0315275 	6611.57
0.0317818 	6610.73
0.032036 	6609.84
0.0322903 	6608.96
0.0325445 	6608.08
0.0327988 	6607.2
0.0330531 	6606.31
0.0333073 	6605.38
0.0335616 	6604.45
0.0338158 	6603.52
0.0340701 	6602.59
0.0343243 	6601.65
0.0345786 	6600.67
0.0348328 	6599.69
0.0350871 	6598.71
0.0353413 	6597.72
0.0355956 	6596.74
0.0358498 	6595.7
0.0361041 	6594.67
0.0363584 	6593.64
0.0366126 	6592.6
0.0368669 	6591.56
0.0371211 	6590.47
0.0373754 	6589.39
0.0376296 	6588.3
0.0378839 	6587.21
0.0381381 	6586.11
0.0383924 	6584.97
0.0386466 	6583.82
0.0389009 	6582.68
0.0391552 	6581.54
0.0394094 	6580.38
0.0396637 	6579.18
0.0399179 	6577.98
0.0401722 	6576.77
0.0404264 	6575.57
0.0406807 	6574.36
0.0409349 	6573.1
0.0411892 	6571.83
0.0414434 	6570.57
0.0416977 	6569.3
0.041952 	6568.03
0.0422062 	6566.7
0.0424605 	6565.37
0.0427147 	6564.05
0.042969 	6562.72
0.0432232 	6561.38
0.0434775 	6559.99
0.0437317 	6558.6
0.043986 	6557.2
0.0442402 	6555.81
0.0444945 	6554.4
0.0447487 	6552.94
0.045003 	6551.48
0.0452573 	6550.02
0.0455115 	6548.56
0.0457658 	6547.08
0.04602 	6545.55
0.0462743 	6544.02
0.0465285 	6542.48
0.0467828 	6540.95
0.047037 	6539.41
0.0472913 	6537.8
0.0475455 	6536.19
0.0477998 	6534.58
0.0480541 	6532.98
0.0483083 	6531.35
0.0485626 	6529.67
0.0488168 	6527.98
0.0490711 	6526.3
0.0493253 	6524.61
0.0495796 	6522.91
0.0498338 	6521.15
0.0500881 	6519.38
0.0503423 	6517.62
0.0505966 	6515.85
0.0508509 	6514.07
0.0511051 	6512.22
0.0513594 	6510.37
0.0516136 	6508.52
0.0518679 	6506.67
0.0521221 	6504.81
0.0523764 	6502.87
0.0526306 	6500.93
0.0528849 	6499
0.0531391 	6497.06
0.0533934 	6495.11
0.0536476 	6493.08
0.0539019 	6491.05
0.0541562 	6489.02
0.0544104 	6486.99
0.0546647 	6484.95
0.0549189 	6482.82
0.0551732 	6480.7
0.0554274 	6478.58
0.0556817 	6476.46
0.0559359 	6474.31
0.0561902 	6472.09
0.0564444 	6469.87
0.0566987 	6467.65
0.056953 	6465.43
0.0572072 	6463.18
0.0574615 	6460.86
0.0577157 	6458.53
0.05797 	6456.21
0.0582242 	6453.88
0.0584785 	6451.54
0.0587327 	6449.1
0.058987 	6446.67
0.0592412 	6444.24
0.0594955 	6441.81
0.0597497 	6439.35
0.060004 	6436.81
0.0602583 	6434.27
0.0605125 	6431.72
0.0607668 	6429.18
0.061021 	6426.61
0.0612753 	6423.95
0.0615295 	6421.29
0.0617838 	6418.63
0.062038 	6415.97
0.0622923 	6413.28
0.0625465 	6410.5
0.0628008 	6407.72
0.0630551 	6404.94
0.0633093 	6402.16
0.0635636 	6399.35
0.0638178 	6396.45
0.0640721 	6393.54
0.0643263 	6390.64
0.0645806 	6387.73
0.0648348 	6384.79
0.0650891 	6381.76
0.0653433 	6378.72
0.0655976 	6375.69
0.0658519 	6372.65
0.0661061 	6369.58
0.0663604 	6366.41
0.0666146 	6363.24
0.0668689 	6360.07
0.0671231 	6356.89
0.0673774 	6353.69
0.0676316 	6350.37
0.0678859 	6347.06
0.0681401 	6343.75
0.0683944 	6340.44
0.0686486 	6337.09
0.0689029 	6333.63
0.0691572 	6330.17
0.0694114 	6326.72
0.0696657 	6323.26
0.0699199 	6319.76
0.0701742 	6316.15
0.0704284 	6312.54
0.0706827 	6308.93
0.0709369 	6305.33
0.0711912 	6301.67
0.0714454 	6297.91
0.0716997 	6294.14
0.071954 	6290.37
0.0722082 	6286.61
0.0724625 	6282.8
0.0727167 	6278.87
0.072971 	6274.94
0.0732252 	6271.01
0.0734795 	6267.08
0.0737337 	6263.1
0.073988 	6259
0.0742422 	6254.9
0.0744965 	6250.8
0.0747508 	6246.7
0.075005 	6242.55
0.0752593 	6238.28
0.0755135 	6234.01
0.0757678 	6229.74
0.076022 	6225.47
0.0762763 	6221.15
0.0765305 	6216.7
0.0767848 	6212.26
0.077039 	6207.81
0.0772933 	6203.37
0.0775475 	6198.87
0.0778018 	6194.24
0.0780561 	6189.61
0.0783103 	6184.98
0.0785646 	6180.35
0.0788188 	6175.66
0.0790731 	6170.84
0.0793273 	6166.02
0.0795816 	6161.2
0.0798358 	6156.38
0.0800901 	6151.5
0.0803443 	6146.49
0.0805986 	6141.47
0.0808529 	6136.46
0.0811071 	6131.44
0.0813614 	6126.36
0.0816156 	6121.15
0.0818699 	6115.93
0.0821241 	6110.72
0.0823784 	6105.5
0.0826326 	6100.22
0.0828869 	6094.81
0.0831411 	6089.39
0.0833954 	6083.98
0.0836496 	6078.56
0.0839039 	6073.08
0.0841582 	6067.45
0.0844124 	6061.83
0.0846667 	6056.2
0.0849209 	6050.58
0.0851752 	6044.88
0.0854294 	6039.05
0.0856837 	6033.21
0.0859379 	6027.38
0.0861922 	6021.54
0.0864464 	6015.63
0.0867007 	6009.59
0.086955 	6003.54
0.0872092 	5997.49
0.0874635 	5991.45
0.0877177 	5985.33
0.087972 	5979.06
0.0882262 	5972.8
0.0884805 	5966.54
0.0887347 	5960.27
0.088989 	5953.94
0.0892432 	5947.47
0.0894975 	5940.99
0.0897518 	5934.52
0.090006 	5928.05
0.0902603 	5921.5
0.0905145 	5914.8
0.0907688 	5908.11
0.091023 	5901.41
0.0912773 	5894.71
0.0915315 	5887.94
0.0917858 	5881.03
0.09204 	5874.12
0.0922943 	5867.21
0.0925485 	5860.3
0.0928028 	5853.31
0.0930571 	5846.19
0.0933113 	5839.06
0.0935656 	5831.94
0.0938198 	5824.82
0.0940741 	5817.62
0.0943283 	5810.29
0.0945826 	5802.96
0.0948368 	5795.63
0.0950911 	5788.3
0.0953453 	5780.89
0.0955996 	5773.36
0.0958539 	5765.83
0.0961081 	5758.3
0.0963624 	5750.77
0.0966166 	5743.17
0.0968709 	5735.44
0.0971251 	5727.71
0.0973794 	5719.99
0.0976336 	5712.26
0.0978879 	5704.46
0.0981421 	5696.55
0.0983964 	5688.63
0.0986507 	5680.72
0.0989049 	5672.8
0.0991592 	5664.82
0.0994134 	5656.73
0.0996677 	5648.64
0.0999219 	5640.55
0.100176 	5632.46
0.10043 	5624.31
0.100685 	5616.07
0.100939 	5607.83
0.101193 	5599.59
0.101447 	5591.36
0.101702 	5583.06
0.101956 	5574.68
0.10221 	5566.3
0.102464 	5557.92
0.102719 	5549.54
0.102973 	5541.1
0.103227 	5532.58
0.103481 	5524.06
0.103736 	5515.54
0.10399 	5507.03
0.104244 	5498.48
0.104498 	5489.88
0.104753 	5481.28
0.105007 	5472.69
0.105261 	5464.09
0.105516 	5455.47
0.10577 	5446.83
0.106024 	5438.18
0.106278 	5429.54
0.106533 	5420.9
0.106787 	5412.22
0.107041 	5403.52
0.107295 	5394.81
0.10755 	5386.1
0.107804 	5377.39
0.108058 	5368.67
0.108312 	5359.94
0.108567 	5351.21
0.108821 	5342.47
0.109075 	5333.74
0.109329 	5325.02
0.109584 	5316.34
0.109838 	5307.65
0.110092 	5298.96
0.110346 	5290.28
0.110601 	5281.62
0.110855 	5273.02
0.111109 	5264.41
0.111363 	5255.81
0.111618 	5247.2
0.111872 	5238.64
0.112126 	5230.12
0.11238 	5221.6
0.112635 	5213.08
0.112889 	5204.57
0.113143 	5196.11
0.113397 	5187.73
0.113652 	5179.35
0.113906 	5170.97
0.11416 	5162.59
0.114414 	5154.3
0.114669 	5146.12
0.114923 	5137.95
0.115177 	5129.77
0.115431 	5121.6
0.115686 	5113.54
0.11594 	5105.63
0.116194 	5097.72
0.116448 	5089.81
0.116703 	5081.9
0.116957 	5074.13
0.117211 	5066.53
0.117465 	5058.93
0.11772 	5051.33
0.117974 	5043.73
0.118228 	5036.3
0.118482 	5029.07
0.118737 	5021.83
0.118991 	5014.59
0.119245 	5007.36
0.119499 	5000.32
0.119754 	4993.5
0.120008 	4986.69
0.120262 	4979.88
0.120517 	4973.06
0.120771 	4966.48
0.121025 	4960.14
0.121279 	4953.81
0.121534 	4947.47
0.121788 	4941.14
0.122042 	4935.06
0.122296 	4929.26
0.122551 	4923.47
0.122805 	4917.67
0.123059 	4911.87
0.123313 	4906.35
0.123568 	4901.14
0.123822 	4895.93
0.124076 	4890.72
0.12433 	4885.5
0.124585 	4880.6
0.124839 	4876.02
0.125093 	4871.44
0.125347 	4866.86
0.125602 	4862.27
0.125856 	4858.02
0.12611 	4854.11
0.126364 	4850.19
0.126619 	4846.28
0.126873 	4842.36
0.127127 	4838.79
0.127381 	4835.57
0.127636 	4832.35
0.12789 	4829.12
0.128144 	4825.9
0.128398 	4823.03
0.128653 	4820.51
0.128907 	4817.99
0.129161 	4815.47
0.129415 	4812.95
0.12967 	4810.79
0.129924 	4808.97
0.130178 	4807.15
0.130432 	4805.33
0.130687 	4803.51
0.130941 	4802.05
0.131195 	4800.91
0.131449 	4799.78
0.131704 	4798.65
0.131958 	4797.52
0.132212 	4796.73
0.132466 	4796.25
0.132721 	4795.78
0.132975 	4795.3
0.133229 	4794.83
0.133483 	4794.68
0.133738 	4794.82
0.133992 	4794.97
0.134246 	4795.11
0.134501 	4795.26
0.134755 	4795.71
0.135009 	4796.43
0.135263 	4797.16
0.135518 	4797.88
0.135772 	4798.6
0.136026 	4799.61
0.13628 	4800.86
0.136535 	4802.11
0.136789 	4803.37
0.137043 	4804.62
0.137297 	4806.13
0.137552 	4807.87
0.137806 	4809.6
0.13806 	4811.34
0.138314 	4813.07
0.138569 	4815.05
0.138823 	4817.22
0.139077 	4819.39
0.139331 	4821.56
0.139586 	4823.73
0.13984 	4826.11
0.140094 	4828.67
0.140348 	4831.24
0.140603 	4833.8
0.140857 	4836.36
0.141111 	4839.12
0.141365 	4842.04
0.14162 	4844.96
0.141874 	4847.87
0.142128 	4850.79
0.142382 	4853.89
0.142637 	4857.13
0.142891 	4860.37
0.143145 	4863.61
0.143399 	4866.85
0.143654 	4870.25
0.143908 	4873.78
0.144162 	4877.31
0.144416 	4880.85
0.144671 	4884.38
0.144925 	4888.06
0.145179 	4891.86
0.145433 	4895.66
0.145688 	4899.46
0.145942 	4903.26
0.146196 	4907.2
0.14645 	4911.24
0.146705 	4915.28
0.146959 	4919.32
0.147213 	4923.37
0.147467 	4927.53
0.147722 	4931.8
0.147976 	4936.06
0.14823 	4940.32
0.148484 	4944.58
0.148739 	4948.96
0.148993 	4953.42
0.149247 	4957.88
0.149502 	4962.34
0.149756 	4966.8
0.15001 	4971.36
0.150264 	4975.99
0.150519 	4980.63
0.150773 	4985.26
0.151027 	4989.9
0.151281 	4994.62
0.151536 	4999.41
0.15179 	5004.19
0.152044 	5008.98
0.152298 	5013.77
0.152553 	5018.63
0.152807 	5023.55
0.153061 	5028.46
0.153315 	5033.38
0.15357 	5038.3
0.153824 	5043.28
0.154078 	5048.3
0.154332 	5053.33
0.154587 	5058.35
0.154841 	5063.37
0.155095 	5068.45
0.155349 	5073.56
0.155604 	5078.67
0.155858 	5083.79
0.156112 	5088.9
0.156366 	5094.05
0.156621 	5099.23
0.156875 	5104.41
0.157129 	5109.59
0.157383 	5114.77
0.157638 	5119.98
0.157892 	5125.2
0.158146 	5130.43
0.1584 	5135.66
0.158655 	5140.89
0.158909 	5146.14
0.159163 	5151.4
0.159417 	5156.65
0.159672 	5161.91
0.159926 	5167.17
0.16018 	5172.44
0.160434 	5177.72
0.160689 	5182.99
0.160943 	5188.27
0.161197 	5193.54
0.161451 	5198.82
0.161706 	5204.1
0.16196 	5209.37
0.162214 	5214.65
0.162468 	5219.93
0.162723 	5225.2
0.162977 	5230.46
0.163231 	5235.73
0.163485 	5240.99
0.16374 	5246.26
0.163994 	5251.51
0.164248 	5256.75
0.164503 	5261.99
0.164757 	5267.23
0.165011 	5272.47
0.165265 	5277.69
0.16552 	5282.9
0.165774 	5288.11
0.166028 	5293.32
0.166282 	5298.53
0.166537 	5303.7
0.166791 	5308.87
0.167045 	5314.03
0.167299 	5319.2
0.167554 	5324.36
0.167808 	5329.49
0.168062 	5334.61
0.168316 	5339.72
0.168571 	5344.83
0.168825 	5349.94
0.169079 	5355.02
0.169333 	5360.07
0.169588 	5365.12
0.169842 	5370.18
0.170096 	5375.23
0.17035 	5380.24
0.170605 	5385.23
0.170859 	5390.22
0.171113 	5395.21
0.171367 	5400.19
0.171622 	5405.13
0.171876 	5410.05
0.17213 	5414.97
0.172384 	5419.89
0.172639 	5424.8
0.172893 	5429.67
0.173147 	5434.51
0.173401 	5439.35
0.173656 	5444.19
0.17391 	5449.03
0.174164 	5453.82
0.174418 	5458.58
0.174673 	5463.34
0.174927 	5468.1
0.175181 	5472.86
0.175435 	5477.56
0.17569 	5482.23
0.175944 	5486.91
0.176198 	5491.58
0.176452 	5496.26
0.176707 	5500.87
0.176961 	5505.46
0.177215 	5510.05
0.177469 	5514.63
0.177724 	5519.22
0.177978 	5523.74
0.178232 	5528.24
0.178486 	5532.74
0.178741 	5537.23
0.178995 	5541.73
0.179249 	5546.16
0.179504 	5550.57
0.179758 	5554.97
0.180012 	5559.37
0.180266 	5563.78
0.180521 	5568.12
0.180775 	5572.43
0.181029 	5576.74
0.181283 	5581.05
0.181538 	5585.36
0.181792 	5589.6
0.182046 	5593.81
0.1823 	5598.03
0.182555 	5602.24
0.182809 	5606.46
0.183063 	5610.61
0.183317 	5614.73
0.183572 	5618.85
0.183826 	5622.97
0.18408 	5627.09
0.184334 	5631.14
0.184589 	5635.16
0.184843 	5639.19
0.185097 	5643.21
0.185351 	5647.24
0.185606 	5651.2
0.18586 	5655.13
0.186114 	5659.06
0.186368 	5662.99
0.186623 	5666.92
0.186877 	5670.78
0.187131 	5674.62
0.187385 	5678.45
0.18764 	5682.29
0.187894 	5686.13
0.188148 	5689.9
0.188402 	5693.64
0.188657 	5697.38
0.188911 	5701.12
0.189165 	5704.86
0.189419 	5708.53
0.189674 	5712.18
0.189928 	5715.82
0.190182 	5719.47
0.190436 	5723.12
0.190691 	5726.69
0.190945 	5730.24
0.191199 	5733.79
0.191453 	5737.34
0.191708 	5740.89
0.191962 	5744.37
0.192216 	5747.82
0.19247 	5751.28
0.192725 	5754.73
0.192979 	5758.19
0.193233 	5761.57
0.193487 	5764.92
0.193742 	5768.28
0.193996 	5771.64
0.19425 	5775
0.194505 	5778.28
0.194759 	5781.55
0.195013 	5784.81
0.195267 	5788.08
0.195522 	5791.34
0.195776 	5794.53
0.19603 	5797.7
0.196284 	5800.87
0.196539 	5804.04
0.196793 	5807.21
0.197047 	5810.31
0.197301 	5813.39
0.197556 	5816.47
0.19781 	5819.55
0.198064 	5822.62
0.198318 	5825.63
0.198573 	5828.62
0.198827 	5831.6
0.199081 	5834.59
0.199335 	5837.58
0.19959 	5840.5
0.199844 	5843.39
0.200098 	5846.29
0.200352 	5849.19
0.200607 	5852.08
0.200861 	5854.91
0.201115 	5857.72
0.201369 	5860.52
0.201624 	5863.33
0.201878 	5866.14
0.202132 	5868.88
0.202386 	5871.6
0.202641 	5874.32
0.202895 	5877.04
0.203149 	5879.76
0.203403 	5882.41
0.203658 	5885.04
0.203912 	5887.67
0.204166 	5890.31
0.20442 	5892.94
0.204675 	5895.5
0.204929 	5898.05
0.205183 	5900.6
0.205437 	5903.15
0.205692 	5905.7
0.205946 	5908.18
0.2062 	5910.65
0.206454 	5913.11
0.206709 	5915.57
0.206963 	5918.04
0.207217 	5920.44
0.207471 	5922.82
0.207726 	5925.2
0.20798 	5927.58
0.208234 	5929.96
0.208488 	5932.27
0.208743 	5934.58
0.208997 	5936.88
0.209251 	5939.18
0.209506 	5941.48
0.20976 	5943.71
0.210014 	5945.93
0.210268 	5948.15
0.210523 	5950.38
0.210777 	5952.6
0.211031 	5954.75
0.211285 	5956.89
0.21154 	5959.03
0.211794 	5961.18
0.212048 	5963.32
0.212302 	5965.4
0.212557 	5967.46
0.212811 	5969.52
0.213065 	5971.59
0.213319 	5973.65
0.213574 	5975.65
0.213828 	5977.64
0.214082 	5979.63
0.214336 	5981.62
0.214591 	5983.6
0.214845 	5985.53
0.215099 	5987.44
0.215353 	5989.36
0.215608 	5991.27
0.215862 	5993.18
0.216116 	5995.03
0.21637 	5996.87
0.216625 	5998.71
0.216879 	6000.55
0.217133 	6002.39
0.217387 	6004.17
0.217642 	6005.93
0.217896 	6007.7
0.21815 	6009.47
0.218404 	6011.24
0.218659 	6012.94
0.218913 	6014.64
0.219167 	6016.33
0.219421 	6018.03
0.219676 	6019.72
0.21993 	6021.36
0.220184 	6022.98
0.220438 	6024.61
0.220693 	6026.24
0.220947 	6027.86
0.221201 	6029.43
0.221455 	6030.98
0.22171 	6032.54
0.221964 	6034.1
0.222218 	6035.65
0.222472 	6037.15
0.222727 	6038.64
0.222981 	6040.13
0.223235 	6041.62
0.223489 	6043.1
0.223744 	6044.53
0.223998 	6045.95
0.224252 	6047.38
0.224507 	6048.8
0.224761 	6050.22
0.225015 	6051.58
0.225269 	6052.94
0.225524 	6054.29
0.225778 	6055.65
0.226032 	6057.01
0.226286 	6058.3
0.226541 	6059.6
0.226795 	6060.89
0.227049 	6062.18
0.227303 	6063.47
0.227558 	6064.7
0.227812 	6065.93
0.228066 	6067.16
0.22832 	6068.39
0.228575 	6069.61
0.228829 	6070.78
0.229083 	6071.95
0.229337 	6073.11
0.229592 	6074.28
0.229846 	6075.44
0.2301 	6076.55
0.230354 	6077.66
0.230609 	6078.76
0.230863 	6079.86
0.231117 	6080.97
0.231371 	6082.01
0.231626 	6083.06
0.23188 	6084.1
0.232134 	6085.14
0.232388 	6086.18
0.232643 	6087.17
0.232897 	6088.15
0.233151 	6089.14
0.233405 	6090.12
0.23366 	6091.1
0.233914 	6092.03
0.234168 	6092.95
0.234422 	6093.88
0.234677 	6094.8
0.234931 	6095.73
0.235185 	6096.6
0.235439 	6097.46
0.235694 	6098.33
0.235948 	6099.2
0.236202 	6100.06
0.236456 	6100.88
0.236711 	6101.69
0.236965 	6102.5
0.237219 	6103.31
0.237473 	6104.11
0.237728 	6104.87
0.237982 	6105.63
0.238236 	6106.38
0.23849 	6107.14
0.238745 	6107.89
0.238999 	6108.59
0.239253 	6109.29
0.239508 	6109.99
0.239762 	6110.69
0.240016 	6111.39
0.24027 	6112.04
0.240525 	6112.69
0.240779 	6113.34
0.241033 	6113.99
0.241287 	6114.63
0.241542 	6115.23
0.241796 	6115.83
0.24205 	6116.43
0.242304 	6117.02
0.242559 	6117.62
0.242813 	6118.17
0.243067 	6118.72
0.243321 	6119.26
0.243576 	6119.81
0.24383 	6120.36
0.244084 	6120.86
0.244338 	6121.36
0.244593 	6121.86
0.244847 	6122.36
0.245101 	6122.86
0.245355 	6123.32
0.24561 	6123.78
0.245864 	6124.24
0.246118 	6124.69
0.246372 	6125.15
0.246627 	6125.57
0.246881 	6125.98
0.247135 	6126.4
0.247389 	6126.81
0.247644 	6127.23
0.247898 	6127.61
0.248152 	6127.99
0.248406 	6128.36
0.248661 	6128.74
0.248915 	6129.12
0.249169 	6129.47
0.249423 	6129.81
0.249678 	6130.16
0.249932 	6130.5
0.250186 	6130.85
0.25044 	6131.16
0.250695 	6131.48
0.250949 	6131.8
0.251203 	6132.11
0.251457 	6132.43
0.251712 	6132.72
0.251966 	6133.02
0.25222 	6133.31
0.252474 	6133.6
0.252729 	6133.9
0.252983 	6134.3
0.253237 	6134.71
0.253491 	6135.12
0.253746 	6135.53
0.254 	6135.93
