0 	6657.02
0.000254254 	6656.99
0.000508509 	6656.95
0.000762763 	6656.9
0.00101702 	6656.86
0.00127127 	6656.82
0.00152553 	6656.6
0.00177978 	6656.38
0.00203403 	6656.16
0.00228829 	6655.94
0.00254254 	6655.72
0.0027968 	6655.43
0.00305105 	6655.14
0.00330531 	6654.85
0.00355956 	6654.56
0.00381381 	6654.27
0.00406807 	6654.02
0.00432232 	6653.77
0.00457658 	6653.51
0.00483083 	6653.26
0.00508509 	6653.01
0.00533934 	6652.78
0.00559359 	6652.56
0.00584785 	6652.33
0.0061021 	6652.11
0.00635636 	6651.88
0.00661061 	6651.65
0.00686486 	6651.42
0.00711912 	6651.18
0.00737337 	6650.95
0.00762763 	6650.72
0.00788188 	6650.46
0.00813614 	6650.2
0.00839039 	6649.94
0.00864464 	6649.68
0.0088989 	6649.42
0.00915315 	6649.14
0.00940741 	6648.85
0.00966166 	6648.57
0.00991592 	6648.28
0.0101702 	6648
0.0104244 	6647.69
0.0106787 	6647.38
0.0109329 	6647.07
0.0111872 	6646.76
0.0114414 	6646.45
0.0116957 	6646.12
0.0119499 	6645.79
0.0122042 	6645.46
0.0124585 	6645.13
0.0127127 	6644.79
0.012967 	6644.44
0.0132212 	6644.08
0.0134755 	6643.72
0.0137297 	6643.37
0.013984 	6643.01
0.0142382 	6642.62
0.0144925 	6642.24
0.0147467 	6641.85
0.015001 	6641.47
0.0152553 	6641.08
0.0155095 	6640.66
0.0157638 	6640.25
0.016018 	6639.83
0.0162723 	6639.42
0.0165265 	6639
0.0167808 	6638.55
0.017035 	6638.11
0.0172893 	6637.66
0.0175435 	6637.21
0.0177978 	6636.76
0.0180521 	6636.28
0.0183063 	6635.81
0.0185606 	6635.33
0.0188148 	6634.85
0.0190691 	6634.36
0.0193233 	6633.85
0.0195776 	6633.34
0.0198318 	6632.82
0.0200861 	6632.31
0.0203403 	6631.79
0.0205946 	6631.24
0.0208488 	6630.69
0.0211031 	6630.14
0.0213574 	6629.59
0.0216116 	6629.04
0.0218659 	6628.45
0.0221201 	6627.87
0.0223744 	6627.28
0.0226286 	6626.69
0.0228829 	6626.1
0.0231371 	6625.48
0.0233914 	6624.85
0.0236456 	6624.23
0.0238999 	6623.6
0.0241542 	6622.97
0.0244084 	6622.31
0.0246627 	6621.65
0.0249169 	6620.98
0.0251712 	6620.32
0.0254254 	6619.65
0.0256797 	6618.94
0.0259339 	6618.24
0.0261882 	6617.53
0.0264424 	6616.82
0.0266967 	6616.11
0.026951 	6615.36
0.0272052 	6614.62
0.0274595 	6613.87
0.0277137 	6613.12
0.027968 	6612.36
0.0282222 	6611.57
0.0284765 	6610.78
0.0287307 	6609.99
0.028985 	6609.19
0.0292392 	6608.39
0.0294935 	6607.56
0.0297477 	6606.72
0.030002 	6605.88
0.0302563 	6605.04
0.0305105 	6604.19
0.0307648 	6603.31
0.031019 	6602.42
0.0312733 	6601.53
0.0315275 	6600.65
0.0317818 	6599.75
0.032036 	6598.82
0.0322903 	6597.88
0.0325445 	6596.94
0.0327988 	6596.01
0.0330531 	6595.06
0.0333073 	6594.08
0.0335616 	6593.09
0.0338158 	6592.1
0.0340701 	6591.11
0.0343243 	6590.12
0.0345786 	6589.08
0.0348328 	6588.04
0.0350871 	6586.99
0.0353413 	6585.95
0.0355956 	6584.9
0.0358498 	6583.81
0.0361041 	6582.71
0.0363584 	6581.61
0.0366126 	6580.52
0.0368669 	6579.41
0.0371211 	6578.26
0.0373754 	6577.1
0.0376296 	6575.95
0.0378839 	6574.79
0.0381381 	6573.63
0.0383924 	6572.42
0.0386466 	6571.2
0.0389009 	6569.99
0.0391552 	6568.78
0.0394094 	6567.55
0.0396637 	6566.28
0.0399179 	6565
0.0401722 	6563.72
0.0404264 	6562.45
0.0406807 	6561.16
0.0409349 	6559.82
0.0411892 	6558.48
0.0414434 	6557.14
0.0416977 	6555.8
0.041952 	6554.45
0.0422062 	6553.04
0.0424605 	6551.64
0.0427147 	6550.23
0.042969 	6548.82
0.0432232 	6547.4
0.0434775 	6545.93
0.0437317 	6544.45
0.043986 	6542.97
0.0442402 	6541.5
0.0444945 	6540.01
0.0447487 	6538.46
0.045003 	6536.91
0.0452573 	6535.36
0.0455115 	6533.82
0.0457658 	6532.25
0.04602 	6530.63
0.0462743 	6529.01
0.0465285 	6527.39
0.0467828 	6525.76
0.047037 	6524.13
0.0472913 	6522.42
0.0475455 	6520.72
0.0477998 	6519.02
0.0480541 	6517.32
0.0483083 	6515.61
0.0485626 	6513.83
0.0488168 	6512.04
0.0490711 	6510.26
0.0493253 	6508.48
0.0495796 	6506.69
0.0498338 	6504.82
0.0500881 	6502.96
0.0503423 	6501.09
0.0505966 	6499.23
0.0508509 	6497.35
0.0511051 	6495.39
0.0513594 	6493.44
0.0516136 	6491.49
0.0518679 	6489.54
0.0521221 	6487.57
0.0523764 	6485.53
0.0526306 	6483.49
0.0528849 	6481.45
0.0531391 	6479.41
0.0533934 	6477.35
0.0536476 	6475.21
0.0539019 	6473.08
0.0541562 	6470.94
0.0544104 	6468.81
0.0546647 	6466.65
0.0549189 	6464.42
0.0551732 	6462.19
0.0554274 	6459.96
0.0556817 	6457.72
0.0559359 	6455.47
0.0561902 	6453.13
0.0564444 	6450.8
0.0566987 	6448.47
0.056953 	6446.13
0.0572072 	6443.77
0.0574615 	6441.33
0.0577157 	6438.89
0.05797 	6436.45
0.0582242 	6434
0.0584785 	6431.54
0.0587327 	6428.98
0.058987 	6426.43
0.0592412 	6423.87
0.0594955 	6421.32
0.0597497 	6418.73
0.060004 	6416.05
0.0602583 	6413.37
0.0605125 	6410.69
0.0607668 	6408.01
0.061021 	6405.3
0.0612753 	6402.48
0.0615295 	6399.66
0.0617838 	6396.84
0.062038 	6394.02
0.0622923 	6391.17
0.0625465 	6388.2
0.0628008 	6385.23
0.0630551 	6382.26
0.0633093 	6379.29
0.0635636 	6376.28
0.0638178 	6373.15
0.0640721 	6370.03
0.0643263 	6366.9
0.0645806 	6363.77
0.0648348 	6360.6
0.0650891 	6357.31
0.0653433 	6354.02
0.0655976 	6350.72
0.0658519 	6347.43
0.0661061 	6344.09
0.0663604 	6340.63
0.0666146 	6337.16
0.0668689 	6333.7
0.0671231 	6330.24
0.0673774 	6326.73
0.0676316 	6323.09
0.0678859 	6319.45
0.0681401 	6315.81
0.0683944 	6312.17
0.0686486 	6308.48
0.0689029 	6304.67
0.0691572 	6300.86
0.0694114 	6297.04
0.0696657 	6293.23
0.0699199 	6289.37
0.0701742 	6285.39
0.0704284 	6281.41
0.0706827 	6277.43
0.0709369 	6273.45
0.0711912 	6269.43
0.0714454 	6265.3
0.0716997 	6261.17
0.071954 	6257.04
0.0722082 	6252.91
0.0724625 	6248.74
0.0727167 	6244.47
0.072971 	6240.2
0.0732252 	6235.93
0.0734795 	6231.66
0.0737337 	6227.36
0.073988 	6222.96
0.0742422 	6218.57
0.0744965 	6214.17
0.0747508 	6209.78
0.075005 	6205.34
0.0752593 	6200.83
0.0755135 	6196.31
0.0757678 	6191.79
0.076022 	6187.27
0.0762763 	6182.72
0.0765305 	6178.07
0.0767848 	6173.42
0.077039 	6168.77
0.0772933 	6164.13
0.0775475 	6159.43
0.0778018 	6154.63
0.0780561 	6149.83
0.0783103 	6145.04
0.0785646 	6140.24
0.0788188 	6135.38
0.0790731 	6130.41
0.0793273 	6125.43
0.0795816 	6120.45
0.0798358 	6115.48
0.0800901 	6110.44
0.0803443 	6105.26
0.0805986 	6100.09
0.0808529 	6094.91
0.0811071 	6089.74
0.0813614 	6084.5
0.0816156 	6079.1
0.0818699 	6073.71
0.0821241 	6068.32
0.0823784 	6062.92
0.0826326 	6057.45
0.0828869 	6051.81
0.0831411 	6046.17
0.0833954 	6040.53
0.0836496 	6034.89
0.0839039 	6029.16
0.0841582 	6023.25
0.0844124 	6017.34
0.0846667 	6011.42
0.0849209 	6005.51
0.0851752 	5999.51
0.0854294 	5993.31
0.0856837 	5987.12
0.0859379 	5980.93
0.0861922 	5974.74
0.0864464 	5968.45
0.0867007 	5961.98
0.086955 	5955.51
0.0872092 	5949.04
0.0874635 	5942.57
0.0877177 	5936.01
0.087972 	5929.27
0.0882262 	5922.53
0.0884805 	5915.79
0.0887347 	5909.05
0.088989 	5902.21
0.0892432 	5895.19
0.0894975 	5888.17
0.0897518 	5881.15
0.090006 	5874.13
0.0902603 	5867.01
0.0905145 	5859.71
0.0907688 	5852.41
0.091023 	5845.11
0.0912773 	5837.81
0.0915315 	5830.42
0.0917858 	5822.86
0.09204 	5815.29
0.0922943 	5807.73
0.0925485 	5800.17
0.0928028 	5792.51
0.0930571 	5784.69
0.0933113 	5776.88
0.0935656 	5769.06
0.0938198 	5761.25
0.0940741 	5753.35
0.0943283 	5745.31
0.0945826 	5737.27
0.0948368 	5729.23
0.0950911 	5721.19
0.0953453 	5713.08
0.0955996 	5704.84
0.0958539 	5696.59
0.0961081 	5688.35
0.0963624 	5680.11
0.0966166 	5671.8
0.0968709 	5663.36
0.0971251 	5654.92
0.0973794 	5646.49
0.0976336 	5638.05
0.0978879 	5629.54
0.0981421 	5620.9
0.0983964 	5612.26
0.0986507 	5603.63
0.0989049 	5594.99
0.0991592 	5586.28
0.0994134 	5577.43
0.0996677 	5568.59
0.0999219 	5559.75
0.100176 	5550.91
0.10043 	5541.99
0.100685 	5532.95
0.100939 	5523.92
0.101193 	5514.88
0.101447 	5505.85
0.101702 	5496.74
0.101956 	5487.53
0.10221 	5478.32
0.102464 	5469.1
0.102719 	5459.89
0.102973 	5450.62
0.103227 	5441.25
0.103481 	5431.89
0.103736 	5422.52
0.10399 	5413.16
0.104244 	5403.75
0.104498 	5394.27
0.104753 	5384.8
0.105007 	5375.33
0.105261 	5365.85
0.105516 	5356.35
0.10577 	5346.8
0.106024 	5337.25
0.106278 	5327.7
0.106533 	5318.15
0.106787 	5308.58
0.107041 	5298.99
0.107295 	5289.41
0.10755 	5279.82
0.107804 	5270.23
0.108058 	5260.64
0.108312 	5251.05
0.108567 	5241.46
0.108821 	5231.87
0.109075 	5222.28
0.109329 	5212.7
0.109584 	5203.14
0.109838 	5193.58
0.110092 	5184.02
0.110346 	5174.45
0.110601 	5164.92
0.110855 	5155.43
0.111109 	5145.94
0.111363 	5136.44
0.111618 	5126.95
0.111872 	5117.5
0.112126 	5108.12
0.11238 	5098.73
0.112635 	5089.34
0.112889 	5079.95
0.113143 	5070.64
0.113397 	5061.41
0.113652 	5052.18
0.113906 	5042.95
0.11416 	5033.73
0.114414 	5024.61
0.114669 	5015.63
0.114923 	5006.65
0.115177 	4997.68
0.115431 	4988.7
0.115686 	4979.87
0.11594 	4971.24
0.116194 	4962.6
0.116448 	4953.96
0.116703 	4945.33
0.116957 	4936.88
0.117211 	4928.67
0.117465 	4920.45
0.11772 	4912.24
0.117974 	4904.03
0.118228 	4896.05
0.118482 	4888.34
0.118737 	4880.64
0.118991 	4872.93
0.119245 	4865.23
0.119499 	4857.8
0.119754 	4850.68
0.120008 	4843.56
0.120262 	4836.44
0.120517 	4829.32
0.120771 	4822.5
0.121025 	4816.02
0.121279 	4809.54
0.121534 	4803.06
0.121788 	4796.58
0.122042 	4790.45
0.122296 	4784.7
0.122551 	4778.95
0.122805 	4773.19
0.123059 	4767.44
0.123313 	4762.08
0.123568 	4757.15
0.123822 	4752.21
0.124076 	4747.27
0.12433 	4742.33
0.124585 	4737.82
0.124839 	4733.75
0.125093 	4729.69
0.125347 	4725.62
0.125602 	4721.55
0.125856 	4717.93
0.12611 	4714.77
0.126364 	4711.61
0.126619 	4708.45
0.126873 	4705.29
0.127127 	4702.6
0.127381 	4700.36
0.127636 	4698.13
0.12789 	4695.9
0.128144 	4693.66
0.128398 	4691.89
0.128653 	4690.58
0.128907 	4689.26
0.129161 	4687.94
0.129415 	4686.62
0.12967 	4685.75
0.129924 	4685.31
0.130178 	4684.87
0.130432 	4684.42
0.130687 	4683.98
0.130941 	4683.95
0.131195 	4684.32
0.131449 	4684.68
0.131704 	4685.05
0.131958 	4685.41
0.132212 	4686.15
0.132466 	4687.24
0.132721 	4688.33
0.132975 	4689.42
0.133229 	4690.51
0.133483 	4691.92
0.133738 	4693.64
0.133992 	4695.35
0.134246 	4697.07
0.134501 	4698.78
0.134755 	4700.78
0.135009 	4703.02
0.135263 	4705.27
0.135518 	4707.51
0.135772 	4709.76
0.136026 	4712.24
0.13628 	4714.92
0.136535 	4717.61
0.136789 	4720.29
0.137043 	4722.98
0.137297 	4725.86
0.137552 	4728.92
0.137806 	4731.97
0.13806 	4735.03
0.138314 	4738.09
0.138569 	4741.32
0.138823 	4744.69
0.139077 	4748.07
0.139331 	4751.44
0.139586 	4754.82
0.13984 	4758.35
0.140094 	4762.02
0.140348 	4765.68
0.140603 	4769.35
0.140857 	4773.02
0.141111 	4776.83
0.141365 	4780.77
0.14162 	4784.71
0.141874 	4788.65
0.142128 	4792.59
0.142382 	4796.67
0.142637 	4800.87
0.142891 	4805.07
0.143145 	4809.28
0.143399 	4813.48
0.143654 	4817.82
0.143908 	4822.27
0.144162 	4826.71
0.144416 	4831.16
0.144671 	4835.61
0.144925 	4840.19
0.145179 	4844.87
0.145433 	4849.55
0.145688 	4854.23
0.145942 	4858.9
0.146196 	4863.7
0.14645 	4868.58
0.146705 	4873.46
0.146959 	4878.34
0.147213 	4883.22
0.147467 	4888.2
0.147722 	4893.25
0.147976 	4898.3
0.14823 	4903.35
0.148484 	4908.4
0.148739 	4913.54
0.148993 	4918.73
0.149247 	4923.93
0.149502 	4929.12
0.149756 	4934.31
0.15001 	4939.58
0.150264 	4944.88
0.150519 	4950.19
0.150773 	4955.5
0.151027 	4960.81
0.151281 	4966.17
0.151536 	4971.57
0.15179 	4976.97
0.152044 	4982.37
0.152298 	4987.77
0.152553 	4993.21
0.152807 	4998.68
0.153061 	5004.15
0.153315 	5009.62
0.15357 	5015.09
0.153824 	5020.59
0.154078 	5026.11
0.154332 	5031.64
0.154587 	5037.16
0.154841 	5042.68
0.155095 	5048.23
0.155349 	5053.79
0.155604 	5059.35
0.155858 	5064.91
0.156112 	5070.47
0.156366 	5076.04
0.156621 	5081.62
0.156875 	5087.2
0.157129 	5092.79
0.157383 	5098.37
0.157638 	5103.95
0.157892 	5109.54
0.158146 	5115.13
0.1584 	5120.72
0.158655 	5126.3
0.158909 	5131.89
0.159163 	5137.47
0.159417 	5143.05
0.159672 	5148.63
0.159926 	5154.22
0.16018 	5159.79
0.160434 	5165.35
0.160689 	5170.92
0.160943 	5176.48
0.161197 	5182.04
0.161451 	5187.59
0.161706 	5193.13
0.16196 	5198.66
0.162214 	5204.2
0.162468 	5209.73
0.162723 	5215.24
0.162977 	5220.74
0.163231 	5226.23
0.163485 	5231.73
0.16374 	5237.22
0.163994 	5242.69
0.164248 	5248.14
0.164503 	5253.59
0.164757 	5259.04
0.165011 	5264.48
0.165265 	5269.9
0.16552 	5275.29
0.165774 	5280.69
0.166028 	5286.08
0.166282 	5291.48
0.166537 	5296.83
0.166791 	5302.16
0.167045 	5307.5
0.167299 	5312.83
0.167554 	5318.16
0.167808 	5323.45
0.168062 	5328.71
0.168316 	5333.98
0.168571 	5339.24
0.168825 	5344.51
0.169079 	5349.73
0.169333 	5354.92
0.169588 	5360.11
0.169842 	5365.3
0.170096 	5370.49
0.17035 	5375.63
0.170605 	5380.74
0.170859 	5385.86
0.171113 	5390.97
0.171367 	5396.08
0.171622 	5401.14
0.171876 	5406.17
0.17213 	5411.2
0.172384 	5416.23
0.172639 	5421.26
0.172893 	5426.23
0.173147 	5431.18
0.173401 	5436.12
0.173656 	5441.07
0.17391 	5446.01
0.174164 	5450.89
0.174418 	5455.75
0.174673 	5460.6
0.174927 	5465.46
0.175181 	5470.31
0.175435 	5475.1
0.17569 	5479.86
0.175944 	5484.62
0.176198 	5489.38
0.176452 	5494.15
0.176707 	5498.84
0.176961 	5503.5
0.177215 	5508.17
0.177469 	5512.83
0.177724 	5517.5
0.177978 	5522.09
0.178232 	5526.66
0.178486 	5531.23
0.178741 	5535.8
0.178995 	5540.36
0.179249 	5544.86
0.179504 	5549.33
0.179758 	5553.8
0.180012 	5558.27
0.180266 	5562.74
0.180521 	5567.15
0.180775 	5571.52
0.181029 	5575.89
0.181283 	5580.26
0.181538 	5584.64
0.181792 	5588.94
0.182046 	5593.21
0.1823 	5597.49
0.182555 	5601.76
0.182809 	5606.03
0.183063 	5610.24
0.183317 	5614.41
0.183572 	5618.59
0.183826 	5622.77
0.18408 	5626.94
0.184334 	5631.05
0.184589 	5635.13
0.184843 	5639.21
0.185097 	5643.3
0.185351 	5647.38
0.185606 	5651.39
0.18586 	5655.37
0.186114 	5659.36
0.186368 	5663.35
0.186623 	5667.33
0.186877 	5671.25
0.187131 	5675.14
0.187385 	5679.02
0.18764 	5682.91
0.187894 	5686.8
0.188148 	5690.61
0.188402 	5694.4
0.188657 	5698.19
0.188911 	5701.97
0.189165 	5705.76
0.189419 	5709.47
0.189674 	5713.15
0.189928 	5716.83
0.190182 	5720.51
0.190436 	5724.19
0.190691 	5727.8
0.190945 	5731.38
0.191199 	5734.96
0.191453 	5738.54
0.191708 	5742.12
0.191962 	5745.62
0.192216 	5749.11
0.19247 	5752.59
0.192725 	5756.07
0.192979 	5759.56
0.193233 	5762.97
0.193487 	5766.36
0.193742 	5769.74
0.193996 	5773.13
0.19425 	5776.52
0.194505 	5779.84
0.194759 	5783.13
0.195013 	5786.42
0.195267 	5789.72
0.195522 	5793.01
0.195776 	5796.23
0.19603 	5799.42
0.196284 	5802.62
0.196539 	5805.81
0.196793 	5809.01
0.197047 	5812.13
0.197301 	5815.24
0.197556 	5818.34
0.19781 	5821.44
0.198064 	5824.54
0.198318 	5827.57
0.198573 	5830.58
0.198827 	5833.6
0.199081 	5836.61
0.199335 	5839.62
0.19959 	5842.55
0.199844 	5845.47
0.200098 	5848.39
0.200352 	5851.31
0.200607 	5854.23
0.200861 	5857.07
0.201115 	5859.9
0.201369 	5862.72
0.201624 	5865.55
0.201878 	5868.38
0.202132 	5871.13
0.202386 	5873.87
0.202641 	5876.6
0.202895 	5879.34
0.203149 	5882.08
0.203403 	5884.74
0.203658 	5887.39
0.203912 	5890.04
0.204166 	5892.69
0.20442 	5895.34
0.204675 	5897.92
0.204929 	5900.49
0.205183 	5903.05
0.205437 	5905.61
0.205692 	5908.18
0.205946 	5910.67
0.2062 	5913.15
0.206454 	5915.62
0.206709 	5918.1
0.206963 	5920.58
0.207217 	5922.99
0.207471 	5925.38
0.207726 	5927.77
0.20798 	5930.16
0.208234 	5932.55
0.208488 	5934.88
0.208743 	5937.19
0.208997 	5939.5
0.209251 	5941.81
0.209506 	5944.12
0.20976 	5946.36
0.210014 	5948.59
0.210268 	5950.82
0.210523 	5953.05
0.210777 	5955.28
0.211031 	5957.44
0.211285 	5959.59
0.21154 	5961.74
0.211794 	5963.89
0.212048 	5966.03
0.212302 	5968.12
0.212557 	5970.19
0.212811 	5972.26
0.213065 	5974.33
0.213319 	5976.4
0.213574 	5978.4
0.213828 	5980.39
0.214082 	5982.38
0.214336 	5984.38
0.214591 	5986.37
0.214845 	5988.3
0.215099 	5990.21
0.215353 	5992.13
0.215608 	5994.04
0.215862 	5995.96
0.216116 	5997.81
0.21637 	5999.65
0.216625 	6001.49
0.216879 	6003.33
0.217133 	6005.17
0.217387 	6006.95
0.217642 	6008.72
0.217896 	6010.48
0.21815 	6012.25
0.218404 	6014.02
0.218659 	6015.72
0.218913 	6017.42
0.219167 	6019.11
0.219421 	6020.8
0.219676 	6022.5
0.21993 	6024.13
0.220184 	6025.75
0.220438 	6027.38
0.220693 	6029
0.220947 	6030.62
0.221201 	6032.18
0.221455 	6033.74
0.22171 	6035.29
0.221964 	6036.84
0.222218 	6038.39
0.222472 	6039.88
0.222727 	6041.37
0.222981 	6042.85
0.223235 	6044.33
0.223489 	6045.82
0.223744 	6047.24
0.223998 	6048.65
0.224252 	6050.07
0.224507 	6051.48
0.224761 	6052.9
0.225015 	6054.26
0.225269 	6055.6
0.225524 	6056.95
0.225778 	6058.3
0.226032 	6059.65
0.226286 	6060.94
0.226541 	6062.22
0.226795 	6063.5
0.227049 	6064.78
0.227303 	6066.06
0.227558 	6067.29
0.227812 	6068.51
0.228066 	6069.72
0.22832 	6070.94
0.228575 	6072.16
0.228829 	6073.32
0.229083 	6074.47
0.229337 	6075.62
0.229592 	6076.78
0.229846 	6077.93
0.2301 	6079.03
0.230354 	6080.12
0.230609 	6081.21
0.230863 	6082.3
0.231117 	6083.39
0.231371 	6084.42
0.231626 	6085.45
0.23188 	6086.48
0.232134 	6087.5
0.232388 	6088.53
0.232643 	6089.5
0.232897 	6090.47
0.233151 	6091.44
0.233405 	6092.41
0.23366 	6093.37
0.233914 	6094.29
0.234168 	6095.19
0.234422 	6096.1
0.234677 	6097.01
0.234931 	6097.92
0.235185 	6098.77
0.235439 	6099.62
0.235694 	6100.47
0.235948 	6101.31
0.236202 	6102.16
0.236456 	6102.96
0.236711 	6103.75
0.236965 	6104.54
0.237219 	6105.33
0.237473 	6106.12
0.237728 	6106.86
0.237982 	6107.59
0.238236 	6108.33
0.23849 	6109.06
0.238745 	6109.8
0.238999 	6110.48
0.239253 	6111.16
0.239508 	6111.84
0.239762 	6112.52
0.240016 	6113.2
0.24027 	6113.83
0.240525 	6114.45
0.240779 	6115.08
0.241033 	6115.71
0.241287 	6116.33
0.241542 	6116.91
0.241796 	6117.48
0.24205 	6118.06
0.242304 	6118.63
0.242559 	6119.21
0.242813 	6119.73
0.243067 	6120.26
0.243321 	6120.79
0.243576 	6121.31
0.24383 	6121.84
0.244084 	6122.32
0.244338 	6122.79
0.244593 	6123.27
0.244847 	6123.75
0.245101 	6124.23
0.245355 	6124.67
0.24561 	6125.1
0.245864 	6125.54
0.246118 	6125.97
0.246372 	6126.41
0.246627 	6126.8
0.246881 	6127.2
0.247135 	6127.59
0.247389 	6127.99
0.247644 	6128.38
0.247898 	6128.74
0.248152 	6129.1
0.248406 	6129.46
0.248661 	6129.82
0.248915 	6130.18
0.249169 	6130.5
0.249423 	6130.83
0.249678 	6131.16
0.249932 	6131.48
0.250186 	6131.81
0.25044 	6132.12
0.250695 	6132.42
0.250949 	6132.73
0.251203 	6133.04
0.251457 	6133.34
0.251712 	6133.62
0.251966 	6133.89
0.25222 	6134.16
0.252474 	6134.43
0.252729 	6134.71
0.252983 	6135.01
0.253237 	6135.32
0.253491 	6135.62
0.253746 	6135.93
0.254 	6136.23
