0.0	6663.26
0.01001	6666.89
0.0200200393701	6668.98
0.0300300393701	6671.07
0.0400401574803	6673.16
0.05005	6675.26
0.0600602362205	6677.35
0.0700700787402	6679.44
0.0800799212598	6681.53
0.0900901574803	6683.62
0.1001	6685.71
0.11011023622	6687.79
0.12012007874	6689.87
0.130130314961	6691.94
0.14014015748	6694.02
0.15015	6696.1
0.16016023622	6698.18
0.17017007874	6700.26
0.180180314961	6702.33
0.19019015748	6704.41
0.200200393701	6706.37
0.21021023622	6707.92
0.22022007874	6709.47
0.230230314961	6711.01
0.24024015748	6712.56
0.250250393701	6714.11
0.26026023622	6715.65
0.27027007874	6717.2
0.280280314961	6718.74
0.29029015748	6720.29
0.300300393701	6721.56
0.31031023622	6722.28
0.320320472441	6722.99
0.330330314961	6723.7
0.34034015748	6724.41
0.350350393701	6725.12
0.36036023622	6725.83
0.370370472441	6726.54
0.380380314961	6727.26
0.390390551181	6727.97
0.400401574803	6728.31
0.410409448819	6728.16
0.420421259843	6728.02
0.430429133858	6727.88
0.440440944882	6727.74
0.450448818898	6727.59
0.460460629921	6727.45
0.470468503937	6727.31
0.480480314961	6727.17
0.490492125984	6727.02
0.5005	6726.49
0.510511811024	6725.63
0.520519685039	6724.77
0.530531496063	6723.91
0.540539370079	6723.04
0.550551181102	6722.18
0.560559055118	6721.32
0.570570866142	6720.46
0.580578740157	6719.6
0.590590551181	6718.74
0.600602362205	6717.46
0.61061023622	6715.97
0.620622047244	6714.48
0.63062992126	6712.99
0.640641732283	6711.49
0.650649606299	6710
0.660661417323	6708.51
0.670669291339	6707.01
0.680681102362	6705.52
0.690688976378	6704.03
0.700700787402	6702.01
0.710712598425	6699.84
0.720720472441	6697.67
0.730732283465	6695.49
0.74074015748	6693.32
0.750751968504	6691.15
0.76075984252	6688.97
0.770771653543	6686.8
0.780779527559	6684.63
0.790791338583	6682.45
0.800799212598	6679.74
0.810811023622	6676.95
0.820818897638	6674.16
0.830830708661	6671.37
0.840842519685	6668.58
0.850850393701	6665.78
0.860862204724	6662.99
0.87087007874	6660.2
0.880881889764	6657.41
0.89088976378	6654.62
0.900901574803	6651.52
0.910909448819	6648.42
0.920921259843	6645.32
0.930929133858	6642.22
0.940940944882	6639.12
0.950952755906	6636.02
0.960960629921	6632.92
0.970972440945	6629.82
0.980980314961	6626.72
0.990992125984	6623.61
1.001	6620.48
1.01101181102	6617.35
1.02101968504	6614.22
1.03103149606	6611.09
1.04103937008	6607.96
1.0510511811	6604.83
1.06106299213	6601.7
1.07107086614	6598.57
1.08108267717	6595.44
1.09109055118	6592.33
1.1011023622	6589.35
1.11111023622	6586.37
1.12112204724	6583.38
1.13112992126	6580.4
1.14114173228	6577.41
1.1511496063	6574.43
1.16116141732	6571.45
1.17116929134	6568.46
1.18118110236	6565.48
1.19119291339	6562.59
1.2012007874	6559.9
1.21121259843	6557.21
1.22122047244	6554.52
1.23123228346	6551.83
1.24124015748	6549.14
1.2512519685	6546.45
1.26125984252	6543.76
1.27127165354	6541.08
1.28127952756	6538.39
1.29129133858	6535.87
1.30130314961	6533.58
1.31131102362	6531.29
1.32132283465	6529.01
1.33133070866	6526.72
1.34134251969	6524.44
1.3513503937	6522.15
1.36136220472	6519.87
1.37137007874	6517.58
1.38138188976	6515.3
1.39138976378	6513.26
1.4014015748	6511.45
1.41140944882	6509.64
1.42142125984	6507.83
1.43143307087	6506.02
1.44144094488	6504.21
1.45145275591	6502.41
1.46146062992	6500.6
1.47147244094	6498.79
1.48148031496	6496.98
1.49149212598	6495.49
1.5015	6494.18
1.51151181102	6492.88
1.52151968504	6491.58
1.53153149606	6490.27
1.54154330709	6488.97
1.5515511811	6487.66
1.56156299213	6486.36
1.57157086614	6485.05
1.58158267717	6483.75
1.59159055118	6482.79
1.6016023622	6481.96
1.61161023622	6481.12
1.62162204724	6480.28
1.63162992126	6479.45
1.64164173228	6478.61
1.65165354331	6477.77
1.66166141732	6476.94
1.67167322835	6476.1
1.68168110236	6475.27
1.69169291339	6474.74
1.7017007874	6474.27
1.71171259843	6473.8
1.72172047244	6473.34
1.73173228346	6472.87
1.74174015748	6472.4
1.7517519685	6471.93
1.76175984252	6471.46
1.77177165354	6470.99
1.78178346457	6470.52
1.79179133858	6470.26
1.80180314961	6470.01
1.81181102362	6469.76
1.82182283465	6469.51
1.83183070866	6469.26
1.84184251969	6469.01
1.8518503937	6468.76
1.86186220472	6468.51
1.87187007874	6468.26
1.88188188976	6468.01
1.89189370079	6467.8
1.9019015748	6467.59
1.91191338583	6467.38
1.92192125984	6467.18
1.93193307087	6466.97
1.94194094488	6466.76
1.95195275591	6466.55
1.96196062992	6466.34
1.97197244094	6466.14
1.98198031496	6465.91
1.99199212598	6465.56
2.00200393701	6465.22
2.01201181102	6464.88
2.02202362205	6464.54
2.03203149606	6464.2
2.04204330709	6463.86
2.0520511811	6463.52
2.06206299213	6463.18
2.07207086614	6462.84
2.08208267717	6462.42
2.09209055118	6461.79
2.1021023622	6461.16
2.11211023622	6460.53
2.12212204724	6459.89
2.13213385827	6459.26
2.14214173228	6458.63
2.15215354331	6458
2.16216141732	6457.37
2.17217322835	6456.74
2.18218110236	6455.95
2.19219291339	6454.9
2.2022007874	6453.86
2.21221259843	6452.82
2.22222047244	6451.78
2.23223228346	6450.74
2.24224409449	6449.7
2.2522519685	6448.66
2.26226377953	6447.61
2.27227165354	6446.57
2.28228346457	6445.29
2.29229133858	6443.77
2.30230314961	6442.25
2.31231102362	6440.73
2.32232283465	6439.21
2.33233070866	6437.69
2.34234251969	6436.17
2.3523503937	6434.65
2.36236220472	6433.12
2.37237401575	6431.6
2.38238188976	6429.77
2.39239370079	6427.74
2.4024015748	6425.71
2.41241338583	6423.68
2.42242125984	6421.65
2.43243307087	6419.62
2.44244094488	6417.59
2.45245275591	6415.56
2.46246062992	6413.53
2.47247244094	6411.5
2.48248425197	6409.09
2.49249212598	6406.54
2.50250393701	6403.99
2.51251181102	6401.44
2.52252362205	6398.89
2.53253149606	6396.34
2.54254330709	6393.79
2.5525511811	6391.23
2.56256299213	6388.68
2.57257086614	6386.13
2.58258267717	6383.15
2.59259448819	6380.07
2.6026023622	6377
2.61261417323	6373.92
2.62262204724	6370.85
2.63263385827	6367.77
2.64264173228	6364.7
2.65265354331	6361.62
2.66266141732	6358.55
2.67267322835	6355.47
2.68268110236	6351.91
2.69269291339	6348.31
2.7027007874	6344.72
2.71271259843	6341.12
2.72272440945	6337.53
2.73273228346	6333.93
2.74274409449	6330.34
2.7527519685	6326.74
2.76276377953	6323.14
2.77277165354	6319.52
2.78278346457	6315.42
2.79279133858	6311.33
2.80280314961	6307.23
2.81281102362	6303.13
2.82282283465	6299.03
2.83283464567	6294.93
2.84284251969	6290.83
2.85285433071	6286.73
2.86286220472	6282.63
2.87287401575	6278.46
2.88288188976	6273.89
2.89289370079	6269.33
2.9029015748	6264.77
2.91291338583	6260.2
2.92292125984	6255.64
2.93293307087	6251.07
2.94294488189	6246.51
2.95295275591	6241.95
2.96296456693	6237.38
2.97297244094	6232.71
2.98298425197	6227.73
2.99299212598	6222.75
3.00300393701	6217.77
3.01301181102	6212.79
3.02302362205	6207.81
3.03303149606	6202.84
3.04304330709	6197.86
3.0530511811	6192.88
3.06306299213	6187.9
3.07307480315	6182.78
3.08308267717	6177.44
3.09309448819	6172.09
3.1031023622	6166.75
3.11311417323	6161.4
3.12312204724	6156.06
3.13313385827	6150.71
3.14314173228	6145.37
3.15315354331	6140.02
3.16316141732	6134.68
3.17317322835	6129.17
3.18318503937	6123.49
3.19319291339	6117.81
3.20320472441	6112.13
3.21321259843	6106.44
3.22322440945	6100.76
3.23323228346	6095.08
3.24324409449	6089.4
3.2532519685	6083.72
3.26326377953	6078.04
3.27327165354	6072.16
3.28328346457	6066.15
3.29329133858	6060.13
3.30330314961	6054.12
3.31331496063	6048.1
3.32332283465	6042.09
3.33333464567	6036.07
3.34334251969	6030.06
3.35335433071	6024.04
3.36336220472	6018.03
3.37337401575	6011.77
3.38338188976	6005.41
3.39339370079	5999.05
3.4034015748	5992.69
3.41341338583	5986.33
3.42342519685	5979.97
3.43343307087	5973.6
3.44344488189	5967.24
3.45345275591	5960.88
3.46346456693	5954.52
3.47347244094	5947.86
3.48348425197	5941.13
3.49349212598	5934.4
3.50350393701	5927.66
3.51351181102	5920.93
3.52352362205	5914.2
3.53353543307	5907.47
3.54354330709	5900.74
3.55355511811	5894
3.56356299213	5887.27
3.57357480315	5880.18
3.58358267717	5873.06
3.59359448819	5865.93
3.6036023622	5858.81
3.61361417323	5851.69
3.62362204724	5844.56
3.63363385827	5837.44
3.64364173228	5830.32
3.65365354331	5823.19
3.66366535433	5816.06
3.67367322835	5808.53
3.68368503937	5801
3.69369291339	5793.47
3.70370472441	5785.94
3.71371259843	5778.41
3.72372440945	5770.88
3.73373228346	5763.36
3.74374409449	5755.83
3.7537519685	5748.3
3.76376377953	5740.71
3.77377559055	5732.78
3.78378346457	5724.85
3.79379527559	5716.92
3.80380314961	5708.99
3.81381496063	5701.06
3.82382283465	5693.13
3.83383464567	5685.2
3.84384251969	5677.27
3.85385433071	5669.34
3.86386220472	5661.31
3.87387401575	5652.99
3.88388582677	5644.66
3.89389370079	5636.33
3.90390551181	5628
3.91391338583	5619.67
3.92392519685	5611.34
3.93393307087	5603.01
3.94393700787	5594.68
3.95393700787	5586.35
3.96397637795	5577.9
3.97397637795	5569.24
3.98397637795	5560.57
3.99397637795	5551.9
4.00401574803	5543.23
4.01401574803	5534.56
4.02401574803	5525.9
4.03401574803	5517.23
4.04405511811	5508.56
4.05405511811	5499.89
4.06405511811	5491.07
4.07405511811	5482.07
4.08409448819	5473.07
4.09409448819	5464.07
4.10409448819	5455.07
4.11409448819	5446.07
4.12413385827	5437.08
4.13413385827	5428.08
4.14413385827	5419.08
4.15417322835	5410.08
4.16417322835	5401.01
4.17417322835	5391.88
4.18417322835	5382.75
4.19421259843	5373.63
4.20421259843	5364.5
4.21421259843	5355.37
4.22421259843	5346.24
4.2342519685	5337.12
4.2442519685	5327.99
4.2542519685	5318.86
4.2642519685	5309.68
4.27429133858	5300.47
4.28429133858	5291.26
4.29429133858	5282.05
4.30429133858	5272.84
4.31433070866	5263.63
4.32433070866	5254.42
4.33433070866	5245.21
4.34433070866	5236
4.35437007874	5226.79
4.36437007874	5217.79
4.37437007874	5208.84
4.38437007874	5199.9
4.39440944882	5190.95
4.40440944882	5182.01
4.41440944882	5173.07
4.42440944882	5164.12
4.4344488189	5155.18
4.4444488189	5146.23
4.4544488189	5137.29
4.4644488189	5128.76
4.47448818898	5120.27
4.48448818898	5111.78
4.49448818898	5103.3
4.50448818898	5094.81
4.51452755906	5086.32
4.52452755906	5077.84
4.53452755906	5069.35
4.54452755906	5060.86
4.55456692913	5052.38
4.56456692913	5044.75
4.57456692913	5037.12
4.58456692913	5029.49
4.59460629921	5021.86
4.60460629921	5014.23
4.61460629921	5006.6
4.62460629921	4998.97
4.63464566929	4991.34
4.64464566929	4983.71
4.65464566929	4976.22
4.66464566929	4969.77
4.67468503937	4963.33
4.68468503937	4956.88
4.69468503937	4950.44
4.70468503937	4943.99
4.71472440945	4937.55
4.72472440945	4931.1
4.73472440945	4924.66
4.74476377953	4918.21
4.75476377953	4912.1
4.76476377953	4907.08
4.77476377953	4902.06
4.78480314961	4897.05
4.79480314961	4892.03
4.80480314961	4887.02
4.81480314961	4882
4.82484251969	4876.99
4.83484251969	4871.97
4.84484251969	4866.96
4.85484251969	4862.55
4.86488188976	4859.35
4.87488188976	4856.15
4.88488188976	4852.94
4.89488188976	4849.74
4.90492125984	4846.54
4.91492125984	4843.34
4.92492125984	4840.13
4.93492125984	4836.93
4.94496062992	4833.73
4.95496062992	4831.12
4.96496062992	4829.26
4.97496062992	4827.41
4.985	4825.55
4.995	4823.69
5.005	4821.83
5.015	4819.97
5.02503937008	4818.11
5.03503937008	4816.25
5.04503937008	4814.4
5.05503937008	4813.13
5.06507874016	4812.33
5.07507874016	4811.53
5.08507874016	4810.73
5.09507874016	4809.93
5.10511811024	4809.13
5.11511811024	4808.34
5.12511811024	4807.54
5.13511811024	4806.74
5.14515748031	4805.94
5.15515748031	4806
5.16515748031	4806.49
5.17515748031	4806.98
5.18519685039	4807.47
5.19519685039	4807.96
5.20519685039	4808.45
5.21519685039	4808.94
5.22523622047	4809.43
5.23523622047	4809.92
5.24523622047	4810.42
5.25523622047	4811.73
5.26527559055	4813.28
5.27527559055	4814.83
5.28527559055	4816.38
5.29531496063	4817.94
5.30531496063	4819.49
5.31531496063	4821.04
5.32531496063	4822.6
5.33535433071	4824.15
5.34535433071	4825.7
5.35535433071	4828.05
5.36535433071	4830.51
5.37539370079	4832.97
5.38539370079	4835.43
5.39539370079	4837.89
5.40539370079	4840.35
5.41543307087	4842.8
5.42543307087	4845.26
5.43543307087	4847.72
5.44543307087	4850.18
5.45547244094	4853.49
5.46547244094	4856.8
5.47547244094	4860.12
5.48547244094	4863.43
5.49551181102	4866.75
5.50551181102	4870.06
5.51551181102	4873.37
5.52551181102	4876.69
5.5355511811	4880
5.5455511811	4883.35
5.5555511811	4886.96
5.5655511811	4890.57
5.57559055118	4894.18
5.58559055118	4897.79
5.59559055118	4901.4
5.60559055118	4905.01
5.61562992126	4908.63
5.62562992126	4912.24
5.63562992126	4915.85
5.64562992126	4919.49
5.65566929134	4923.26
5.66566929134	4927.03
5.67566929134	4930.8
5.68566929134	4934.57
5.69570866142	4938.34
5.70570866142	4942.11
5.71570866142	4945.88
5.72570866142	4949.65
5.7357480315	4953.43
5.7457480315	4957.3
5.7557480315	4961.42
5.7657480315	4965.53
5.77578740157	4969.65
5.78578740157	4973.76
5.79578740157	4977.88
5.80578740157	4981.99
5.81582677165	4986.11
5.82582677165	4990.22
5.83582677165	4994.34
5.84582677165	4998.72
5.85586614173	5003.47
5.86586614173	5008.22
5.87586614173	5012.97
5.88590551181	5017.72
5.89590551181	5022.47
5.90590551181	5027.22
5.91590551181	5031.97
5.92594488189	5036.72
5.93594488189	5041.47
5.94594488189	5046.53
5.95594488189	5051.87
5.96598425197	5057.2
5.97598425197	5062.54
5.98598425197	5067.87
5.99598425197	5073.2
6.00602362205	5078.54
6.01602362205	5083.87
6.02602362205	5089.2
6.03602362205	5094.54
6.04606299213	5100
6.05606299213	5105.54
6.06606299213	5111.07
6.07606299213	5116.61
6.0861023622	5122.14
6.0961023622	5127.68
6.1061023622	5133.21
6.1161023622	5138.75
6.12614173228	5144.29
6.13614173228	5149.82
6.14614173228	5155.2
6.15614173228	5160.54
6.16618110236	5165.87
6.17618110236	5171.21
6.18618110236	5176.54
6.19618110236	5181.87
6.20622047244	5187.21
6.21622047244	5192.54
6.22622047244	5197.88
6.23622047244	5203.21
6.24625984252	5208.25
6.25625984252	5213.24
6.26625984252	5218.23
6.27625984252	5223.22
6.2862992126	5228.22
6.2962992126	5233.21
6.3062992126	5238.2
6.3162992126	5243.19
6.32633858268	5248.18
6.33633858268	5253.17
6.34633858268	5257.95
6.35633858268	5262.73
6.36637795276	5267.5
6.37637795276	5272.27
6.38637795276	5277.05
6.39637795276	5281.82
6.40641732283	5286.59
6.41641732283	5291.37
6.42641732283	5296.14
6.43641732283	5300.91
6.44645669291	5305.69
6.45645669291	5310.47
6.46645669291	5315.24
6.47649606299	5320.02
6.48649606299	5324.8
6.49649606299	5329.58
6.50649606299	5334.35
6.51653543307	5339.13
6.52653543307	5343.91
6.53653543307	5348.71
6.54653543307	5353.62
6.55657480315	5358.53
6.56657480315	5363.45
6.57657480315	5368.36
6.58657480315	5373.27
6.59661417323	5378.19
6.60661417323	5383.1
6.61661417323	5388.01
6.62661417323	5392.92
6.63665354331	5397.86
6.64665354331	5402.87
6.65665354331	5407.88
6.66665354331	5412.89
6.67669291339	5417.9
6.68669291339	5422.9
6.69669291339	5427.91
6.70669291339	5432.92
6.71673228346	5437.93
6.72673228346	5442.93
6.73673228346	5447.91
6.74673228346	5452.83
6.75677165354	5457.76
6.76677165354	5462.68
6.77677165354	5467.61
6.78677165354	5472.53
6.79681102362	5477.46
6.80681102362	5482.38
6.81681102362	5487.31
6.82681102362	5492.23
6.8368503937	5497.01
6.8468503937	5501.65
6.8568503937	5506.29
6.8668503937	5510.93
6.87688976378	5515.57
6.88688976378	5520.21
6.89688976378	5524.85
6.90688976378	5529.48
6.91692913386	5534.12
6.92692913386	5538.76
6.93692913386	5543.15
6.94692913386	5547.38
6.95696850394	5551.62
6.96696850394	5555.85
6.97696850394	5560.08
6.98696850394	5564.31
6.99700787402	5568.55
7.00700787402	5572.78
7.01700787402	5577.01
7.02700787402	5581.25
7.03704724409	5585.17
7.04704724409	5588.99
7.05704724409	5592.81
7.06708661417	5596.63
7.07708661417	5600.44
7.08708661417	5604.26
7.09708661417	5608.08
7.10712598425	5611.9
7.11712598425	5615.71
7.12712598425	5619.53
7.13712598425	5623.08
7.14716535433	5626.58
7.15716535433	5630.07
7.16716535433	5633.57
7.17716535433	5637.07
7.18720472441	5640.57
7.19720472441	5644.06
7.20720472441	5647.56
7.21720472441	5651.06
7.22724409449	5654.56
7.23724409449	5657.89
7.24724409449	5661.21
7.25724409449	5664.53
7.26728346457	5667.85
7.27728346457	5671.17
7.28728346457	5674.49
7.29728346457	5677.81
7.30732283465	5681.13
7.31732283465	5684.46
7.32732283465	5687.77
7.33732283465	5691.03
7.34736220472	5694.29
7.35736220472	5697.55
7.36736220472	5700.81
7.37736220472	5704.07
7.3874015748	5707.33
7.3974015748	5710.59
7.4074015748	5713.85
7.4174015748	5717.11
7.42744094488	5720.37
7.43744094488	5723.64
7.44744094488	5726.9
7.45744094488	5730.17
7.46748031496	5733.43
7.47748031496	5736.7
7.48748031496	5739.97
7.49748031496	5743.23
7.50751968504	5746.5
7.51751968504	5749.76
7.52751968504	5753.03
7.53751968504	5756.31
7.54755905512	5759.59
7.55755905512	5762.86
7.56755905512	5766.14
7.57755905512	5769.42
7.5875984252	5772.69
7.5975984252	5775.97
7.6075984252	5779.25
7.6175984252	5782.52
7.62763779528	5785.79
7.63763779528	5789.03
7.64763779528	5792.27
7.65767716535	5795.51
7.66767716535	5798.75
7.67767716535	5801.99
7.68767716535	5805.23
7.69771653543	5808.48
7.70771653543	5811.72
7.71771653543	5814.96
7.72771653543	5818.14
7.73775590551	5821.27
7.74775590551	5824.39
7.75775590551	5827.51
7.76775590551	5830.64
7.77779527559	5833.76
7.78779527559	5836.89
7.79779527559	5840.01
7.80779527559	5843.14
7.81783464567	5846.26
7.82783464567	5849.27
7.83783464567	5852.2
7.84783464567	5855.13
7.85787401575	5858.06
7.86787401575	5860.99
7.87787401575	5863.92
7.88787401575	5866.85
7.89791338583	5869.79
7.90791338583	5872.72
7.91791338583	5875.65
7.92791338583	5878.41
7.93795275591	5881.11
7.94795275591	5883.81
7.95795275591	5886.5
7.96795275591	5889.2
7.97799212598	5891.9
7.98799212598	5894.6
7.99799212598	5897.29
8.00799212598	5899.99
8.01803149606	5902.69
8.02803149606	5905.19
8.03803149606	5907.64
8.04803149606	5910.09
8.05807086614	5912.55
8.06807086614	5915
8.07807086614	5917.45
8.08807086614	5919.91
8.09811023622	5922.36
8.10811023622	5924.81
8.11811023622	5927.26
8.12811023622	5929.51
8.1381496063	5931.73
8.1481496063	5933.96
8.1581496063	5936.19
8.1681496063	5938.41
8.17818897638	5940.64
8.18818897638	5942.87
8.19818897638	5945.09
8.20818897638	5947.32
8.21822834646	5949.54
8.22822834646	5951.58
8.23822834646	5953.62
8.24826771654	5955.66
8.25826771654	5957.7
8.26826771654	5959.74
8.27826771654	5961.78
8.28830708661	5963.82
8.29830708661	5965.86
8.30830708661	5967.9
8.31830708661	5969.92
8.32834645669	5971.81
8.33834645669	5973.71
8.34834645669	5975.6
8.35834645669	5977.5
8.36838582677	5979.4
8.37838582677	5981.29
8.38838582677	5983.19
8.39838582677	5985.08
8.40842519685	5986.98
8.41842519685	5988.84
8.42842519685	5990.63
8.43842519685	5992.42
8.44846456693	5994.21
8.45846456693	5995.99
8.46846456693	5997.78
8.47846456693	5999.57
8.48850393701	6001.35
8.49850393701	6003.14
8.50850393701	6004.93
8.51850393701	6006.69
8.52854330709	6008.41
8.53854330709	6010.12
8.54854330709	6011.84
8.55854330709	6013.55
8.56858267717	6015.27
8.57858267717	6016.99
8.58858267717	6018.7
8.59858267717	6020.42
8.60862204724	6022.14
8.61862204724	6023.83
8.62862204724	6025.49
8.63862204724	6027.15
8.64866141732	6028.82
8.65866141732	6030.48
8.66866141732	6032.14
8.67866141732	6033.81
8.6887007874	6035.47
8.6987007874	6037.13
8.7087007874	6038.8
8.7187007874	6040.44
8.72874015748	6042.06
8.73874015748	6043.68
8.74874015748	6045.31
8.75874015748	6046.93
8.76877952756	6048.55
8.77877952756	6050.18
8.78877952756	6051.8
8.79877952756	6053.43
8.80881889764	6055.05
8.81881889764	6056.64
8.82881889764	6058.21
8.83885826772	6059.78
8.84885826772	6061.35
8.85885826772	6062.92
8.86885826772	6064.49
8.8788976378	6066.06
8.8888976378	6067.63
8.8988976378	6069.2
8.9088976378	6070.77
8.91893700787	6072.28
8.92893700787	6073.78
8.93893700787	6075.28
8.94893700787	6076.78
8.95897637795	6078.27
8.96897637795	6079.77
8.97897637795	6081.27
8.98897637795	6082.76
8.99901574803	6084.26
9.00901574803	6085.76
9.01901574803	6087.15
9.02901574803	6088.52
9.03905511811	6089.9
9.04905511811	6091.28
9.05905511811	6092.65
9.06905511811	6094.03
9.07909448819	6095.41
9.08909448819	6096.79
9.09909448819	6098.16
9.10909448819	6099.54
9.11913385827	6100.77
9.12913385827	6102
9.13913385827	6103.24
9.14913385827	6104.47
9.15917322835	6105.71
9.16917322835	6106.94
9.17917322835	6108.17
9.18917322835	6109.41
9.19921259843	6110.64
9.20921259843	6111.85
9.21921259843	6112.88
9.22921259843	6113.91
9.2392519685	6114.95
9.2492519685	6115.98
9.2592519685	6117.01
9.2692519685	6118.04
9.27929133858	6119.07
9.28929133858	6120.1
9.29929133858	6121.14
9.30929133858	6122.11
9.31933070866	6122.92
9.32933070866	6123.72
9.33933070866	6124.53
9.34933070866	6125.33
9.35937007874	6126.13
9.36937007874	6126.94
9.37937007874	6127.74
9.38937007874	6128.54
9.39940944882	6129.35
9.40940944882	6130.05
9.41940944882	6130.59
9.4294488189	6131.12
9.4394488189	6131.65
9.4494488189	6132.18
9.4594488189	6132.71
9.46948818898	6133.24
9.47948818898	6133.77
9.48948818898	6134.3
9.49948818898	6134.83
9.50952755906	6135.25
9.51952755906	6135.54
9.52952755906	6135.83
9.53952755906	6136.13
9.54956692913	6136.42
9.55956692913	6136.71
9.56956692913	6137.01
9.57956692913	6137.3
9.58960629921	6137.59
9.59960629921	6137.89
9.60960629921	6138.09
9.61960629921	6138.21
9.62964566929	6138.34
9.63964566929	6138.47
9.64964566929	6138.6
9.65964566929	6138.73
9.66968503937	6138.85
9.67968503937	6138.98
9.68968503937	6139.11
9.69968503937	6139.24
9.70972440945	6139.29
9.71972440945	6139.3
9.72972440945	6139.32
9.73972440945	6139.33
9.74976377953	6139.35
9.75976377953	6139.37
9.76976377953	6139.38
9.77976377953	6139.4
9.78980314961	6139.41
9.79980314961	6139.43
9.80980314961	6139.25
9.81980314961	6139.01
9.82984251969	6138.78
9.83984251969	6138.55
9.84984251969	6138.31
9.85984251969	6138.08
9.86988188976	6137.85
9.87988188976	6137.61
9.88988188976	6137.38
9.89988188976	6137.14
9.90992125984	6137.01
9.91992125984	6136.9
9.92992125984	6136.78
9.93992125984	6136.66
9.94996062992	6136.54
9.95996062992	6136.43
9.96996062992	6136.31
9.97996062992	6136.19
9.99	6136.07
10.0	6135.95
