0.0	0.228218206158
0.01001	0.228242302544
0.0200200393701	0.228266398929
0.0300300393701	0.228290495315
0.0400401574803	0.2283145917
0.05005	0.228338688086
0.0600602362205	0.228409638554
0.0700700787402	0.228480589023
0.0800799212598	0.228552208835
0.0900901574803	0.228623159304
0.1001	0.228694779116
0.11011023622	0.228835341365
0.12012007874	0.228975903614
0.130130314961	0.229115796519
0.14014015748	0.229256358768
0.15015	0.229396921017
0.16016023622	0.22953815261
0.17017007874	0.229678714859
0.180180314961	0.229819946452
0.19019015748	0.229960508701
0.200200393701	0.230101740295
0.21021023622	0.230242971888
0.22022007874	0.230383534137
0.230230314961	0.23052476573
0.24024015748	0.230665997323
0.250250393701	0.230806559572
0.26026023622	0.230947791165
0.27027007874	0.231089022758
0.280280314961	0.231229585007
0.29029015748	0.2313708166
0.300300393701	0.231511378849
0.31031023622	0.231652610442
0.320320472441	0.231793842035
0.330330314961	0.231935073628
0.34034015748	0.232075635877
0.350350393701	0.23221686747
0.36036023622	0.232358768407
0.370370472441	0.232501338688
0.380380314961	0.232643239625
0.390390551181	0.232785140562
0.400401574803	0.232927710843
0.410409448819	0.233072289157
0.420421259843	0.233217536814
0.430429133858	0.233362784471
0.440440944882	0.233508032129
0.450448818898	0.233653279786
0.460460629921	0.233803212851
0.470468503937	0.233952476573
0.480480314961	0.234102409639
0.490492125984	0.234252342704
0.5005	0.23440227577
0.510511811024	0.234562248996
0.520519685039	0.234722222222
0.530531496063	0.234882195448
0.540539370079	0.235042168675
0.550551181102	0.235202811245
0.560559055118	0.2353708166
0.570570866142	0.235539491299
0.580578740157	0.235708165997
0.590590551181	0.235876840696
0.600602362205	0.236046184739
0.61061023622	0.236232931727
0.620622047244	0.236419678715
0.63062992126	0.236606425703
0.640641732283	0.236793172691
0.650649606299	0.236980589023
0.660661417323	0.237178045515
0.670669291339	0.237376171352
0.680681102362	0.237573627845
0.690688976378	0.237771084337
0.700700787402	0.237970548862
0.710712598425	0.23818875502
0.720720472441	0.238406291834
0.730732283465	0.238624497992
0.74074015748	0.23884270415
0.750751968504	0.239061579652
0.76075984252	0.239295180723
0.770771653543	0.239528781794
0.780779527559	0.239762382865
0.790791338583	0.239995983936
0.800799212598	0.240230923695
0.810811023622	0.240482597055
0.820818897638	0.240733601071
0.830830708661	0.240984605087
0.840842519685	0.241236278447
0.850850393701	0.241489290495
0.860862204724	0.241757697456
0.87087007874	0.242025435074
0.880881889764	0.242293842035
0.89088976378	0.242562248996
0.900901574803	0.242831994645
0.910909448819	0.243117135207
0.920921259843	0.24340227577
0.930929133858	0.243687416332
0.940940944882	0.243972556894
0.950952755906	0.244259705489
0.960960629921	0.244561579652
0.970972440945	0.244863453815
0.980980314961	0.245165997323
0.990992125984	0.245467871486
1.001	0.245771753681
1.01101181102	0.246090361446
1.02101968504	0.246409638554
1.03103149606	0.246728246319
1.04103937008	0.247047523427
1.0510511811	0.247368139224
1.06106299213	0.247704149933
1.07107086614	0.248040160643
1.08108267717	0.248376171352
1.09109055118	0.248712851406
1.1011023622	0.249050200803
1.11111023622	0.249403614458
1.12112204724	0.249757028112
1.13112992126	0.250109772423
1.14114173228	0.250463186078
1.1511496063	0.250818607764
1.16116141732	0.25118875502
1.17116929134	0.25155957162
1.18118110236	0.25193038822
1.19119291339	0.252301204819
1.2012007874	0.252673360107
1.21121259843	0.253061579652
1.22122047244	0.253449799197
1.23123228346	0.253838018742
1.24124015748	0.254226238286
1.2512519685	0.254616465863
1.26125984252	0.255022757697
1.27127165354	0.255429049531
1.28127952756	0.255834672021
1.29129133858	0.256240963855
1.30130314961	0.256649263722
1.31131102362	0.257073627845
1.32132283465	0.257497991968
1.33133070866	0.257922356091
1.34134251969	0.258346720214
1.3513503937	0.258773761714
1.36136220472	0.25921686747
1.37137007874	0.259659973226
1.38138188976	0.260103078983
1.39138976378	0.260546184739
1.4014015748	0.260991967871
1.41140944882	0.261453815261
1.42142125984	0.261916331995
1.43143307087	0.262378179384
1.44144094488	0.262840026774
1.45145275591	0.263305220884
1.46146062992	0.263787148594
1.47147244094	0.264269076305
1.48148031496	0.264751004016
1.49149212598	0.265232931727
1.5015	0.265717536814
1.51151181102	0.266219544846
1.52151968504	0.266721552878
1.53153149606	0.267222891566
1.54154330709	0.267724899598
1.5515511811	0.268230254351
1.56156299213	0.268753012048
1.57157086614	0.269275769746
1.58158267717	0.269798527443
1.59159055118	0.270321285141
1.6016023622	0.270847389558
1.61161023622	0.271390896921
1.62162204724	0.271935073628
1.63162992126	0.272478580991
1.64164173228	0.273022757697
1.65165354331	0.273570281124
1.66166141732	0.274135876841
1.67167322835	0.274702141901
1.68168110236	0.275267737617
1.69169291339	0.275834002677
1.7017007874	0.276403614458
1.71171259843	0.276991967871
1.72172047244	0.277580321285
1.73173228346	0.278168674699
1.74174015748	0.278757028112
1.7517519685	0.279350066934
1.76175984252	0.279961178046
1.77177165354	0.280572958501
1.78178346457	0.281184738956
1.79179133858	0.281796519411
1.80180314961	0.28241231593
1.81181102362	0.283047523427
1.82182283465	0.283682730924
1.83183070866	0.28431793842
1.84184251969	0.284953145917
1.8518503937	0.285593038822
1.86186220472	0.286252342704
1.87187007874	0.286911646586
1.88188188976	0.287570950469
1.89189370079	0.288230923695
1.9019015748	0.288894912985
1.91191338583	0.289578982597
1.92192125984	0.290263052209
1.93193307087	0.290947121821
1.94194094488	0.291631191432
1.95195275591	0.292319946452
1.96196062992	0.293029451138
1.97197244094	0.293738955823
1.98198031496	0.294448460509
1.99199212598	0.295157965194
2.00200393701	0.295872824632
2.01201181102	0.296607764391
2.02202362205	0.29734270415
2.03203149606	0.298078313253
2.04204330709	0.298813253012
2.0520511811	0.299553547523
2.06206299213	0.300315261044
2.07207086614	0.301076974565
2.08208267717	0.301838688086
2.09209055118	0.302600401606
2.1021023622	0.30336746988
2.11211023622	0.304155957162
2.12212204724	0.304944444444
2.13213385827	0.305732931727
2.14214173228	0.306521419009
2.15215354331	0.307315930388
2.16216141732	0.308131860776
2.17217322835	0.308948460509
2.18218110236	0.309764390897
2.19219291339	0.310580321285
2.2022007874	0.311402945114
2.21221259843	0.312246987952
2.22222047244	0.31309103079
2.23223228346	0.313935073628
2.24224409449	0.31477978581
2.2522519685	0.315630522088
2.26226377953	0.31650334672
2.27227165354	0.317376171352
2.28228346457	0.318249665328
2.29229133858	0.31912248996
2.30230314961	0.320002677376
2.31231102362	0.320904953146
2.32232283465	0.321807228916
2.33233070866	0.322710174029
2.34234251969	0.323612449799
2.3523503937	0.324522088353
2.36236220472	0.325454484605
2.37237401575	0.326386880857
2.38238188976	0.327319277108
2.39239370079	0.328252342704
2.4024015748	0.32919210174
2.41241338583	0.330155287818
2.42242125984	0.331117804552
2.43243307087	0.332080990629
2.44244094488	0.333044176707
2.45245275591	0.334015394913
2.46246062992	0.335009370817
2.47247244094	0.336004016064
2.48248425197	0.336998661312
2.49249212598	0.337992637216
2.50250393701	0.338995314592
2.51251181102	0.340021419009
2.52252362205	0.341047523427
2.53253149606	0.342073627845
2.54254330709	0.343099732262
2.5525511811	0.344134538153
2.56256299213	0.345193440428
2.57257086614	0.346252342704
2.58258267717	0.347310575636
2.59259448819	0.348369477912
2.6026023622	0.34943708166
2.61261417323	0.350528781794
2.62262204724	0.351620481928
2.63263385827	0.352712182062
2.64264173228	0.353803882195
2.65265354331	0.354904953146
2.66266141732	0.356030120482
2.67267322835	0.357155957162
2.68268110236	0.358281793842
2.69269291339	0.359406961178
2.7027007874	0.360542168675
2.71271259843	0.361702141901
2.72272440945	0.362861445783
2.73273228346	0.364021419009
2.74274409449	0.365181392236
2.7527519685	0.366350736278
2.76276377953	0.367545515395
2.77277165354	0.368740294511
2.78278346457	0.369935742972
2.79279133858	0.371130522088
2.80280314961	0.372335341365
2.81281102362	0.373565595716
2.82282283465	0.374795850067
2.83283464567	0.376026104418
2.84284251969	0.377256358768
2.85285433071	0.378497322624
2.86286220472	0.379763721553
2.87287401575	0.381030120482
2.88288188976	0.382296519411
2.89289370079	0.38356291834
2.9029015748	0.384840026774
2.91291338583	0.386143239625
2.92292125984	0.387446452477
2.93293307087	0.388749665328
2.94294488189	0.390052878179
2.95295275591	0.391366800535
2.96296456693	0.392706827309
2.97297244094	0.394047523427
2.98298425197	0.395387550201
2.99299212598	0.396728246319
3.00300393701	0.398079651941
3.01301181102	0.399457161981
3.02302362205	0.400835341365
3.03303149606	0.402212851406
3.04304330709	0.40359103079
3.0530511811	0.404979919679
3.06306299213	0.406396251673
3.07307480315	0.407811914324
3.08308267717	0.409227576975
3.09309448819	0.410643239625
3.1031023622	0.412070950469
3.11311417323	0.413525435074
3.12312204724	0.414979250335
3.13313385827	0.416433065596
3.14314173228	0.417887550201
3.15315354331	0.419353413655
3.16316141732	0.42084605087
3.17317322835	0.422338688086
3.18318503937	0.423831325301
3.19319291339	0.425323962517
3.20320472441	0.426828647925
3.21321259843	0.428360107095
3.22322440945	0.429891566265
3.23323228346	0.431422356091
3.24324409449	0.432953815261
3.2532519685	0.434497991968
3.26326377953	0.436067603748
3.27327165354	0.437637884873
3.28328346457	0.439207496653
3.29329133858	0.440777777778
3.30330314961	0.442360776439
3.31331496063	0.443969210174
3.32332283465	0.445577643909
3.33333464567	0.447186746988
3.34334251969	0.448795180723
3.35335433071	0.450417001339
3.36336220472	0.452064257028
3.37337401575	0.453711512718
3.38338188976	0.455358768407
3.39339370079	0.457006024096
3.4034015748	0.458665997323
3.41341338583	0.460352074967
3.42342519685	0.462037483266
3.43343307087	0.463722891566
3.44344488189	0.465408299866
3.45345275591	0.467107095047
3.46346456693	0.468829986613
3.47347244094	0.470553547523
3.48348425197	0.472277108434
3.49349212598	0.474000669344
3.50350393701	0.475736947791
3.51351181102	0.477497322624
3.52352362205	0.479257697456
3.53353543307	0.481018072289
3.54354330709	0.482779116466
3.55355511811	0.484552208835
3.56356299213	0.48634939759
3.57357480315	0.488145917001
3.58358267717	0.489943105756
3.59359448819	0.491740294511
3.6036023622	0.493549531459
3.61361417323	0.495382195448
3.62362204724	0.497214190094
3.63363385827	0.499046854083
3.64364173228	0.500878848728
3.65365354331	0.502724230254
3.66366535433	0.504590361446
3.67367322835	0.506456492637
3.68368503937	0.508323293173
3.69369291339	0.510189424364
3.70370472441	0.512068273092
3.71371259843	0.513967202142
3.72372440945	0.515866131191
3.73373228346	0.517765060241
3.74374409449	0.519664658635
3.7537519685	0.521574966533
3.76376377953	0.523504685408
3.77377559055	0.525434404284
3.78378346457	0.527364123159
3.79379527559	0.529294511379
3.80380314961	0.531234939759
3.81381496063	0.533193440428
3.82382283465	0.535151941098
3.83383464567	0.537109772423
3.84384251969	0.539068273092
3.85385433071	0.541036813922
3.86386220472	0.543021419009
3.87387401575	0.545005354752
3.88388582677	0.546989959839
3.89389370079	0.548974564926
3.90390551181	0.550967871486
3.91391338583	0.55297523427
3.92392519685	0.554982597055
3.93393307087	0.556989959839
3.94393700787	0.558997991968
3.95393700787	0.561012717537
3.96397637795	0.563040160643
3.97397637795	0.565066934404
3.98397637795	0.56709437751
3.99397637795	0.569121151272
4.00401574803	0.571154618474
4.01401574803	0.573197456493
4.02401574803	0.575240294511
4.03401574803	0.57728313253
4.04405511811	0.579325970549
4.05405511811	0.581372824632
4.06405511811	0.583427041499
4.07405511811	0.585480589023
4.08409448819	0.58753480589
4.09409448819	0.589588353414
4.10409448819	0.591645247657
4.11409448819	0.593704819277
4.12413385827	0.595765060241
4.13413385827	0.597824631861
4.14413385827	0.599884872825
4.15417322835	0.601945113788
4.16417322835	0.604005354752
4.17417322835	0.606065595716
4.18417322835	0.608125167336
4.19421259843	0.6101854083
4.20421259843	0.612242971888
4.21421259843	0.614297188755
4.22421259843	0.616350736278
4.2342519685	0.618404953146
4.2442519685	0.620459170013
4.2542519685	0.622507362784
4.2642519685	0.624547523427
4.27429133858	0.62658768407
4.28429133858	0.628627844712
4.29429133858	0.630668674699
4.30429133858	0.632699464525
4.31433070866	0.634718206158
4.32433070866	0.636737617135
4.33433070866	0.638756358768
4.34433070866	0.640775100402
4.35437007874	0.642780455154
4.36437007874	0.644769076305
4.37437007874	0.646757697456
4.38437007874	0.648746318608
4.39440944882	0.650734270415
4.40440944882	0.652705488621
4.41440944882	0.65465394913
4.42440944882	0.656602409639
4.4344488189	0.658551539491
4.4444488189	0.6605
4.4544488189	0.662426372155
4.4644488189	0.664324631861
4.47448818898	0.66622356091
4.48448818898	0.668121820616
4.49448818898	0.670020080321
4.50448818898	0.671894243641
4.51452755906	0.673728246319
4.52452755906	0.675568942436
4.53452755906	0.677402945114
4.54452755906	0.679243641232
4.55456692913	0.681044176707
4.56456692913	0.68281124498
4.57456692913	0.684578313253
4.58456692913	0.686345381526
4.59460629921	0.688112449799
4.60460629921	0.68983935743
4.61460629921	0.691519410977
4.62460629921	0.693199464525
4.63464566929	0.694886211513
4.64464566929	0.69656626506
4.65464566929	0.698206157965
4.66464566929	0.699792503347
4.67468503937	0.701378848728
4.68468503937	0.70296519411
4.69468503937	0.704558232932
4.70468503937	0.70609103079
4.71472440945	0.707576974565
4.72472440945	0.7090562249
4.73472440945	0.710542168675
4.74476377953	0.712021419009
4.75476377953	0.713447121821
4.76476377953	0.714812583668
4.77476377953	0.716184738956
4.78480314961	0.717550200803
4.79480314961	0.718915662651
4.80480314961	0.720220883534
4.81480314961	0.721465863454
4.82484251969	0.722704149933
4.83484251969	0.723949129853
4.84484251969	0.725187416332
4.85484251969	0.726365461847
4.86488188976	0.727476572959
4.87488188976	0.72858768407
4.88488188976	0.72969210174
4.89488188976	0.730803212851
4.90492125984	0.731847389558
4.91492125984	0.73281793842
4.92492125984	0.733788487282
4.93492125984	0.734759036145
4.94496062992	0.735729585007
4.95496062992	0.736626506024
4.96496062992	0.737456492637
4.97496062992	0.73828647925
4.985	0.739109772423
4.995	0.739939759036
5.005	0.740689424364
5.015	0.741372155288
5.02503937008	0.742054886212
5.03503937008	0.742730923695
5.04503937008	0.743413654618
5.05503937008	0.744022757697
5.06507874016	0.744551539491
5.07507874016	0.745080321285
5.08507874016	0.745615796519
5.09507874016	0.746144578313
5.10511811024	0.746599732262
5.11511811024	0.746981258367
5.12511811024	0.747369477912
5.13511811024	0.747751004016
5.14515748031	0.74813253012
5.15515748031	0.74843373494
5.16515748031	0.748668005355
5.17515748031	0.74890227577
5.18519685039	0.749136546185
5.19519685039	0.749364123159
5.20519685039	0.749484605087
5.21519685039	0.749497991968
5.22523622047	0.749518072289
5.23523622047	0.74953145917
5.24523622047	0.749544846051
5.25523622047	0.749471218206
5.26527559055	0.749330655957
5.27527559055	0.749183400268
5.28527559055	0.749036144578
5.29531496063	0.748888888889
5.30531496063	0.748621151272
5.31531496063	0.748259705489
5.32531496063	0.747891566265
5.33535433071	0.747523427041
5.34535433071	0.747155287818
5.35535433071	0.746666666667
5.36535433071	0.746077643909
5.37539370079	0.745481927711
5.38539370079	0.744886211513
5.39539370079	0.744297188755
5.40539370079	0.743607764391
5.41543307087	0.742851405622
5.42543307087	0.742088353414
5.43543307087	0.741325301205
5.44543307087	0.740562248996
5.45547244094	0.739725568942
5.46547244094	0.738821954485
5.47547244094	0.737925033467
5.48547244094	0.737021419009
5.49551181102	0.736117804552
5.50551181102	0.735147255689
5.51551181102	0.734116465863
5.52551181102	0.733085676037
5.5355511811	0.732048192771
5.5455511811	0.731017402945
5.5555511811	0.729919678715
5.5655511811	0.728768406961
5.57559055118	0.727617135207
5.58559055118	0.726465863454
5.59559055118	0.7253145917
5.60559055118	0.724103078983
5.61562992126	0.722844712182
5.62562992126	0.721586345382
5.63562992126	0.720327978581
5.64562992126	0.71906961178
5.65566929134	0.717757697456
5.66566929134	0.71641231593
5.67566929134	0.715066934404
5.68566929134	0.713721552878
5.69570866142	0.712376171352
5.70570866142	0.710990629183
5.71570866142	0.709578313253
5.72570866142	0.708165997323
5.7357480315	0.706753681392
5.7457480315	0.705341365462
5.7557480315	0.70390227577
5.7657480315	0.702443105756
5.77578740157	0.700990629183
5.78578740157	0.69953145917
5.79578740157	0.698078982597
5.80578740157	0.696606425703
5.81582677165	0.695133868809
5.82582677165	0.693661311914
5.83582677165	0.69218206158
5.84582677165	0.690709504685
5.85586614173	0.689230254351
5.86586614173	0.687757697456
5.87586614173	0.686285140562
5.88590551181	0.684812583668
5.89590551181	0.683340026774
5.90590551181	0.68188085676
5.91590551181	0.680428380187
5.92594488189	0.678975903614
5.93594488189	0.677530120482
5.94594488189	0.676077643909
5.95594488189	0.674645247657
5.96598425197	0.673226238286
5.97598425197	0.671813922356
5.98598425197	0.670394912985
5.99598425197	0.668982597055
6.00602362205	0.667595716198
6.01602362205	0.666228915663
6.02602362205	0.664862115127
6.03602362205	0.663494645248
6.04606299213	0.662127844712
6.05606299213	0.660795180723
6.06606299213	0.659485943775
6.07606299213	0.658176037483
6.0861023622	0.656866800535
6.0961023622	0.655556894244
6.1061023622	0.654284471218
6.1161023622	0.653035475234
6.12614173228	0.65178647925
6.13614173228	0.650536813922
6.14614173228	0.649287817938
6.15614173228	0.648073627845
6.16618110236	0.646881526104
6.17618110236	0.64568875502
6.18618110236	0.64449665328
6.19618110236	0.643303882195
6.20622047244	0.642141231593
6.21622047244	0.640995983936
6.22622047244	0.639850736278
6.23622047244	0.638706157965
6.24625984252	0.637560910308
6.25625984252	0.636437751004
6.26625984252	0.635327978581
6.27625984252	0.634218206158
6.2862992126	0.633108433735
6.2962992126	0.631998661312
6.3062992126	0.63090227577
6.3162992126	0.629813922356
6.32633858268	0.628726238286
6.33633858268	0.627637884873
6.34633858268	0.626549531459
6.35633858268	0.625467871486
6.36637795276	0.624390227577
6.37637795276	0.623311914324
6.38637795276	0.622233601071
6.39637795276	0.621155957162
6.40641732283	0.620078313253
6.41641732283	0.619001338688
6.42641732283	0.617924364123
6.43641732283	0.616847389558
6.44645669291	0.615769745649
6.45645669291	0.614690093708
6.46645669291	0.613607764391
6.47649606299	0.612526104418
6.48649606299	0.611444444444
6.49649606299	0.610362115127
6.50649606299	0.609275100402
6.51653543307	0.608186077644
6.52653543307	0.607096385542
6.53653543307	0.60600669344
6.54653543307	0.604917001339
6.55657480315	0.603822623829
6.56657480315	0.602724899598
6.57657480315	0.601627844712
6.58657480315	0.600530120482
6.59661417323	0.599433065596
6.60661417323	0.598331325301
6.61661417323	0.597228246319
6.62661417323	0.596124497992
6.63665354331	0.595020749665
6.64665354331	0.593917001339
6.65665354331	0.59281124498
6.66665354331	0.591704819277
6.67669291339	0.59059772423
6.68669291339	0.589491298527
6.69669291339	0.588384203481
6.70669291339	0.587277777778
6.71673228346	0.586170682731
6.72673228346	0.585064257028
6.73673228346	0.583957161981
6.74673228346	0.582850736278
6.75677165354	0.581745649264
6.76677165354	0.580642570281
6.77677165354	0.579538821954
6.78677165354	0.578435742972
6.79681102362	0.577331994645
6.80681102362	0.576233601071
6.81681102362	0.575136546185
6.82681102362	0.574039491299
6.8368503937	0.572943105756
6.8468503937	0.57184605087
6.8568503937	0.570755689424
6.8668503937	0.569669344043
6.87688976378	0.568582329317
6.88688976378	0.567495314592
6.89688976378	0.566408299866
6.90688976378	0.565330655957
6.91692913386	0.564257028112
6.92692913386	0.563182730924
6.93692913386	0.562109103079
6.94692913386	0.56103480589
6.95696850394	0.55997188755
6.96696850394	0.558913654618
6.97696850394	0.557854752343
6.98696850394	0.556796519411
6.99700787402	0.555737617135
7.00700787402	0.554691432396
7.01700787402	0.553649933066
7.02700787402	0.552608433735
7.03704724409	0.551566934404
7.04704724409	0.550526104418
7.05704724409	0.549497322624
7.06708661417	0.548474564926
7.07708661417	0.547451807229
7.08708661417	0.546429049531
7.09708661417	0.545406291834
7.10712598425	0.544397590361
7.11712598425	0.543394243641
7.12712598425	0.542390896921
7.13712598425	0.541387550201
7.14716535433	0.540384203481
7.15716535433	0.539394912985
7.16716535433	0.538411646586
7.17716535433	0.537427710843
7.18720472441	0.536444444444
7.19720472441	0.535461178046
7.20720472441	0.534491967871
7.21720472441	0.533528781794
7.22724409449	0.532565595716
7.23724409449	0.531602409639
7.24724409449	0.530638554217
7.25724409449	0.529690093708
7.26728346457	0.528746987952
7.27728346457	0.527803212851
7.28728346457	0.526860107095
7.29728346457	0.525917001339
7.30732283465	0.524988621151
7.31732283465	0.524064926372
7.32732283465	0.523141231593
7.33732283465	0.522218206158
7.34736220472	0.521294511379
7.35736220472	0.520385542169
7.36736220472	0.519481927711
7.37736220472	0.518578313253
7.3874015748	0.517674029451
7.3974015748	0.516770414993
7.4074015748	0.51588085676
7.4174015748	0.514995983936
7.42744094488	0.514111780455
7.43744094488	0.513226907631
7.44744094488	0.51234270415
7.45744094488	0.51147188755
7.46748031496	0.510606425703
7.47748031496	0.509740294511
7.48748031496	0.508874832664
7.49748031496	0.508009370817
7.50751968504	0.50715729585
7.51751968504	0.506310575636
7.52751968504	0.505463186078
7.53751968504	0.504615796519
7.54755905512	0.503769076305
7.55755905512	0.502935742972
7.56755905512	0.502107095047
7.57755905512	0.501277777778
7.5875984252	0.500449129853
7.5975984252	0.499620481928
7.6075984252	0.498805890228
7.6175984252	0.497995314592
7.62763779528	0.497184738956
7.63763779528	0.49637416332
7.64763779528	0.495563587684
7.65767716535	0.494767068273
7.66767716535	0.493974564926
7.67767716535	0.49318206158
7.68767716535	0.492389558233
7.69771653543	0.49159772423
7.70771653543	0.490819277108
7.71771653543	0.490044846051
7.72771653543	0.489270414993
7.73775590551	0.48849665328
7.74775590551	0.487722222222
7.75775590551	0.48696184739
7.76775590551	0.486206157965
7.77779527559	0.485449799197
7.78779527559	0.484693440428
7.79779527559	0.483937751004
7.80779527559	0.483195448461
7.81783464567	0.482457161981
7.82783464567	0.481719544846
7.83783464567	0.480981258367
7.84783464567	0.480242971888
7.85787401575	0.479519410977
7.86787401575	0.478799196787
7.87787401575	0.478078982597
7.88787401575	0.477359437751
7.89791338583	0.476639223561
7.90791338583	0.47593373494
7.91791338583	0.475232262383
7.92791338583	0.474530120482
7.93795275591	0.473828647925
7.94795275591	0.473127175368
7.95795275591	0.472439759036
7.96795275591	0.471756358768
7.97799212598	0.471072958501
7.98799212598	0.470389558233
7.99799212598	0.469706157965
8.00799212598	0.469037483266
8.01803149606	0.468372824632
8.02803149606	0.467707496653
8.03803149606	0.467042838019
8.04803149606	0.46637751004
8.05807086614	0.465726907631
8.06807086614	0.465080321285
8.07807086614	0.46443373494
8.08807086614	0.463787148594
8.09811023622	0.463139892905
8.10811023622	0.462508032129
8.11811023622	0.461879518072
8.12811023622	0.461251004016
8.1381496063	0.460623159304
8.1481496063	0.459994645248
8.1581496063	0.45938085676
8.1681496063	0.458771084337
8.17818897638	0.45816064257
8.18818897638	0.457550870147
8.19818897638	0.45694042838
8.20818897638	0.456345381526
8.21822834646	0.455753681392
8.22822834646	0.455161981258
8.23822834646	0.45456961178
8.24826771654	0.453977911647
8.25826771654	0.453401606426
8.26826771654	0.452827978581
8.27826771654	0.452254350736
8.28830708661	0.451680722892
8.29830708661	0.451107095047
8.30830708661	0.450548862115
8.31830708661	0.44999330656
8.32834645669	0.449437751004
8.33834645669	0.448882195448
8.34834645669	0.448326639893
8.35834645669	0.44778647925
8.36838582677	0.447248995984
8.37838582677	0.446711512718
8.38838582677	0.446174029451
8.39838582677	0.445636546185
8.40842519685	0.445114457831
8.41842519685	0.444595046854
8.42842519685	0.444074966533
8.43842519685	0.443555555556
8.44846456693	0.443036144578
8.45846456693	0.442532128514
8.46846456693	0.442030120482
8.47846456693	0.441528781794
8.48850393701	0.441027443106
8.49850393701	0.440525435074
8.50850393701	0.440039491299
8.51850393701	0.439555555556
8.52854330709	0.439071619813
8.53854330709	0.43858768407
8.54854330709	0.438104417671
8.55854330709	0.437635207497
8.56858267717	0.437169344043
8.57858267717	0.436703480589
8.58858267717	0.436236947791
8.59858267717	0.435771084337
8.60862204724	0.435319946452
8.61862204724	0.434871485944
8.62862204724	0.434423025435
8.63862204724	0.433974564926
8.64866141732	0.433526104418
8.65866141732	0.433092369478
8.66866141732	0.432661981258
8.67866141732	0.432230923695
8.6887007874	0.431799866131
8.6987007874	0.431368808568
8.7087007874	0.430952476573
8.7187007874	0.430538821954
8.72874015748	0.430125167336
8.73874015748	0.429711512718
8.74874015748	0.429297858099
8.75874015748	0.428899598394
8.76877952756	0.428502677376
8.77877952756	0.428106425703
8.78877952756	0.427710174029
8.79877952756	0.427313922356
8.80881889764	0.426932396252
8.81881889764	0.426552878179
8.82881889764	0.426174029451
8.83885826772	0.425794511379
8.84885826772	0.425414993307
8.85885826772	0.425050870147
8.86885826772	0.42468875502
8.8788976378	0.424326639893
8.8888976378	0.423963855422
8.8988976378	0.423601740295
8.9088976378	0.423254350736
8.91893700787	0.42290896921
8.92893700787	0.422563587684
8.93893700787	0.422218206158
8.94893700787	0.421872824632
8.95897637795	0.421542838019
8.96897637795	0.421214190094
8.97897637795	0.420885542169
8.98897637795	0.420556894244
8.99901574803	0.420228246319
9.00901574803	0.419914323963
9.01901574803	0.419602409639
9.02901574803	0.419290495315
9.03905511811	0.418978580991
9.04905511811	0.418666666667
9.05905511811	0.418369477912
9.06905511811	0.418073627845
9.07909448819	0.417777777778
9.08909448819	0.417482597055
9.09909448819	0.417186746988
9.10909448819	0.416906291834
9.11913385827	0.416626506024
9.12913385827	0.416347389558
9.13913385827	0.416068273092
9.14913385827	0.415788487282
9.15917322835	0.415524096386
9.16917322835	0.415261044177
9.17917322835	0.414997322624
9.18917322835	0.414734270415
9.19921259843	0.414471218206
9.20921259843	0.414222222222
9.21921259843	0.413974564926
9.22921259843	0.413727576975
9.2392519685	0.413479919679
9.2492519685	0.413232262383
9.2592519685	0.412999330656
9.2692519685	0.412767737617
9.27929133858	0.412536144578
9.28929133858	0.412303882195
9.29929133858	0.412072289157
9.30929133858	0.411854752343
9.31933070866	0.411637884873
9.32933070866	0.411421686747
9.33933070866	0.411204819277
9.34933070866	0.410988621151
9.35937007874	0.410785809906
9.36937007874	0.410585006693
9.37937007874	0.410383534137
9.38937007874	0.41018206158
9.39940944882	0.409980589023
9.40940944882	0.409792503347
9.41940944882	0.409605756359
9.4294488189	0.409419009371
9.4394488189	0.409232262383
9.4494488189	0.409045515395
9.4594488189	0.408872155288
9.46948818898	0.408700133869
9.47948818898	0.408527443106
9.48948818898	0.408355421687
9.49948818898	0.408182730924
9.50952755906	0.408023427041
9.51952755906	0.407865461847
9.52952755906	0.407706827309
9.53952755906	0.407548192771
9.54956692913	0.407390227577
9.55956692913	0.407244310576
9.56956692913	0.407099732262
9.57956692913	0.406955153949
9.58960629921	0.406809906292
9.59960629921	0.406665327979
9.60960629921	0.406533467202
9.61960629921	0.406401606426
9.62964566929	0.406269745649
9.63964566929	0.406138554217
9.64964566929	0.40600669344
9.65964566929	0.405887550201
9.66968503937	0.405768406961
9.67968503937	0.405649933066
9.68968503937	0.405530789826
9.69968503937	0.405411646586
9.70972440945	0.405305220884
9.71972440945	0.405198795181
9.72972440945	0.405092369478
9.73972440945	0.404985943775
9.74976377953	0.404878848728
9.75976377953	0.404784471218
9.76976377953	0.404690093708
9.77976377953	0.404595716198
9.78980314961	0.404501338688
9.79980314961	0.404406291834
9.80980314961	0.404323962517
9.81980314961	0.404240963855
9.82984251969	0.404157965194
9.83984251969	0.404075635877
9.84984251969	0.403992637216
9.85984251969	0.403921686747
9.86988188976	0.403850066934
9.87988188976	0.403779116466
9.88988188976	0.403708165997
9.89988188976	0.403636546185
9.90992125984	0.403558902276
9.91992125984	0.403480589023
9.92992125984	0.403402945114
9.93992125984	0.403324631861
9.94996062992	0.403246987952
9.95996062992	0.403189424364
9.96996062992	0.40313253012
9.97996062992	0.403075635877
9.99	0.403018072289
10.0	0.402961178046
