0.0	34.0958	-0.00350166	-2.58796e-11
0.01001	34.0994	-2.76923e-07	-1.04324e-10
0.0200200393701	34.103	-2.76923e-07	-1.04324e-10
0.0300300393701	34.1066	-2.76923e-07	-1.04324e-10
0.0400401574803	34.1102	-2.76923e-07	-1.04324e-10
0.05005	34.1138	-4.0564e-07	-1.09402e-10
0.0600602362205	34.1244	-4.0564e-07	-1.09402e-10
0.0700700787402	34.135	-4.0564e-07	-1.09402e-10
0.0800799212598	34.1457	-4.0564e-07	-1.09402e-10
0.0900901574803	34.1563	-4.0564e-07	-1.09402e-10
0.1001	34.167	-1.51265e-07	-9.94151e-11
0.11011023622	34.188	-1.51265e-07	-9.94151e-11
0.12012007874	34.209	-1.51265e-07	-9.94151e-11
0.130130314961	34.2299	-1.51265e-07	-9.94151e-11
0.14014015748	34.2509	-1.51265e-07	-9.94151e-11
0.15015	34.2719	-4.36843e-07	-1.09405e-10
0.16016023622	34.293	-4.36843e-07	-1.09405e-10
0.17017007874	34.314	-4.36843e-07	-1.09405e-10
0.180180314961	34.3351	-4.36843e-07	-1.09405e-10
0.19019015748	34.3561	-4.36843e-07	-1.09405e-10
0.200200393701	34.3772	-1.61683e-07	-9.96817e-11
0.21021023622	34.3983	-1.61683e-07	-9.96817e-11
0.22022007874	34.4193	-1.61683e-07	-9.96817e-11
0.230230314961	34.4404	-1.61683e-07	-9.96817e-11
0.24024015748	34.4615	-1.61683e-07	-9.96817e-11
0.250250393701	34.4825	-4.44828e-07	-1.0958e-10
0.26026023622	34.5036	-4.44828e-07	-1.0958e-10
0.27027007874	34.5247	-4.44828e-07	-1.0958e-10
0.280280314961	34.5457	-4.44828e-07	-1.0958e-10
0.29029015748	34.5668	-4.44828e-07	-1.0958e-10
0.300300393701	34.5878	-1.82529e-07	-1.00117e-10
0.31031023622	34.6089	-1.82529e-07	-1.00117e-10
0.320320472441	34.63	-1.82529e-07	-1.00117e-10
0.330330314961	34.6511	-1.82529e-07	-1.00117e-10
0.34034015748	34.6721	-1.82529e-07	-1.00117e-10
0.350350393701	34.6932	-4.9188e-07	-1.09923e-10
0.36036023622	34.7144	-4.9188e-07	-1.09923e-10
0.370370472441	34.7357	-4.9188e-07	-1.09923e-10
0.380380314961	34.7569	-4.9188e-07	-1.09923e-10
0.390390551181	34.7781	-4.9188e-07	-1.09923e-10
0.400401574803	34.7994	-2.55896e-07	-1.0069e-10
0.410409448819	34.821	-2.55896e-07	-1.0069e-10
0.420421259843	34.8427	-2.55896e-07	-1.0069e-10
0.430429133858	34.8644	-2.55896e-07	-1.0069e-10
0.440440944882	34.8861	-2.55896e-07	-1.0069e-10
0.450448818898	34.9078	-5.86708e-07	-1.10437e-10
0.460460629921	34.9302	-5.86708e-07	-1.10437e-10
0.470468503937	34.9525	-5.86708e-07	-1.10437e-10
0.480480314961	34.9749	-5.86708e-07	-1.10437e-10
0.490492125984	34.9973	-5.86708e-07	-1.10437e-10
0.5005	35.0197	-3.52969e-07	-1.01368e-10
0.510511811024	35.0436	-3.52969e-07	-1.01368e-10
0.520519685039	35.0675	-3.52969e-07	-1.01368e-10
0.530531496063	35.0914	-3.52969e-07	-1.01368e-10
0.540539370079	35.1153	-3.52969e-07	-1.01368e-10
0.550551181102	35.1393	-6.88822e-07	-1.11195e-10
0.560559055118	35.1644	-6.88822e-07	-1.11195e-10
0.570570866142	35.1896	-6.88822e-07	-1.11195e-10
0.580578740157	35.2148	-6.88822e-07	-1.11195e-10
0.590590551181	35.24	-6.88822e-07	-1.11195e-10
0.600602362205	35.2653	-4.35979e-07	-1.02118e-10
0.61061023622	35.2932	-4.35979e-07	-1.02118e-10
0.620622047244	35.3211	-4.35979e-07	-1.02118e-10
0.63062992126	35.349	-4.35979e-07	-1.02118e-10
0.640641732283	35.3769	-4.35979e-07	-1.02118e-10
0.650649606299	35.4049	-7.79722e-07	-1.12164e-10
0.660661417323	35.4344	-7.79722e-07	-1.12164e-10
0.670669291339	35.464	-7.79722e-07	-1.12164e-10
0.680681102362	35.4935	-7.79722e-07	-1.12164e-10
0.690688976378	35.523	-7.79722e-07	-1.12164e-10
0.700700787402	35.5528	-5.07187e-07	-1.02966e-10
0.710712598425	35.5854	-5.07187e-07	-1.02966e-10
0.720720472441	35.6179	-5.07187e-07	-1.02966e-10
0.730732283465	35.6505	-5.07187e-07	-1.02966e-10
0.74074015748	35.6831	-5.07187e-07	-1.02966e-10
0.750751968504	35.7158	-8.60128e-07	-1.13136e-10
0.76075984252	35.7507	-8.60128e-07	-1.13136e-10
0.770771653543	35.7856	-8.60128e-07	-1.13136e-10
0.780779527559	35.8205	-8.60128e-07	-1.13136e-10
0.790791338583	35.8554	-8.60128e-07	-1.13136e-10
0.800799212598	35.8905	-5.79021e-07	-1.04136e-10
0.810811023622	35.9281	-5.79021e-07	-1.04136e-10
0.820818897638	35.9656	-5.79021e-07	-1.04136e-10
0.830830708661	36.0031	-5.79021e-07	-1.04136e-10
0.840842519685	36.0407	-5.79021e-07	-1.04136e-10
0.850850393701	36.0785	-9.37498e-07	-1.1421e-10
0.860862204724	36.1186	-9.37498e-07	-1.1421e-10
0.87087007874	36.1586	-9.37498e-07	-1.1421e-10
0.880881889764	36.1987	-9.37498e-07	-1.1421e-10
0.89088976378	36.2388	-9.37498e-07	-1.1421e-10
0.900901574803	36.2791	-6.62754e-07	-1.05522e-10
0.910909448819	36.3217	-6.62754e-07	-1.05522e-10
0.920921259843	36.3643	-6.62754e-07	-1.05522e-10
0.930929133858	36.4069	-6.62754e-07	-1.05522e-10
0.940940944882	36.4495	-6.62754e-07	-1.05522e-10
0.950952755906	36.4924	-1.02157e-06	-1.15443e-10
0.960960629921	36.5375	-1.02157e-06	-1.15443e-10
0.970972440945	36.5826	-1.02157e-06	-1.15443e-10
0.980980314961	36.6278	-1.02157e-06	-1.15443e-10
0.990992125984	36.6729	-1.02157e-06	-1.15443e-10
1.001	36.7183	-7.51407e-07	-1.07081e-10
1.01101181102	36.7659	-7.51407e-07	-1.07081e-10
1.02101968504	36.8136	-7.51407e-07	-1.07081e-10
1.03103149606	36.8612	-7.51407e-07	-1.07081e-10
1.04103937008	36.9089	-7.51407e-07	-1.07081e-10
1.0510511811	36.9568	-1.11253e-06	-1.16849e-10
1.06106299213	37.007	-1.11253e-06	-1.16849e-10
1.07107086614	37.0572	-1.11253e-06	-1.16849e-10
1.08108267717	37.1074	-1.11253e-06	-1.16849e-10
1.09109055118	37.1577	-1.11253e-06	-1.16849e-10
1.1011023622	37.2081	-8.524e-07	-1.08811e-10
1.11111023622	37.2609	-8.524e-07	-1.08811e-10
1.12112204724	37.3137	-8.524e-07	-1.08811e-10
1.13112992126	37.3664	-8.524e-07	-1.08811e-10
1.14114173228	37.4192	-8.524e-07	-1.08811e-10
1.1511496063	37.4723	-1.21689e-06	-1.18426e-10
1.16116141732	37.5276	-1.21689e-06	-1.18426e-10
1.17116929134	37.583	-1.21689e-06	-1.18426e-10
1.18118110236	37.6384	-1.21689e-06	-1.18426e-10
1.19119291339	37.6938	-1.21689e-06	-1.18426e-10
1.2012007874	37.7494	-9.59371e-07	-1.10731e-10
1.21121259843	37.8074	-9.59371e-07	-1.10731e-10
1.22122047244	37.8654	-9.59371e-07	-1.10731e-10
1.23123228346	37.9234	-9.59371e-07	-1.10731e-10
1.24124015748	37.9814	-9.59371e-07	-1.10731e-10
1.2512519685	38.0397	-1.32571e-06	-1.20193e-10
1.26125984252	38.1004	-1.32571e-06	-1.20193e-10
1.27127165354	38.1611	-1.32571e-06	-1.20193e-10
1.28127952756	38.2217	-1.32571e-06	-1.20193e-10
1.29129133858	38.2824	-1.32571e-06	-1.20193e-10
1.30130314961	38.3434	-1.06851e-06	-1.12831e-10
1.31131102362	38.4068	-1.06851e-06	-1.12831e-10
1.32132283465	38.4702	-1.06851e-06	-1.12831e-10
1.33133070866	38.5336	-1.06851e-06	-1.12831e-10
1.34134251969	38.597	-1.06851e-06	-1.12831e-10
1.3513503937	38.6608	-1.43624e-06	-1.22158e-10
1.36136220472	38.727	-1.43624e-06	-1.22158e-10
1.37137007874	38.7932	-1.43624e-06	-1.22158e-10
1.38138188976	38.8594	-1.43624e-06	-1.22158e-10
1.39138976378	38.9256	-1.43624e-06	-1.22158e-10
1.4014015748	38.9922	-1.17984e-06	-1.15121e-10
1.41140944882	39.0612	-1.17984e-06	-1.15121e-10
1.42142125984	39.1303	-1.17984e-06	-1.15121e-10
1.43143307087	39.1993	-1.17984e-06	-1.15121e-10
1.44144094488	39.2683	-1.17984e-06	-1.15121e-10
1.45145275591	39.3378	-1.54906e-06	-1.24321e-10
1.46146062992	39.4098	-1.54906e-06	-1.24321e-10
1.47147244094	39.4818	-1.54906e-06	-1.24321e-10
1.48148031496	39.5538	-1.54906e-06	-1.24321e-10
1.49149212598	39.6258	-1.54906e-06	-1.24321e-10
1.5015	39.6982	-1.30302e-06	-1.17612e-10
1.51151181102	39.7732	-1.30302e-06	-1.17612e-10
1.52151968504	39.8482	-1.30302e-06	-1.17612e-10
1.53153149606	39.9231	-1.30302e-06	-1.17612e-10
1.54154330709	39.9981	-1.30302e-06	-1.17612e-10
1.5515511811	40.0736	-1.66775e-06	-1.26687e-10
1.56156299213	40.1517	-1.66775e-06	-1.26687e-10
1.57157086614	40.2298	-1.66775e-06	-1.26687e-10
1.58158267717	40.3079	-1.66775e-06	-1.26687e-10
1.59159055118	40.386	-1.66775e-06	-1.26687e-10
1.6016023622	40.4646	-1.41949e-06	-1.20321e-10
1.61161023622	40.5458	-1.41949e-06	-1.20321e-10
1.62162204724	40.6271	-1.41949e-06	-1.20321e-10
1.63162992126	40.7083	-1.41949e-06	-1.20321e-10
1.64164173228	40.7896	-1.41949e-06	-1.20321e-10
1.65165354331	40.8714	-1.78271e-06	-1.29264e-10
1.66166141732	40.9559	-1.78271e-06	-1.29264e-10
1.67167322835	41.0405	-1.78271e-06	-1.29264e-10
1.68168110236	41.125	-1.78271e-06	-1.29264e-10
1.69169291339	41.2096	-1.78271e-06	-1.29264e-10
1.7017007874	41.2947	-1.53127e-06	-1.2325e-10
1.71171259843	41.3826	-1.53127e-06	-1.2325e-10
1.72172047244	41.4705	-1.53127e-06	-1.2325e-10
1.73173228346	41.5584	-1.53127e-06	-1.2325e-10
1.74174015748	41.6463	-1.53127e-06	-1.2325e-10
1.7517519685	41.7349	-1.89841e-06	-1.32044e-10
1.76175984252	41.8262	-1.89841e-06	-1.32044e-10
1.77177165354	41.9176	-1.89841e-06	-1.32044e-10
1.78178346457	42.009	-1.89841e-06	-1.32044e-10
1.79179133858	42.1004	-1.89841e-06	-1.32044e-10
1.80180314961	42.1924	-1.64335e-06	-1.26403e-10
1.81181102362	42.2873	-1.64335e-06	-1.26403e-10
1.82182283465	42.3822	-1.64335e-06	-1.26403e-10
1.83183070866	42.4771	-1.64335e-06	-1.26403e-10
1.84184251969	42.572	-1.64335e-06	-1.26403e-10
1.8518503937	42.6676	-2.01549e-06	-1.35044e-10
1.86186220472	42.7661	-2.01549e-06	-1.35044e-10
1.87187007874	42.8646	-2.01549e-06	-1.35044e-10
1.88188188976	42.9631	-2.01549e-06	-1.35044e-10
1.89189370079	43.0617	-2.01549e-06	-1.35044e-10
1.9019015748	43.1609	-1.75559e-06	-1.29788e-10
1.91191338583	43.2631	-1.75559e-06	-1.29788e-10
1.92192125984	43.3653	-1.75559e-06	-1.29788e-10
1.93193307087	43.4675	-1.75559e-06	-1.29788e-10
1.94194094488	43.5697	-1.75559e-06	-1.29788e-10
1.95195275591	43.6726	-2.13525e-06	-1.38268e-10
1.96196062992	43.7786	-2.13525e-06	-1.38268e-10
1.97197244094	43.8846	-2.13525e-06	-1.38268e-10
1.98198031496	43.9906	-2.13525e-06	-1.38268e-10
1.99199212598	44.0966	-2.13525e-06	-1.38268e-10
2.00200393701	44.2034	-1.86882e-06	-1.33412e-10
2.01201181102	44.3132	-1.86882e-06	-1.33412e-10
2.02202362205	44.423	-1.86882e-06	-1.33412e-10
2.03203149606	44.5329	-1.86882e-06	-1.33412e-10
2.04204330709	44.6427	-1.86882e-06	-1.33412e-10
2.0520511811	44.7533	-2.25527e-06	-1.41714e-10
2.06206299213	44.8671	-2.25527e-06	-1.41714e-10
2.07207086614	44.9809	-2.25527e-06	-1.41714e-10
2.08208267717	45.0947	-2.25527e-06	-1.41714e-10
2.09209055118	45.2085	-2.25527e-06	-1.41714e-10
2.1021023622	45.3231	-1.97766e-06	-1.37268e-10
2.11211023622	45.4409	-1.97766e-06	-1.37268e-10
2.12212204724	45.5587	-1.97766e-06	-1.37268e-10
2.13213385827	45.6765	-1.97766e-06	-1.37268e-10
2.14214173228	45.7943	-1.97766e-06	-1.37268e-10
2.15215354331	45.913	-2.36531e-06	-1.45378e-10
2.16216141732	46.0349	-2.36531e-06	-1.45378e-10
2.17217322835	46.1569	-2.36531e-06	-1.45378e-10
2.18218110236	46.2788	-2.36531e-06	-1.45378e-10
2.19219291339	46.4007	-2.36531e-06	-1.45378e-10
2.2022007874	46.5236	-2.07819e-06	-1.41354e-10
2.21221259843	46.6497	-2.07819e-06	-1.41354e-10
2.22222047244	46.7758	-2.07819e-06	-1.41354e-10
2.23223228346	46.9019	-2.07819e-06	-1.41354e-10
2.24224409449	47.0281	-2.07819e-06	-1.41354e-10
2.2522519685	47.1552	-2.48029e-06	-1.49271e-10
2.26226377953	47.2856	-2.48029e-06	-1.49271e-10
2.27227165354	47.416	-2.48029e-06	-1.49271e-10
2.28228346457	47.5465	-2.48029e-06	-1.49271e-10
2.29229133858	47.6769	-2.48029e-06	-1.49271e-10
2.30230314961	47.8084	-2.18164e-06	-1.45672e-10
2.31231102362	47.9432	-2.18164e-06	-1.45672e-10
2.32232283465	48.078	-2.18164e-06	-1.45672e-10
2.33233070866	48.2129	-2.18164e-06	-1.45672e-10
2.34234251969	48.3477	-2.18164e-06	-1.45672e-10
2.3523503937	48.4836	-2.59847e-06	-1.5339e-10
2.36236220472	48.6229	-2.59847e-06	-1.5339e-10
2.37237401575	48.7622	-2.59847e-06	-1.5339e-10
2.38238188976	48.9015	-2.59847e-06	-1.5339e-10
2.39239370079	49.0409	-2.59847e-06	-1.5339e-10
2.4024015748	49.1813	-2.28618e-06	-1.50232e-10
2.41241338583	49.3252	-2.28618e-06	-1.50232e-10
2.42242125984	49.469	-2.28618e-06	-1.50232e-10
2.43243307087	49.6129	-2.28618e-06	-1.50232e-10
2.44244094488	49.7568	-2.28618e-06	-1.50232e-10
2.45245275591	49.9019	-2.71671e-06	-1.57742e-10
2.46246062992	50.0504	-2.71671e-06	-1.57742e-10
2.47247244094	50.199	-2.71671e-06	-1.57742e-10
2.48248425197	50.3476	-2.71671e-06	-1.57742e-10
2.49249212598	50.4961	-2.71671e-06	-1.57742e-10
2.50250393701	50.6459	-2.38981e-06	-1.55032e-10
2.51251181102	50.7992	-2.38981e-06	-1.55032e-10
2.52252362205	50.9525	-2.38981e-06	-1.55032e-10
2.53253149606	51.1058	-2.38981e-06	-1.55032e-10
2.54254330709	51.2591	-2.38981e-06	-1.55032e-10
2.5525511811	51.4137	-2.83387e-06	-1.62327e-10
2.56256299213	51.5719	-2.83387e-06	-1.62327e-10
2.57257086614	51.7301	-2.83387e-06	-1.62327e-10
2.58258267717	51.8882	-2.83387e-06	-1.62327e-10
2.59259448819	52.0464	-2.83387e-06	-1.62327e-10
2.6026023622	52.2059	-2.49034e-06	-1.60077e-10
2.61261417323	52.369	-2.49034e-06	-1.60077e-10
2.62262204724	52.5321	-2.49034e-06	-1.60077e-10
2.63263385827	52.6952	-2.49034e-06	-1.60077e-10
2.64264173228	52.8583	-2.49034e-06	-1.60077e-10
2.65265354331	53.0228	-2.94946e-06	-1.6714e-10
2.66266141732	53.1909	-2.94946e-06	-1.6714e-10
2.67267322835	53.3591	-2.94946e-06	-1.6714e-10
2.68268110236	53.5273	-2.94946e-06	-1.6714e-10
2.69269291339	53.6954	-2.94946e-06	-1.6714e-10
2.7027007874	53.865	-2.58728e-06	-1.65369e-10
2.71271259843	54.0383	-2.58728e-06	-1.65369e-10
2.72272440945	54.2115	-2.58728e-06	-1.65369e-10
2.73273228346	54.3848	-2.58728e-06	-1.65369e-10
2.74274409449	54.5581	-2.58728e-06	-1.65369e-10
2.7527519685	54.7328	-3.06376e-06	-1.72177e-10
2.76276377953	54.9113	-3.06376e-06	-1.72177e-10
2.77277165354	55.0898	-3.06376e-06	-1.72177e-10
2.78278346457	55.2684	-3.06376e-06	-1.72177e-10
2.79279133858	55.4469	-3.06376e-06	-1.72177e-10
2.80280314961	55.6269	-2.68405e-06	-1.70894e-10
2.81281102362	55.8107	-2.68405e-06	-1.70894e-10
2.82282283465	55.9945	-2.68405e-06	-1.70894e-10
2.83283464567	56.1783	-2.68405e-06	-1.70894e-10
2.84284251969	56.3621	-2.68405e-06	-1.70894e-10
2.85285433071	56.5475	-3.16222e-06	-1.77424e-10
2.86286220472	56.7367	-3.16222e-06	-1.77424e-10
2.87287401575	56.9259	-3.16222e-06	-1.77424e-10
2.88288188976	57.1151	-3.16222e-06	-1.77424e-10
2.89289370079	57.3043	-3.16222e-06	-1.77424e-10
2.9029015748	57.4951	-2.76479e-06	-1.76631e-10
2.91291338583	57.6898	-2.76479e-06	-1.76631e-10
2.92292125984	57.8845	-2.76479e-06	-1.76631e-10
2.93293307087	58.0792	-2.76479e-06	-1.76631e-10
2.94294488189	58.2739	-2.76479e-06	-1.76631e-10
2.95295275591	58.4702	-3.24662e-06	-1.82892e-10
2.96296456693	58.6704	-3.24662e-06	-1.82892e-10
2.97297244094	58.8707	-3.24662e-06	-1.82892e-10
2.98298425197	59.0709	-3.24662e-06	-1.82892e-10
2.99299212598	59.2712	-3.24662e-06	-1.82892e-10
3.00300393701	59.4731	-2.83503e-06	-1.82575e-10
3.01301181102	59.6789	-2.83503e-06	-1.82575e-10
3.02302362205	59.8848	-2.83503e-06	-1.82575e-10
3.03303149606	60.0906	-2.83503e-06	-1.82575e-10
3.04304330709	60.2965	-2.83503e-06	-1.82575e-10
3.0530511811	60.504	-3.31577e-06	-1.88528e-10
3.06306299213	60.7156	-3.31577e-06	-1.88528e-10
3.07307480315	60.9271	-3.31577e-06	-1.88528e-10
3.08308267717	61.1386	-3.31577e-06	-1.88528e-10
3.09309448819	61.3501	-3.31577e-06	-1.88528e-10
3.1031023622	61.5634	-2.89452e-06	-1.88688e-10
3.11311417323	61.7807	-2.89452e-06	-1.88688e-10
3.12312204724	61.9979	-2.89452e-06	-1.88688e-10
3.13313385827	62.2151	-2.89452e-06	-1.88688e-10
3.14314173228	62.4324	-2.89452e-06	-1.88688e-10
3.15315354331	62.6514	-3.36418e-06	-1.94326e-10
3.16316141732	62.8744	-3.36418e-06	-1.94326e-10
3.17317322835	63.0974	-3.36418e-06	-1.94326e-10
3.18318503937	63.3204	-3.36418e-06	-1.94326e-10
3.19319291339	63.5434	-3.36418e-06	-1.94326e-10
3.20320472441	63.7682	-2.93615e-06	-1.94955e-10
3.21321259843	63.997	-2.93615e-06	-1.94955e-10
3.22322440945	64.2258	-2.93615e-06	-1.94955e-10
3.23323228346	64.4545	-2.93615e-06	-1.94955e-10
3.24324409449	64.6833	-2.93615e-06	-1.94955e-10
3.2532519685	64.914	-3.39137e-06	-2.00261e-10
3.26326377953	65.1485	-3.39137e-06	-2.00261e-10
3.27327165354	65.3831	-3.39137e-06	-2.00261e-10
3.28328346457	65.6176	-3.39137e-06	-2.00261e-10
3.29329133858	65.8522	-3.39137e-06	-2.00261e-10
3.30330314961	66.0887	-2.95672e-06	-2.01317e-10
3.31331496063	66.329	-2.95672e-06	-2.01317e-10
3.32332283465	66.5693	-2.95672e-06	-2.01317e-10
3.33333464567	66.8097	-2.95672e-06	-2.01317e-10
3.34334251969	67.05	-2.95672e-06	-2.01317e-10
3.35335433071	67.2923	-3.39085e-06	-2.06297e-10
3.36336220472	67.5384	-3.39085e-06	-2.06297e-10
3.37337401575	67.7845	-3.39085e-06	-2.06297e-10
3.38338188976	68.0306	-3.39085e-06	-2.06297e-10
3.39339370079	68.2767	-3.39085e-06	-2.06297e-10
3.4034015748	68.5247	-2.94993e-06	-2.07754e-10
3.41341338583	68.7766	-2.94993e-06	-2.07754e-10
3.42342519685	69.0284	-2.94993e-06	-2.07754e-10
3.43343307087	69.2802	-2.94993e-06	-2.07754e-10
3.44344488189	69.532	-2.94993e-06	-2.07754e-10
3.45345275591	69.7858	-3.35822e-06	-2.12366e-10
3.46346456693	70.0432	-3.35822e-06	-2.12366e-10
3.47347244094	70.3007	-3.35822e-06	-2.12366e-10
3.48348425197	70.5582	-3.35822e-06	-2.12366e-10
3.49349212598	70.8157	-3.35822e-06	-2.12366e-10
3.50350393701	71.0751	-2.9107e-06	-2.14195e-10
3.51351181102	71.3381	-2.9107e-06	-2.14195e-10
3.52352362205	71.6011	-2.9107e-06	-2.14195e-10
3.53353543307	71.8641	-2.9107e-06	-2.14195e-10
3.54354330709	72.1272	-2.9107e-06	-2.14195e-10
3.55355511811	72.3921	-3.29298e-06	-2.18441e-10
3.56356299213	72.6606	-3.29298e-06	-2.18441e-10
3.57357480315	72.929	-3.29298e-06	-2.18441e-10
3.58358267717	73.1975	-3.29298e-06	-2.18441e-10
3.59359448819	73.466	-3.29298e-06	-2.18441e-10
3.6036023622	73.7363	-2.82595e-06	-2.20572e-10
3.61361417323	74.0101	-2.82595e-06	-2.20572e-10
3.62362204724	74.2838	-2.82595e-06	-2.20572e-10
3.63363385827	74.5576	-2.82595e-06	-2.20572e-10
3.64364173228	74.8313	-2.82595e-06	-2.20572e-10
3.65365354331	75.107	-3.18247e-06	-2.24432e-10
3.66366535433	75.3858	-3.18247e-06	-2.24432e-10
3.67367322835	75.6646	-3.18247e-06	-2.24432e-10
3.68368503937	75.9435	-3.18247e-06	-2.24432e-10
3.69369291339	76.2223	-3.18247e-06	-2.24432e-10
3.70370472441	76.503	-2.6977e-06	-2.26826e-10
3.71371259843	76.7867	-2.6977e-06	-2.26826e-10
3.72372440945	77.0704	-2.6977e-06	-2.26826e-10
3.73373228346	77.3541	-2.6977e-06	-2.26826e-10
3.74374409449	77.6379	-2.6977e-06	-2.26826e-10
3.7537519685	77.9233	-3.02433e-06	-2.3027e-10
3.76376377953	78.2116	-3.02433e-06	-2.3027e-10
3.77377559055	78.4999	-3.02433e-06	-2.3027e-10
3.78378346457	78.7882	-3.02433e-06	-2.3027e-10
3.79379527559	79.0766	-3.02433e-06	-2.3027e-10
3.80380314961	79.3665	-2.52778e-06	-2.32868e-10
3.81381496063	79.6591	-2.52778e-06	-2.32868e-10
3.82382283465	79.9517	-2.52778e-06	-2.32868e-10
3.83383464567	80.2442	-2.52778e-06	-2.32868e-10
3.84384251969	80.5368	-2.52778e-06	-2.32868e-10
3.85385433071	80.8309	-2.81695e-06	-2.35875e-10
3.86386220472	81.1274	-2.81695e-06	-2.35875e-10
3.87387401575	81.4238	-2.81695e-06	-2.35875e-10
3.88388582677	81.7203	-2.81695e-06	-2.35875e-10
3.89389370079	82.0168	-2.81695e-06	-2.35875e-10
3.90390551181	82.3146	-2.31593e-06	-2.38613e-10
3.91391338583	82.6145	-2.31593e-06	-2.38613e-10
3.92392519685	82.9144	-2.31593e-06	-2.38613e-10
3.93393307087	83.2143	-2.31593e-06	-2.38613e-10
3.94393700787	83.5143	-2.31593e-06	-2.38613e-10
3.95393700787	83.8153	-2.55878e-06	-2.4118e-10
3.96397637795	84.1182	-2.55878e-06	-2.4118e-10
3.97397637795	84.421	-2.55878e-06	-2.4118e-10
3.98397637795	84.7239	-2.55878e-06	-2.4118e-10
3.99397637795	85.0267	-2.55878e-06	-2.4118e-10
4.00401574803	85.3305	-2.06244e-06	-2.43994e-10
4.01401574803	85.6357	-2.06244e-06	-2.43994e-10
4.02401574803	85.9409	-2.06244e-06	-2.43994e-10
4.03401574803	86.2461	-2.06244e-06	-2.43994e-10
4.04405511811	86.5513	-2.06244e-06	-2.43994e-10
4.05405511811	86.8571	-2.25055e-06	-2.46104e-10
4.06405511811	87.164	-2.25055e-06	-2.46104e-10
4.07405511811	87.4708	-2.25055e-06	-2.46104e-10
4.08409448819	87.7777	-2.25055e-06	-2.46104e-10
4.09409448819	88.0845	-2.25055e-06	-2.46104e-10
4.10409448819	88.3918	-1.76915e-06	-2.48919e-10
4.11409448819	88.6995	-1.76915e-06	-2.48919e-10
4.12413385827	89.0073	-1.76915e-06	-2.48919e-10
4.13413385827	89.315	-1.76915e-06	-2.48919e-10
4.14413385827	89.6228	-1.76915e-06	-2.48919e-10
4.15417322835	89.9306	-1.89123e-06	-2.50576e-10
4.16417322835	90.2384	-1.89123e-06	-2.50576e-10
4.17417322835	90.5462	-1.89123e-06	-2.50576e-10
4.18417322835	90.8539	-1.89123e-06	-2.50576e-10
4.19421259843	91.1617	-1.89123e-06	-2.50576e-10
4.20421259843	91.4691	-1.44072e-06	-2.53303e-10
4.21421259843	91.776	-1.44072e-06	-2.53303e-10
4.22421259843	92.0828	-1.44072e-06	-2.53303e-10
4.2342519685	92.3897	-1.44072e-06	-2.53303e-10
4.2442519685	92.6966	-1.44072e-06	-2.53303e-10
4.2542519685	93.0026	-1.48876e-06	-2.54525e-10
4.2642519685	93.3074	-1.48876e-06	-2.54525e-10
4.27429133858	93.6122	-1.48876e-06	-2.54525e-10
4.28429133858	93.917	-1.48876e-06	-2.54525e-10
4.29429133858	94.2219	-1.48876e-06	-2.54525e-10
4.30429133858	94.5253	-1.08171e-06	-2.57079e-10
4.31433070866	94.8269	-1.08171e-06	-2.57079e-10
4.32433070866	95.1286	-1.08171e-06	-2.57079e-10
4.33433070866	95.4302	-1.08171e-06	-2.57079e-10
4.34433070866	95.7318	-1.08171e-06	-2.57079e-10
4.35437007874	96.0314	-1.05788e-06	-2.57889e-10
4.36437007874	96.3285	-1.05788e-06	-2.57889e-10
4.37437007874	96.6256	-1.05788e-06	-2.57889e-10
4.38437007874	96.9227	-1.05788e-06	-2.57889e-10
4.39440944882	97.2197	-1.05788e-06	-2.57889e-10
4.40440944882	97.5142	-6.98578e-07	-2.60185e-10
4.41440944882	97.8053	-6.98578e-07	-2.60185e-10
4.42440944882	98.0964	-6.98578e-07	-2.60185e-10
4.4344488189	98.3876	-6.98578e-07	-2.60185e-10
4.4444488189	98.6787	-6.98578e-07	-2.60185e-10
4.4544488189	98.9665	-6.06205e-07	-2.60619e-10
4.4644488189	99.2501	-6.06205e-07	-2.60619e-10
4.47448818898	99.5338	-6.06205e-07	-2.60619e-10
4.48448818898	99.8174	-6.06205e-07	-2.60619e-10
4.49448818898	100.101	-6.06205e-07	-2.60619e-10
4.50448818898	100.381	-3.00469e-07	-2.62576e-10
4.51452755906	100.655	-3.00469e-07	-2.62576e-10
4.52452755906	100.93	-3.00469e-07	-2.62576e-10
4.53452755906	101.204	-3.00469e-07	-2.62576e-10
4.54452755906	101.479	-3.00469e-07	-2.62576e-10
4.55456692913	101.748	-1.5655e-07	-2.62673e-10
4.56456692913	102.012	-1.5655e-07	-2.62673e-10
4.57456692913	102.276	-1.5655e-07	-2.62673e-10
4.58456692913	102.54	-1.5655e-07	-2.62673e-10
4.59460629921	102.804	-1.5655e-07	-2.62673e-10
4.60460629921	103.062	6.63784e-08	-2.64193e-10
4.61460629921	103.313	6.63784e-08	-2.64193e-10
4.62460629921	103.564	6.63784e-08	-2.64193e-10
4.63464566929	103.816	6.63784e-08	-2.64193e-10
4.64464566929	104.067	6.63784e-08	-2.64193e-10
4.65464566929	104.312	2.75568e-07	-2.64047e-10
4.66464566929	104.549	2.75568e-07	-2.64047e-10
4.67468503937	104.786	2.75568e-07	-2.64047e-10
4.68468503937	105.023	2.75568e-07	-2.64047e-10
4.69468503937	105.261	2.75568e-07	-2.64047e-10
4.70468503937	105.49	4.43275e-07	-2.65034e-10
4.71472440945	105.712	4.43275e-07	-2.65034e-10
4.72472440945	105.933	4.43275e-07	-2.65034e-10
4.73472440945	106.155	4.43275e-07	-2.65034e-10
4.74476377953	106.376	4.43275e-07	-2.65034e-10
4.75476377953	106.589	6.45817e-07	-2.64715e-10
4.76476377953	106.793	6.45817e-07	-2.64715e-10
4.77476377953	106.998	6.45817e-07	-2.64715e-10
4.78480314961	107.202	6.45817e-07	-2.64715e-10
4.79480314961	107.406	6.45817e-07	-2.64715e-10
4.80480314961	107.601	7.72559e-07	-2.65053e-10
4.81480314961	107.787	7.72559e-07	-2.65053e-10
4.82484251969	107.972	7.72559e-07	-2.65053e-10
4.83484251969	108.158	7.72559e-07	-2.65053e-10
4.84484251969	108.343	7.72559e-07	-2.65053e-10
4.85484251969	108.519	9.70371e-07	-2.64573e-10
4.86488188976	108.685	9.70371e-07	-2.64573e-10
4.87488188976	108.851	9.70371e-07	-2.64573e-10
4.88488188976	109.016	9.70371e-07	-2.64573e-10
4.89488188976	109.182	9.70371e-07	-2.64573e-10
4.90492125984	109.338	1.04993e-06	-2.64182e-10
4.91492125984	109.483	1.04993e-06	-2.64182e-10
4.92492125984	109.628	1.04993e-06	-2.64182e-10
4.93492125984	109.773	1.04993e-06	-2.64182e-10
4.94496062992	109.918	1.04993e-06	-2.64182e-10
4.95496062992	110.052	1.36138e-06	-2.63514e-10
4.96496062992	110.176	1.36138e-06	-2.63514e-10
4.97496062992	110.3	1.36138e-06	-2.63514e-10
4.985	110.423	1.36138e-06	-2.63514e-10
4.995	110.547	1.36138e-06	-2.63514e-10
5.005	110.659	1.47783e-06	-2.62286e-10
5.015	110.761	1.47783e-06	-2.62286e-10
5.02503937008	110.863	1.47783e-06	-2.62286e-10
5.03503937008	110.964	1.47783e-06	-2.62286e-10
5.04503937008	111.066	1.47783e-06	-2.62286e-10
5.05503937008	111.157	1.7293e-06	-2.61568e-10
5.06507874016	111.236	1.7293e-06	-2.61568e-10
5.07507874016	111.315	1.7293e-06	-2.61568e-10
5.08507874016	111.395	1.7293e-06	-2.61568e-10
5.09507874016	111.474	1.7293e-06	-2.61568e-10
5.10511811024	111.542	1.69724e-06	-2.59993e-10
5.11511811024	111.599	1.69724e-06	-2.59993e-10
5.12511811024	111.657	1.69724e-06	-2.59993e-10
5.13511811024	111.714	1.69724e-06	-2.59993e-10
5.14515748031	111.771	1.69724e-06	-2.59993e-10
5.15515748031	111.816	1.88764e-06	-2.59539e-10
5.16515748031	111.851	1.88764e-06	-2.59539e-10
5.17515748031	111.886	1.88764e-06	-2.59539e-10
5.18519685039	111.921	1.88764e-06	-2.59539e-10
5.19519685039	111.955	1.88764e-06	-2.59539e-10
5.20519685039	111.973	1.79429e-06	-2.57682e-10
5.21519685039	111.975	1.79429e-06	-2.57682e-10
5.22523622047	111.978	1.79429e-06	-2.57682e-10
5.23523622047	111.98	1.79429e-06	-2.57682e-10
5.24523622047	111.982	1.79429e-06	-2.57682e-10
5.25523622047	111.971	1.66372e-06	-2.56842e-10
5.26527559055	111.95	1.66372e-06	-2.56842e-10
5.27527559055	111.928	1.66372e-06	-2.56842e-10
5.28527559055	111.906	1.66372e-06	-2.56842e-10
5.29531496063	111.884	1.66372e-06	-2.56842e-10
5.30531496063	111.844	1.56248e-06	-2.56215e-10
5.31531496063	111.79	1.56248e-06	-2.56215e-10
5.32531496063	111.735	1.56248e-06	-2.56215e-10
5.33535433071	111.68	1.56248e-06	-2.56215e-10
5.34535433071	111.625	1.56248e-06	-2.56215e-10
5.35535433071	111.552	1.84536e-06	-2.54882e-10
5.36535433071	111.464	1.84536e-06	-2.54882e-10
5.37539370079	111.375	1.84536e-06	-2.54882e-10
5.38539370079	111.286	1.84536e-06	-2.54882e-10
5.39539370079	111.198	1.84536e-06	-2.54882e-10
5.40539370079	111.095	1.50453e-06	-2.54233e-10
5.41543307087	110.982	1.50453e-06	-2.54233e-10
5.42543307087	110.868	1.50453e-06	-2.54233e-10
5.43543307087	110.754	1.50453e-06	-2.54233e-10
5.44543307087	110.64	1.50453e-06	-2.54233e-10
5.45547244094	110.515	1.72998e-06	-2.5306e-10
5.46547244094	110.38	1.72998e-06	-2.5306e-10
5.47547244094	110.246	1.72998e-06	-2.5306e-10
5.48547244094	110.111	1.72998e-06	-2.5306e-10
5.49551181102	109.976	1.72998e-06	-2.5306e-10
5.50551181102	109.831	1.75401e-06	-2.52363e-10
5.51551181102	109.677	1.75401e-06	-2.52363e-10
5.52551181102	109.523	1.75401e-06	-2.52363e-10
5.5355511811	109.368	1.75401e-06	-2.52363e-10
5.5455511811	109.214	1.75401e-06	-2.52363e-10
5.5555511811	109.05	1.76455e-06	-2.51143e-10
5.5655511811	108.878	1.76455e-06	-2.51143e-10
5.57559055118	108.706	1.76455e-06	-2.51143e-10
5.58559055118	108.534	1.76455e-06	-2.51143e-10
5.59559055118	108.362	1.76455e-06	-2.51143e-10
5.60559055118	108.181	1.72735e-06	-2.50419e-10
5.61562992126	107.993	1.72735e-06	-2.50419e-10
5.62562992126	107.805	1.72735e-06	-2.50419e-10
5.63562992126	107.617	1.72735e-06	-2.50419e-10
5.64562992126	107.429	1.72735e-06	-2.50419e-10
5.65566929134	107.233	1.71531e-06	-2.49202e-10
5.66566929134	107.032	1.71531e-06	-2.49202e-10
5.67566929134	106.831	1.71531e-06	-2.49202e-10
5.68566929134	106.63	1.71531e-06	-2.49202e-10
5.69570866142	106.429	1.71531e-06	-2.49202e-10
5.70570866142	106.222	1.66331e-06	-2.48451e-10
5.71570866142	106.011	1.66331e-06	-2.48451e-10
5.72570866142	105.8	1.66331e-06	-2.48451e-10
5.7357480315	105.589	1.66331e-06	-2.48451e-10
5.7457480315	105.378	1.66331e-06	-2.48451e-10
5.7557480315	105.163	1.58122e-06	-2.47188e-10
5.7657480315	104.945	1.58122e-06	-2.47188e-10
5.77578740157	104.728	1.58122e-06	-2.47188e-10
5.78578740157	104.51	1.58122e-06	-2.47188e-10
5.79578740157	104.293	1.58122e-06	-2.47188e-10
5.80578740157	104.073	1.51118e-06	-2.46406e-10
5.81582677165	103.853	1.51118e-06	-2.46406e-10
5.82582677165	103.633	1.51118e-06	-2.46406e-10
5.83582677165	103.412	1.51118e-06	-2.46406e-10
5.84582677165	103.192	1.51118e-06	-2.46406e-10
5.85586614173	102.971	1.42874e-06	-2.45081e-10
5.86586614173	102.751	1.42874e-06	-2.45081e-10
5.87586614173	102.531	1.42874e-06	-2.45081e-10
5.88590551181	102.311	1.42874e-06	-2.45081e-10
5.89590551181	102.091	1.42874e-06	-2.45081e-10
5.90590551181	101.873	1.35808e-06	-2.44257e-10
5.91590551181	101.656	1.35808e-06	-2.44257e-10
5.92594488189	101.439	1.35808e-06	-2.44257e-10
5.93594488189	101.223	1.35808e-06	-2.44257e-10
5.94594488189	101.006	1.35808e-06	-2.44257e-10
5.95594488189	100.792	1.26922e-06	-2.42861e-10
5.96598425197	100.58	1.26922e-06	-2.42861e-10
5.97598425197	100.369	1.26922e-06	-2.42861e-10
5.98598425197	100.157	1.26922e-06	-2.42861e-10
5.99598425197	99.946	1.26922e-06	-2.42861e-10
6.00602362205	99.7388	1.1914e-06	-2.4197e-10
6.01602362205	99.5346	1.1914e-06	-2.4197e-10
6.02602362205	99.3304	1.1914e-06	-2.4197e-10
6.03602362205	99.1261	1.1914e-06	-2.4197e-10
6.04606299213	98.9219	1.1914e-06	-2.4197e-10
6.05606299213	98.7228	1.20236e-06	-2.40566e-10
6.06606299213	98.5272	1.20236e-06	-2.40566e-10
6.07606299213	98.3315	1.20236e-06	-2.40566e-10
6.0861023622	98.1359	1.20236e-06	-2.40566e-10
6.0961023622	97.9402	1.20236e-06	-2.40566e-10
6.1061023622	97.7501	1.25066e-06	-2.39613e-10
6.1161023622	97.5635	1.25066e-06	-2.39613e-10
6.12614173228	97.3769	1.25066e-06	-2.39613e-10
6.13614173228	97.1902	1.25066e-06	-2.39613e-10
6.14614173228	97.0036	1.25066e-06	-2.39613e-10
6.15614173228	96.8222	1.36096e-06	-2.38157e-10
6.16618110236	96.6441	1.36096e-06	-2.38157e-10
6.17618110236	96.4659	1.36096e-06	-2.38157e-10
6.18618110236	96.2878	1.36096e-06	-2.38157e-10
6.19618110236	96.1096	1.36096e-06	-2.38157e-10
6.20622047244	95.9359	1.46549e-06	-2.37098e-10
6.21622047244	95.7648	1.46549e-06	-2.37098e-10
6.22622047244	95.5937	1.46549e-06	-2.37098e-10
6.23622047244	95.4227	1.46549e-06	-2.37098e-10
6.24625984252	95.2516	1.46549e-06	-2.37098e-10
6.25625984252	95.0838	1.57712e-06	-2.35564e-10
6.26625984252	94.918	1.57712e-06	-2.35564e-10
6.27625984252	94.7522	1.57712e-06	-2.35564e-10
6.2862992126	94.5864	1.57712e-06	-2.35564e-10
6.2962992126	94.4206	1.57712e-06	-2.35564e-10
6.3062992126	94.2568	1.67303e-06	-2.34428e-10
6.3162992126	94.0942	1.67303e-06	-2.34428e-10
6.32633858268	93.9317	1.67303e-06	-2.34428e-10
6.33633858268	93.7691	1.67303e-06	-2.34428e-10
6.34633858268	93.6065	1.67303e-06	-2.34428e-10
6.35633858268	93.4449	1.76647e-06	-2.32828e-10
6.36637795276	93.2839	1.76647e-06	-2.32828e-10
6.37637795276	93.1228	1.76647e-06	-2.32828e-10
6.38637795276	92.9617	1.76647e-06	-2.32828e-10
6.39637795276	92.8007	1.76647e-06	-2.32828e-10
6.40641732283	92.6397	1.82873e-06	-2.31586e-10
6.41641732283	92.4788	1.82873e-06	-2.31586e-10
6.42641732283	92.3179	1.82873e-06	-2.31586e-10
6.43641732283	92.157	1.82873e-06	-2.31586e-10
6.44645669291	91.996	1.82873e-06	-2.31586e-10
6.45645669291	91.8347	1.86909e-06	-2.2993e-10
6.46645669291	91.673	1.86909e-06	-2.2993e-10
6.47649606299	91.5114	1.86909e-06	-2.2993e-10
6.48649606299	91.3498	1.86909e-06	-2.2993e-10
6.49649606299	91.1881	1.86909e-06	-2.2993e-10
6.50649606299	91.0257	1.86703e-06	-2.28634e-10
6.51653543307	90.863	1.86703e-06	-2.28634e-10
6.52653543307	90.7002	1.86703e-06	-2.28634e-10
6.53653543307	90.5374	1.86703e-06	-2.28634e-10
6.54653543307	90.3746	1.86703e-06	-2.28634e-10
6.55657480315	90.2111	1.8713e-06	-2.26942e-10
6.56657480315	90.0471	1.8713e-06	-2.26942e-10
6.57657480315	89.8832	1.8713e-06	-2.26942e-10
6.58657480315	89.7192	1.8713e-06	-2.26942e-10
6.59661417323	89.5553	1.8713e-06	-2.26942e-10
6.60661417323	89.3907	1.85955e-06	-2.25629e-10
6.61661417323	89.2259	1.85955e-06	-2.25629e-10
6.62661417323	89.061	1.85955e-06	-2.25629e-10
6.63665354331	88.8961	1.85955e-06	-2.25629e-10
6.64665354331	88.7312	1.85955e-06	-2.25629e-10
6.65665354331	88.566	1.86468e-06	-2.23933e-10
6.66665354331	88.4007	1.86468e-06	-2.23933e-10
6.67669291339	88.2353	1.86468e-06	-2.23933e-10
6.68669291339	88.07	1.86468e-06	-2.23933e-10
6.69669291339	87.9046	1.86468e-06	-2.23933e-10
6.70669291339	87.7393	1.84789e-06	-2.22572e-10
6.71673228346	87.5739	1.84789e-06	-2.22572e-10
6.72673228346	87.4086	1.84789e-06	-2.22572e-10
6.73673228346	87.2432	1.84789e-06	-2.22572e-10
6.74673228346	87.0779	1.84789e-06	-2.22572e-10
6.75677165354	86.9128	1.84299e-06	-2.20891e-10
6.76677165354	86.748	1.84299e-06	-2.20891e-10
6.77677165354	86.5831	1.84299e-06	-2.20891e-10
6.78677165354	86.4183	1.84299e-06	-2.20891e-10
6.79681102362	86.2534	1.84299e-06	-2.20891e-10
6.80681102362	86.0893	1.82039e-06	-2.19526e-10
6.81681102362	85.9254	1.82039e-06	-2.19526e-10
6.82681102362	85.7615	1.82039e-06	-2.19526e-10
6.8368503937	85.5977	1.82039e-06	-2.19526e-10
6.8468503937	85.4338	1.82039e-06	-2.19526e-10
6.8568503937	85.2709	1.81764e-06	-2.17831e-10
6.8668503937	85.1086	1.81764e-06	-2.17831e-10
6.87688976378	84.9462	1.81764e-06	-2.17831e-10
6.88688976378	84.7838	1.81764e-06	-2.17831e-10
6.89688976378	84.6214	1.81764e-06	-2.17831e-10
6.90688976378	84.4604	1.80174e-06	-2.16477e-10
6.91692913386	84.3	1.80174e-06	-2.16477e-10
6.92692913386	84.1395	1.80174e-06	-2.16477e-10
6.93692913386	83.9791	1.80174e-06	-2.16477e-10
6.94692913386	83.8186	1.80174e-06	-2.16477e-10
6.95696850394	83.6598	1.80432e-06	-2.14791e-10
6.96696850394	83.5017	1.80432e-06	-2.14791e-10
6.97696850394	83.3435	1.80432e-06	-2.14791e-10
6.98696850394	83.1854	1.80432e-06	-2.14791e-10
6.99700787402	83.0272	1.80432e-06	-2.14791e-10
7.00700787402	82.8709	1.78886e-06	-2.1344e-10
7.01700787402	82.7153	1.78886e-06	-2.1344e-10
7.02700787402	82.5597	1.78886e-06	-2.1344e-10
7.03704724409	82.4041	1.78886e-06	-2.1344e-10
7.04704724409	82.2486	1.78886e-06	-2.1344e-10
7.05704724409	82.0949	1.79041e-06	-2.11765e-10
7.06708661417	81.9421	1.79041e-06	-2.11765e-10
7.07708661417	81.7893	1.79041e-06	-2.11765e-10
7.08708661417	81.6365	1.79041e-06	-2.11765e-10
7.09708661417	81.4837	1.79041e-06	-2.11765e-10
7.10712598425	81.333	1.77369e-06	-2.10421e-10
7.11712598425	81.1831	1.77369e-06	-2.10421e-10
7.12712598425	81.0332	1.77369e-06	-2.10421e-10
7.13712598425	80.8833	1.77369e-06	-2.10421e-10
7.14716535433	80.7334	1.77369e-06	-2.10421e-10
7.15716535433	80.5856	1.77289e-06	-2.08752e-10
7.16716535433	80.4387	1.77289e-06	-2.08752e-10
7.17716535433	80.2917	1.77289e-06	-2.08752e-10
7.18720472441	80.1448	1.77289e-06	-2.08752e-10
7.19720472441	79.9979	1.77289e-06	-2.08752e-10
7.20720472441	79.8531	1.75222e-06	-2.07419e-10
7.21720472441	79.7092	1.75222e-06	-2.07419e-10
7.22724409449	79.5653	1.75222e-06	-2.07419e-10
7.23724409449	79.4214	1.75222e-06	-2.07419e-10
7.24724409449	79.2774	1.75222e-06	-2.07419e-10
7.25724409449	79.1357	1.74764e-06	-2.05768e-10
7.26728346457	78.9948	1.74764e-06	-2.05768e-10
7.27728346457	78.8538	1.74764e-06	-2.05768e-10
7.28728346457	78.7129	1.74764e-06	-2.05768e-10
7.29728346457	78.572	1.74764e-06	-2.05768e-10
7.30732283465	78.4333	1.72367e-06	-2.04457e-10
7.31732283465	78.2953	1.72367e-06	-2.04457e-10
7.32732283465	78.1573	1.72367e-06	-2.04457e-10
7.33732283465	78.0194	1.72367e-06	-2.04457e-10
7.34736220472	77.8814	1.72367e-06	-2.04457e-10
7.35736220472	77.7456	1.71598e-06	-2.0285e-10
7.36736220472	77.6106	1.71598e-06	-2.0285e-10
7.37736220472	77.4756	1.71598e-06	-2.0285e-10
7.3874015748	77.3405	1.71598e-06	-2.0285e-10
7.3974015748	77.2055	1.71598e-06	-2.0285e-10
7.4074015748	77.0726	1.68906e-06	-2.01543e-10
7.4174015748	76.9404	1.68906e-06	-2.01543e-10
7.42744094488	76.8083	1.68906e-06	-2.01543e-10
7.43744094488	76.6761	1.68906e-06	-2.01543e-10
7.44744094488	76.544	1.68906e-06	-2.01543e-10
7.45744094488	76.4139	1.67886e-06	-1.99985e-10
7.46748031496	76.2846	1.67886e-06	-1.99985e-10
7.47748031496	76.1552	1.67886e-06	-1.99985e-10
7.48748031496	76.0259	1.67886e-06	-1.99985e-10
7.49748031496	75.8966	1.67886e-06	-1.99985e-10
7.50751968504	75.7693	1.64929e-06	-1.98701e-10
7.51751968504	75.6428	1.64929e-06	-1.98701e-10
7.52751968504	75.5162	1.64929e-06	-1.98701e-10
7.53751968504	75.3896	1.64929e-06	-1.98701e-10
7.54755905512	75.2631	1.64929e-06	-1.98701e-10
7.55755905512	75.1386	1.63594e-06	-1.97181e-10
7.56755905512	75.0148	1.63594e-06	-1.97181e-10
7.57755905512	74.8909	1.63594e-06	-1.97181e-10
7.5875984252	74.7671	1.63594e-06	-1.97181e-10
7.5975984252	74.6433	1.63594e-06	-1.97181e-10
7.6075984252	74.5216	1.60359e-06	-1.95941e-10
7.6175984252	74.4005	1.60359e-06	-1.95941e-10
7.62763779528	74.2794	1.60359e-06	-1.95941e-10
7.63763779528	74.1583	1.60359e-06	-1.95941e-10
7.64763779528	74.0372	1.60359e-06	-1.95941e-10
7.65767716535	73.9182	1.58833e-06	-1.94443e-10
7.66767716535	73.7998	1.58833e-06	-1.94443e-10
7.67767716535	73.6814	1.58833e-06	-1.94443e-10
7.68767716535	73.563	1.58833e-06	-1.94443e-10
7.69771653543	73.4447	1.58833e-06	-1.94443e-10
7.70771653543	73.3284	1.55444e-06	-1.93249e-10
7.71771653543	73.2127	1.55444e-06	-1.93249e-10
7.72771653543	73.097	1.55444e-06	-1.93249e-10
7.73775590551	72.9814	1.55444e-06	-1.93249e-10
7.74775590551	72.8657	1.55444e-06	-1.93249e-10
7.75775590551	72.7521	1.53702e-06	-1.91789e-10
7.76775590551	72.6392	1.53702e-06	-1.91789e-10
7.77779527559	72.5262	1.53702e-06	-1.91789e-10
7.78779527559	72.4132	1.53702e-06	-1.91789e-10
7.79779527559	72.3003	1.53702e-06	-1.91789e-10
7.80779527559	72.1894	1.50076e-06	-1.90614e-10
7.81783464567	72.0791	1.50076e-06	-1.90614e-10
7.82783464567	71.9689	1.50076e-06	-1.90614e-10
7.83783464567	71.8586	1.50076e-06	-1.90614e-10
7.84783464567	71.7483	1.50076e-06	-1.90614e-10
7.85787401575	71.6402	1.48129e-06	-1.89241e-10
7.86787401575	71.5326	1.48129e-06	-1.89241e-10
7.87787401575	71.425	1.48129e-06	-1.89241e-10
7.88787401575	71.3175	1.48129e-06	-1.89241e-10
7.89791338583	71.2099	1.48129e-06	-1.89241e-10
7.90791338583	71.1045	1.44389e-06	-1.88092e-10
7.91791338583	70.9997	1.44389e-06	-1.88092e-10
7.92791338583	70.8948	1.44389e-06	-1.88092e-10
7.93795275591	70.79	1.44389e-06	-1.88092e-10
7.94795275591	70.6852	1.44389e-06	-1.88092e-10
7.95795275591	70.5825	1.4237e-06	-1.86785e-10
7.96795275591	70.4804	1.4237e-06	-1.86785e-10
7.97799212598	70.3783	1.4237e-06	-1.86785e-10
7.98799212598	70.2762	1.4237e-06	-1.86785e-10
7.99799212598	70.1741	1.4237e-06	-1.86785e-10
8.00799212598	70.0742	1.3855e-06	-1.85663e-10
8.01803149606	69.9749	1.3855e-06	-1.85663e-10
8.02803149606	69.8755	1.3855e-06	-1.85663e-10
8.03803149606	69.7762	1.3855e-06	-1.85663e-10
8.04803149606	69.6768	1.3855e-06	-1.85663e-10
8.05807086614	69.5796	1.36403e-06	-1.84402e-10
8.06807086614	69.483	1.36403e-06	-1.84402e-10
8.07807086614	69.3864	1.36403e-06	-1.84402e-10
8.08807086614	69.2898	1.36403e-06	-1.84402e-10
8.09811023622	69.1931	1.36403e-06	-1.84402e-10
8.10811023622	69.0987	1.32492e-06	-1.83336e-10
8.11811023622	69.0048	1.32492e-06	-1.83336e-10
8.12811023622	68.9109	1.32492e-06	-1.83336e-10
8.1381496063	68.8171	1.32492e-06	-1.83336e-10
8.1481496063	68.7232	1.32492e-06	-1.83336e-10
8.1581496063	68.6315	1.30301e-06	-1.82112e-10
8.1681496063	68.5404	1.30301e-06	-1.82112e-10
8.17818897638	68.4492	1.30301e-06	-1.82112e-10
8.18818897638	68.3581	1.30301e-06	-1.82112e-10
8.19818897638	68.2669	1.30301e-06	-1.82112e-10
8.20818897638	68.178	1.2637e-06	-1.81112e-10
8.21822834646	68.0896	1.2637e-06	-1.81112e-10
8.22822834646	68.0012	1.2637e-06	-1.81112e-10
8.23822834646	67.9127	1.2637e-06	-1.81112e-10
8.24826771654	67.8243	1.2637e-06	-1.81112e-10
8.25826771654	67.7382	1.24096e-06	-1.79938e-10
8.26826771654	67.6525	1.24096e-06	-1.79938e-10
8.27826771654	67.5668	1.24096e-06	-1.79938e-10
8.28830708661	67.4811	1.24096e-06	-1.79938e-10
8.29830708661	67.3954	1.24096e-06	-1.79938e-10
8.30830708661	67.312	1.20082e-06	-1.78986e-10
8.31830708661	67.229	1.20082e-06	-1.78986e-10
8.32834645669	67.146	1.20082e-06	-1.78986e-10
8.33834645669	67.063	1.20082e-06	-1.78986e-10
8.34834645669	66.98	1.20082e-06	-1.78986e-10
8.35834645669	66.8993	1.17718e-06	-1.77865e-10
8.36838582677	66.819	1.17718e-06	-1.77865e-10
8.37838582677	66.7387	1.17718e-06	-1.77865e-10
8.38838582677	66.6584	1.17718e-06	-1.77865e-10
8.39838582677	66.5781	1.17718e-06	-1.77865e-10
8.40842519685	66.5001	1.13666e-06	-1.76979e-10
8.41842519685	66.4225	1.13666e-06	-1.76979e-10
8.42842519685	66.3448	1.13666e-06	-1.76979e-10
8.43842519685	66.2672	1.13666e-06	-1.76979e-10
8.44846456693	66.1896	1.13666e-06	-1.76979e-10
8.45846456693	66.1143	1.11237e-06	-1.75929e-10
8.46846456693	66.0393	1.11237e-06	-1.75929e-10
8.47846456693	65.9644	1.11237e-06	-1.75929e-10
8.48850393701	65.8895	1.11237e-06	-1.75929e-10
8.49850393701	65.8145	1.11237e-06	-1.75929e-10
8.50850393701	65.7419	1.0712e-06	-1.75076e-10
8.51850393701	65.6696	1.0712e-06	-1.75076e-10
8.52854330709	65.5973	1.0712e-06	-1.75076e-10
8.53854330709	65.525	1.0712e-06	-1.75076e-10
8.54854330709	65.4528	1.0712e-06	-1.75076e-10
8.55854330709	65.3827	1.04591e-06	-1.74087e-10
8.56858267717	65.3131	1.04591e-06	-1.74087e-10
8.57858267717	65.2435	1.04591e-06	-1.74087e-10
8.58858267717	65.1738	1.04591e-06	-1.74087e-10
8.59858267717	65.1042	1.04591e-06	-1.74087e-10
8.60862204724	65.0368	1.00403e-06	-1.73282e-10
8.61862204724	64.9698	1.00403e-06	-1.73282e-10
8.62862204724	64.9028	1.00403e-06	-1.73282e-10
8.63862204724	64.8358	1.00403e-06	-1.73282e-10
8.64866141732	64.7688	1.00403e-06	-1.73282e-10
8.65866141732	64.704	9.7814e-07	-1.72349e-10
8.66866141732	64.6397	9.7814e-07	-1.72349e-10
8.67866141732	64.5753	9.7814e-07	-1.72349e-10
8.6887007874	64.5109	9.7814e-07	-1.72349e-10
8.6987007874	64.4465	9.7814e-07	-1.72349e-10
8.7087007874	64.3843	9.35717e-07	-1.71611e-10
8.7187007874	64.3225	9.35717e-07	-1.71611e-10
8.72874015748	64.2607	9.35717e-07	-1.71611e-10
8.73874015748	64.1989	9.35717e-07	-1.71611e-10
8.74874015748	64.1371	9.35717e-07	-1.71611e-10
8.75874015748	64.0776	9.09171e-07	-1.70749e-10
8.76877952756	64.0183	9.09171e-07	-1.70749e-10
8.77877952756	63.9591	9.09171e-07	-1.70749e-10
8.78877952756	63.8999	9.09171e-07	-1.70749e-10
8.79877952756	63.8407	9.09171e-07	-1.70749e-10
8.80881889764	63.7837	8.65591e-07	-1.7006e-10
8.81881889764	63.727	8.65591e-07	-1.7006e-10
8.82881889764	63.6704	8.65591e-07	-1.7006e-10
8.83885826772	63.6137	8.65591e-07	-1.7006e-10
8.84885826772	63.557	8.65591e-07	-1.7006e-10
8.85885826772	63.5026	8.38124e-07	-1.69245e-10
8.86885826772	63.4485	8.38124e-07	-1.69245e-10
8.8788976378	63.3944	8.38124e-07	-1.69245e-10
8.8888976378	63.3402	8.38124e-07	-1.69245e-10
8.8988976378	63.2861	8.38124e-07	-1.69245e-10
8.9088976378	63.2342	7.94582e-07	-1.6861e-10
8.91893700787	63.1826	7.94582e-07	-1.6861e-10
8.92893700787	63.131	7.94582e-07	-1.6861e-10
8.93893700787	63.0794	7.94582e-07	-1.6861e-10
8.94893700787	63.0278	7.94582e-07	-1.6861e-10
8.95897637795	62.9785	7.66471e-07	-1.67882e-10
8.96897637795	62.9294	7.66471e-07	-1.67882e-10
8.97897637795	62.8803	7.66471e-07	-1.67882e-10
8.98897637795	62.8312	7.66471e-07	-1.67882e-10
8.99901574803	62.7821	7.66471e-07	-1.67882e-10
9.00901574803	62.7352	7.23246e-07	-1.67277e-10
9.01901574803	62.6886	7.23246e-07	-1.67277e-10
9.02901574803	62.642	7.23246e-07	-1.67277e-10
9.03905511811	62.5954	7.23246e-07	-1.67277e-10
9.04905511811	62.5488	7.23246e-07	-1.67277e-10
9.05905511811	62.5044	6.9395e-07	-1.66628e-10
9.06905511811	62.4602	6.9395e-07	-1.66628e-10
9.07909448819	62.416	6.9395e-07	-1.66628e-10
9.08909448819	62.3719	6.9395e-07	-1.66628e-10
9.09909448819	62.3277	6.9395e-07	-1.66628e-10
9.10909448819	62.2858	6.51733e-07	-1.66074e-10
9.11913385827	62.244	6.51733e-07	-1.66074e-10
9.12913385827	62.2023	6.51733e-07	-1.66074e-10
9.13913385827	62.1606	6.51733e-07	-1.66074e-10
9.14913385827	62.1188	6.51733e-07	-1.66074e-10
9.15917322835	62.0793	6.22635e-07	-1.65496e-10
9.16917322835	62.04	6.22635e-07	-1.65496e-10
9.17917322835	62.0006	6.22635e-07	-1.65496e-10
9.18917322835	61.9613	6.22635e-07	-1.65496e-10
9.19921259843	61.922	6.22635e-07	-1.65496e-10
9.20921259843	61.8848	5.826e-07	-1.65e-10
9.21921259843	61.8478	5.826e-07	-1.65e-10
9.22921259843	61.8109	5.826e-07	-1.65e-10
9.2392519685	61.7739	5.826e-07	-1.65e-10
9.2492519685	61.7369	5.826e-07	-1.65e-10
9.2592519685	61.7021	5.5424e-07	-1.64475e-10
9.2692519685	61.6675	5.5424e-07	-1.64475e-10
9.27929133858	61.6329	5.5424e-07	-1.64475e-10
9.28929133858	61.5982	5.5424e-07	-1.64475e-10
9.29929133858	61.5636	5.5424e-07	-1.64475e-10
9.30929133858	61.5311	5.17511e-07	-1.64035e-10
9.31933070866	61.4987	5.17511e-07	-1.64035e-10
9.32933070866	61.4664	5.17511e-07	-1.64035e-10
9.33933070866	61.434	5.17511e-07	-1.64035e-10
9.34933070866	61.4017	5.17511e-07	-1.64035e-10
9.35937007874	61.3714	4.90019e-07	-1.63574e-10
9.36937007874	61.3414	4.90019e-07	-1.63574e-10
9.37937007874	61.3113	4.90019e-07	-1.63574e-10
9.38937007874	61.2812	4.90019e-07	-1.63574e-10
9.39940944882	61.2511	4.90019e-07	-1.63574e-10
9.40940944882	61.223	4.55751e-07	-1.63176e-10
9.41940944882	61.1951	4.55751e-07	-1.63176e-10
9.4294488189	61.1672	4.55751e-07	-1.63176e-10
9.4394488189	61.1393	4.55751e-07	-1.63176e-10
9.4494488189	61.1114	4.55751e-07	-1.63176e-10
9.4594488189	61.0855	4.28218e-07	-1.62786e-10
9.46948818898	61.0598	4.28218e-07	-1.62786e-10
9.47948818898	61.034	4.28218e-07	-1.62786e-10
9.48948818898	61.0083	4.28218e-07	-1.62786e-10
9.49948818898	60.9825	4.28218e-07	-1.62786e-10
9.50952755906	60.9587	3.90966e-07	-1.62442e-10
9.51952755906	60.9351	3.90966e-07	-1.62442e-10
9.52952755906	60.9114	3.90966e-07	-1.62442e-10
9.53952755906	60.8877	3.90966e-07	-1.62442e-10
9.54956692913	60.8641	3.90966e-07	-1.62442e-10
9.55956692913	60.8423	3.63412e-07	-1.62113e-10
9.56956692913	60.8207	3.63412e-07	-1.62113e-10
9.57956692913	60.7991	3.63412e-07	-1.62113e-10
9.58960629921	60.7774	3.63412e-07	-1.62113e-10
9.59960629921	60.7558	3.63412e-07	-1.62113e-10
9.60960629921	60.7361	3.28092e-07	-1.61828e-10
9.61960629921	60.7164	3.28092e-07	-1.61828e-10
9.62964566929	60.6967	3.28092e-07	-1.61828e-10
9.63964566929	60.6771	3.28092e-07	-1.61828e-10
9.64964566929	60.6574	3.28092e-07	-1.61828e-10
9.65964566929	60.6396	3.05115e-07	-1.61559e-10
9.66968503937	60.6218	3.05115e-07	-1.61559e-10
9.67968503937	60.6041	3.05115e-07	-1.61559e-10
9.68968503937	60.5863	3.05115e-07	-1.61559e-10
9.69968503937	60.5685	3.05115e-07	-1.61559e-10
9.70972440945	60.5526	2.75554e-07	-1.6134e-10
9.71972440945	60.5367	2.75554e-07	-1.6134e-10
9.72972440945	60.5208	2.75554e-07	-1.6134e-10
9.73972440945	60.5049	2.75554e-07	-1.6134e-10
9.74976377953	60.4889	2.75554e-07	-1.6134e-10
9.75976377953	60.4748	2.59735e-07	-1.61113e-10
9.76976377953	60.4607	2.59735e-07	-1.61113e-10
9.77976377953	60.4466	2.59735e-07	-1.61113e-10
9.78980314961	60.4325	2.59735e-07	-1.61113e-10
9.79980314961	60.4183	2.59735e-07	-1.61113e-10
9.80980314961	60.406	2.3803e-07	-1.60954e-10
9.81980314961	60.3936	2.3803e-07	-1.60954e-10
9.82984251969	60.3812	2.3803e-07	-1.60954e-10
9.83984251969	60.3689	2.3803e-07	-1.60954e-10
9.84984251969	60.3565	2.3803e-07	-1.60954e-10
9.85984251969	60.3459	2.29822e-07	-1.60782e-10
9.86988188976	60.3352	2.29822e-07	-1.60782e-10
9.87988188976	60.3246	2.29822e-07	-1.60782e-10
9.88988188976	60.314	2.29822e-07	-1.60782e-10
9.89988188976	60.3033	2.29822e-07	-1.60782e-10
9.90992125984	60.2917	2.14271e-07	-1.60673e-10
9.91992125984	60.28	2.14271e-07	-1.60673e-10
9.92992125984	60.2684	2.14271e-07	-1.60673e-10
9.93992125984	60.2567	2.14271e-07	-1.60673e-10
9.94996062992	60.2451	2.14271e-07	-1.60673e-10
9.95996062992	60.2365	2.13756e-07	-1.60524e-10
9.96996062992	60.228	2.13756e-07	-1.60524e-10
9.97996062992	60.2195	2.13756e-07	-1.60524e-10
9.99	60.2109	2.13756e-07	-1.60524e-10
10.0	60.2024	2.01422e-07	-3.15192e-15
