0.0	33.3877	-0.0152604	-3.32294e-12
0.01001	33.3918	-3.13049e-07	-3.01815e-12
0.0200200393701	33.3958	-3.13049e-07	-3.01815e-12
0.0300300393701	33.3998	-3.13049e-07	-3.01815e-12
0.0400401574803	33.4038	-3.13049e-07	-3.01815e-12
0.05005	33.4078	-3.13049e-07	-3.01815e-12
0.0600602362205	33.4119	-3.13049e-07	-3.01815e-12
0.0700700787402	33.4159	-3.13049e-07	-3.01815e-12
0.0800799212598	33.4199	-3.13049e-07	-3.01815e-12
0.0900901574803	33.4239	-3.13049e-07	-3.01815e-12
0.1001	33.4279	-3.13049e-07	-3.01815e-12
0.11011023622	33.432	-3.13049e-07	-3.01815e-12
0.12012007874	33.436	-3.13049e-07	-3.01815e-12
0.130130314961	33.44	-3.13049e-07	-3.01815e-12
0.14014015748	33.444	-3.13049e-07	-3.01815e-12
0.15015	33.448	-3.13049e-07	-3.01815e-12
0.16016023622	33.4521	-3.13049e-07	-3.01815e-12
0.17017007874	33.4561	-3.13049e-07	-3.01815e-12
0.180180314961	33.4601	-3.13049e-07	-3.01815e-12
0.19019015748	33.4641	-3.13049e-07	-3.01815e-12
0.200200393701	33.4733	-3.01254e-07	-2.95224e-12
0.21021023622	33.4897	-3.01254e-07	-2.95224e-12
0.22022007874	33.5061	-3.01254e-07	-2.95224e-12
0.230230314961	33.5226	-3.01254e-07	-2.95224e-12
0.24024015748	33.539	-3.01254e-07	-2.95224e-12
0.250250393701	33.5555	-3.01254e-07	-2.95224e-12
0.26026023622	33.5719	-3.01254e-07	-2.95224e-12
0.27027007874	33.5883	-3.01254e-07	-2.95224e-12
0.280280314961	33.6048	-3.01254e-07	-2.95224e-12
0.29029015748	33.6212	-3.01254e-07	-2.95224e-12
0.300300393701	33.6376	-3.01254e-07	-2.95224e-12
0.31031023622	33.6541	-3.01254e-07	-2.95224e-12
0.320320472441	33.6705	-3.01254e-07	-2.95224e-12
0.330330314961	33.6869	-3.01254e-07	-2.95224e-12
0.34034015748	33.7034	-3.01254e-07	-2.95224e-12
0.350350393701	33.7198	-3.01254e-07	-2.95224e-12
0.36036023622	33.7363	-3.01254e-07	-2.95224e-12
0.370370472441	33.7527	-3.01254e-07	-2.95224e-12
0.380380314961	33.7691	-3.01254e-07	-2.95224e-12
0.390390551181	33.7856	-3.01254e-07	-2.95224e-12
0.400401574803	33.8089	-4.26642e-07	-3.20831e-12
0.410409448819	33.8337	-4.26642e-07	-3.20831e-12
0.420421259843	33.8585	-4.26642e-07	-3.20831e-12
0.430429133858	33.8832	-4.26642e-07	-3.20831e-12
0.440440944882	33.908	-4.26642e-07	-3.20831e-12
0.450448818898	33.9328	-4.26642e-07	-3.20831e-12
0.460460629921	33.9576	-4.26642e-07	-3.20831e-12
0.470468503937	33.9824	-4.26642e-07	-3.20831e-12
0.480480314961	34.0072	-4.26642e-07	-3.20831e-12
0.490492125984	34.032	-4.26642e-07	-3.20831e-12
0.5005	34.0567	-4.26642e-07	-3.20831e-12
0.510511811024	34.0815	-4.26642e-07	-3.20831e-12
0.520519685039	34.1063	-4.26642e-07	-3.20831e-12
0.530531496063	34.1311	-4.26642e-07	-3.20831e-12
0.540539370079	34.1559	-4.26642e-07	-3.20831e-12
0.550551181102	34.1807	-4.26642e-07	-3.20831e-12
0.560559055118	34.2054	-4.26642e-07	-3.20831e-12
0.570570866142	34.2302	-4.26642e-07	-3.20831e-12
0.580578740157	34.255	-4.26642e-07	-3.20831e-12
0.590590551181	34.2828	-4.45337e-07	-2.93477e-12
0.600602362205	34.3206	-4.45337e-07	-2.93477e-12
0.61061023622	34.3583	-4.45337e-07	-2.93477e-12
0.620622047244	34.396	-4.45337e-07	-2.93477e-12
0.63062992126	34.4338	-4.45337e-07	-2.93477e-12
0.640641732283	34.4715	-4.45337e-07	-2.93477e-12
0.650649606299	34.5092	-4.45337e-07	-2.93477e-12
0.660661417323	34.547	-4.45337e-07	-2.93477e-12
0.670669291339	34.5847	-4.45337e-07	-2.93477e-12
0.680681102362	34.6224	-4.45337e-07	-2.93477e-12
0.690688976378	34.6602	-4.45337e-07	-2.93477e-12
0.700700787402	34.6979	-4.45337e-07	-2.93477e-12
0.710712598425	34.7356	-4.45337e-07	-2.93477e-12
0.720720472441	34.7734	-4.45337e-07	-2.93477e-12
0.730732283465	34.8111	-4.45337e-07	-2.93477e-12
0.74074015748	34.8488	-4.45337e-07	-2.93477e-12
0.750751968504	34.8866	-4.45337e-07	-2.93477e-12
0.76075984252	34.9243	-4.45337e-07	-2.93477e-12
0.770771653543	34.962	-4.45337e-07	-2.93477e-12
0.780779527559	34.9998	-4.45337e-07	-2.93477e-12
0.790791338583	35.0402	-7.87141e-07	-3.30825e-12
0.800799212598	35.082	-7.87141e-07	-3.30825e-12
0.810811023622	35.1239	-7.87141e-07	-3.30825e-12
0.820818897638	35.1658	-7.87141e-07	-3.30825e-12
0.830830708661	35.2076	-7.87141e-07	-3.30825e-12
0.840842519685	35.2495	-7.87141e-07	-3.30825e-12
0.850850393701	35.2914	-7.87141e-07	-3.30825e-12
0.860862204724	35.3332	-7.87141e-07	-3.30825e-12
0.87087007874	35.3751	-7.87141e-07	-3.30825e-12
0.880881889764	35.4169	-7.87141e-07	-3.30825e-12
0.89088976378	35.4588	-7.87141e-07	-3.30825e-12
0.900901574803	35.5007	-7.87141e-07	-3.30825e-12
0.910909448819	35.5425	-7.87141e-07	-3.30825e-12
0.920921259843	35.5844	-7.87141e-07	-3.30825e-12
0.930929133858	35.6263	-7.87141e-07	-3.30825e-12
0.940940944882	35.6681	-7.87141e-07	-3.30825e-12
0.950952755906	35.71	-7.87141e-07	-3.30825e-12
0.960960629921	35.7519	-7.87141e-07	-3.30825e-12
0.970972440945	35.7937	-7.87141e-07	-3.30825e-12
0.980980314961	35.836	-8.588e-07	-3.06702e-12
0.990992125984	35.8858	-8.588e-07	-3.06702e-12
1.001	35.9356	-8.588e-07	-3.06702e-12
1.01101181102	35.9853	-8.588e-07	-3.06702e-12
1.02101968504	36.0351	-8.588e-07	-3.06702e-12
1.03103149606	36.0849	-8.588e-07	-3.06702e-12
1.04103937008	36.1347	-8.588e-07	-3.06702e-12
1.0510511811	36.1844	-8.588e-07	-3.06702e-12
1.06106299213	36.2342	-8.588e-07	-3.06702e-12
1.07107086614	36.284	-8.588e-07	-3.06702e-12
1.08108267717	36.3337	-8.588e-07	-3.06702e-12
1.09109055118	36.3835	-8.588e-07	-3.06702e-12
1.1011023622	36.4333	-8.588e-07	-3.06702e-12
1.11111023622	36.483	-8.588e-07	-3.06702e-12
1.12112204724	36.5328	-8.588e-07	-3.06702e-12
1.13112992126	36.5826	-8.588e-07	-3.06702e-12
1.14114173228	36.6323	-8.588e-07	-3.06702e-12
1.1511496063	36.6821	-8.588e-07	-3.06702e-12
1.16116141732	36.7319	-8.588e-07	-3.06702e-12
1.17116929134	36.7817	-8.588e-07	-3.06702e-12
1.18118110236	36.8352	-1.24544e-06	-3.47519e-12
1.19119291339	36.8929	-1.24544e-06	-3.47519e-12
1.2012007874	36.9506	-1.24544e-06	-3.47519e-12
1.21121259843	37.0084	-1.24544e-06	-3.47519e-12
1.22122047244	37.0661	-1.24544e-06	-3.47519e-12
1.23123228346	37.1238	-1.24544e-06	-3.47519e-12
1.24124015748	37.1815	-1.24544e-06	-3.47519e-12
1.2512519685	37.2393	-1.24544e-06	-3.47519e-12
1.26125984252	37.297	-1.24544e-06	-3.47519e-12
1.27127165354	37.3547	-1.24544e-06	-3.47519e-12
1.28127952756	37.4124	-1.24544e-06	-3.47519e-12
1.29129133858	37.4702	-1.24544e-06	-3.47519e-12
1.30130314961	37.5279	-1.24544e-06	-3.47519e-12
1.31131102362	37.5856	-1.24544e-06	-3.47519e-12
1.32132283465	37.6433	-1.24544e-06	-3.47519e-12
1.33133070866	37.7011	-1.24544e-06	-3.47519e-12
1.34134251969	37.7588	-1.24544e-06	-3.47519e-12
1.3513503937	37.8165	-1.24544e-06	-3.47519e-12
1.36136220472	37.8742	-1.24544e-06	-3.47519e-12
1.37137007874	37.932	-1.24544e-06	-3.47519e-12
1.38138188976	37.9992	-1.27937e-06	-3.28471e-12
1.39138976378	38.0676	-1.27937e-06	-3.28471e-12
1.4014015748	38.1361	-1.27937e-06	-3.28471e-12
1.41140944882	38.2046	-1.27937e-06	-3.28471e-12
1.42142125984	38.273	-1.27937e-06	-3.28471e-12
1.43143307087	38.3415	-1.27937e-06	-3.28471e-12
1.44144094488	38.41	-1.27937e-06	-3.28471e-12
1.45145275591	38.4785	-1.27937e-06	-3.28471e-12
1.46146062992	38.5469	-1.27937e-06	-3.28471e-12
1.47147244094	38.6154	-1.27937e-06	-3.28471e-12
1.48148031496	38.6839	-1.27937e-06	-3.28471e-12
1.49149212598	38.7523	-1.27937e-06	-3.28471e-12
1.5015	38.8208	-1.27937e-06	-3.28471e-12
1.51151181102	38.8893	-1.27937e-06	-3.28471e-12
1.52151968504	38.9577	-1.27937e-06	-3.28471e-12
1.53153149606	39.0262	-1.27937e-06	-3.28471e-12
1.54154330709	39.0947	-1.27937e-06	-3.28471e-12
1.5515511811	39.1632	-1.27937e-06	-3.28471e-12
1.56156299213	39.2316	-1.27937e-06	-3.28471e-12
1.57157086614	39.3035	-1.64799e-06	-3.72201e-12
1.58158267717	39.3836	-1.64799e-06	-3.72201e-12
1.59159055118	39.4637	-1.64799e-06	-3.72201e-12
1.6016023622	39.5439	-1.64799e-06	-3.72201e-12
1.61161023622	39.624	-1.64799e-06	-3.72201e-12
1.62162204724	39.7041	-1.64799e-06	-3.72201e-12
1.63162992126	39.7842	-1.64799e-06	-3.72201e-12
1.64164173228	39.8643	-1.64799e-06	-3.72201e-12
1.65165354331	39.9444	-1.64799e-06	-3.72201e-12
1.66166141732	40.0245	-1.64799e-06	-3.72201e-12
1.67167322835	40.1046	-1.64799e-06	-3.72201e-12
1.68168110236	40.1847	-1.64799e-06	-3.72201e-12
1.69169291339	40.2648	-1.64799e-06	-3.72201e-12
1.7017007874	40.345	-1.64799e-06	-3.72201e-12
1.71171259843	40.4251	-1.64799e-06	-3.72201e-12
1.72172047244	40.5052	-1.64799e-06	-3.72201e-12
1.73173228346	40.5853	-1.64799e-06	-3.72201e-12
1.74174015748	40.6654	-1.64799e-06	-3.72201e-12
1.7517519685	40.7455	-1.64799e-06	-3.72201e-12
1.76175984252	40.8256	-1.64799e-06	-3.72201e-12
1.77177165354	40.9146	-1.68332e-06	-3.59661e-12
1.78178346457	41.0073	-1.68332e-06	-3.59661e-12
1.79179133858	41.1	-1.68332e-06	-3.59661e-12
1.80180314961	41.1926	-1.68332e-06	-3.59661e-12
1.81181102362	41.2853	-1.68332e-06	-3.59661e-12
1.82182283465	41.378	-1.68332e-06	-3.59661e-12
1.83183070866	41.4707	-1.68332e-06	-3.59661e-12
1.84184251969	41.5633	-1.68332e-06	-3.59661e-12
1.8518503937	41.656	-1.68332e-06	-3.59661e-12
1.86186220472	41.7487	-1.68332e-06	-3.59661e-12
1.87187007874	41.8414	-1.68332e-06	-3.59661e-12
1.88188188976	41.9341	-1.68332e-06	-3.59661e-12
1.89189370079	42.0267	-1.68332e-06	-3.59661e-12
1.9019015748	42.1194	-1.68332e-06	-3.59661e-12
1.91191338583	42.2121	-1.68332e-06	-3.59661e-12
1.92192125984	42.3048	-1.68332e-06	-3.59661e-12
1.93193307087	42.3975	-1.68332e-06	-3.59661e-12
1.94194094488	42.4901	-1.68332e-06	-3.59661e-12
1.95195275591	42.5828	-1.68332e-06	-3.59661e-12
1.96196062992	42.6771	-2.06411e-06	-4.05878e-12
1.97197244094	42.7838	-2.06411e-06	-4.05878e-12
1.98198031496	42.8904	-2.06411e-06	-4.05878e-12
1.99199212598	42.9971	-2.06411e-06	-4.05878e-12
2.00200393701	43.1037	-2.06411e-06	-4.05878e-12
2.01201181102	43.2104	-2.06411e-06	-4.05878e-12
2.02202362205	43.317	-2.06411e-06	-4.05878e-12
2.03203149606	43.4237	-2.06411e-06	-4.05878e-12
2.04204330709	43.5303	-2.06411e-06	-4.05878e-12
2.0520511811	43.6369	-2.06411e-06	-4.05878e-12
2.06206299213	43.7436	-2.06411e-06	-4.05878e-12
2.07207086614	43.8502	-2.06411e-06	-4.05878e-12
2.08208267717	43.9569	-2.06411e-06	-4.05878e-12
2.09209055118	44.0635	-2.06411e-06	-4.05878e-12
2.1021023622	44.1702	-2.06411e-06	-4.05878e-12
2.11211023622	44.2768	-2.06411e-06	-4.05878e-12
2.12212204724	44.3835	-2.06411e-06	-4.05878e-12
2.13213385827	44.4901	-2.06411e-06	-4.05878e-12
2.14214173228	44.5967	-2.06411e-06	-4.05878e-12
2.15215354331	44.7034	-2.06411e-06	-4.05878e-12
2.16216141732	44.8179	-2.09975e-06	-4.00474e-12
2.17217322835	44.9393	-2.09975e-06	-4.00474e-12
2.18218110236	45.0607	-2.09975e-06	-4.00474e-12
2.19219291339	45.1821	-2.09975e-06	-4.00474e-12
2.2022007874	45.3036	-2.09975e-06	-4.00474e-12
2.21221259843	45.425	-2.09975e-06	-4.00474e-12
2.22222047244	45.5464	-2.09975e-06	-4.00474e-12
2.23223228346	45.6678	-2.09975e-06	-4.00474e-12
2.24224409449	45.7893	-2.09975e-06	-4.00474e-12
2.2522519685	45.9107	-2.09975e-06	-4.00474e-12
2.26226377953	46.0321	-2.09975e-06	-4.00474e-12
2.27227165354	46.1535	-2.09975e-06	-4.00474e-12
2.28228346457	46.275	-2.09975e-06	-4.00474e-12
2.29229133858	46.3964	-2.09975e-06	-4.00474e-12
2.30230314961	46.5178	-2.09975e-06	-4.00474e-12
2.31231102362	46.6393	-2.09975e-06	-4.00474e-12
2.32232283465	46.7607	-2.09975e-06	-4.00474e-12
2.33233070866	46.8821	-2.09975e-06	-4.00474e-12
2.34234251969	47.0035	-2.09975e-06	-4.00474e-12
2.3523503937	47.125	-2.09975e-06	-4.00474e-12
2.36236220472	47.2617	-2.55915e-06	-4.49226e-12
2.37237401575	47.3994	-2.55915e-06	-4.49226e-12
2.38238188976	47.537	-2.55915e-06	-4.49226e-12
2.39239370079	47.6747	-2.55915e-06	-4.49226e-12
2.4024015748	47.8124	-2.55915e-06	-4.49226e-12
2.41241338583	47.9501	-2.55915e-06	-4.49226e-12
2.42242125984	48.0877	-2.55915e-06	-4.49226e-12
2.43243307087	48.2254	-2.55915e-06	-4.49226e-12
2.44244094488	48.3631	-2.55915e-06	-4.49226e-12
2.45245275591	48.5008	-2.55915e-06	-4.49226e-12
2.46246062992	48.6385	-2.55915e-06	-4.49226e-12
2.47247244094	48.7761	-2.55915e-06	-4.49226e-12
2.48248425197	48.9138	-2.55915e-06	-4.49226e-12
2.49249212598	49.0515	-2.55915e-06	-4.49226e-12
2.50250393701	49.1892	-2.55915e-06	-4.49226e-12
2.51251181102	49.3268	-2.55915e-06	-4.49226e-12
2.52252362205	49.4645	-2.55915e-06	-4.49226e-12
2.53253149606	49.6022	-2.55915e-06	-4.49226e-12
2.54254330709	49.7399	-2.55915e-06	-4.49226e-12
2.5525511811	49.8837	-2.5955e-06	-4.52421e-12
2.56256299213	50.0387	-2.5955e-06	-4.52421e-12
2.57257086614	50.1937	-2.5955e-06	-4.52421e-12
2.58258267717	50.3488	-2.5955e-06	-4.52421e-12
2.59259448819	50.5038	-2.5955e-06	-4.52421e-12
2.6026023622	50.6588	-2.5955e-06	-4.52421e-12
2.61261417323	50.8139	-2.5955e-06	-4.52421e-12
2.62262204724	50.9689	-2.5955e-06	-4.52421e-12
2.63263385827	51.124	-2.5955e-06	-4.52421e-12
2.64264173228	51.279	-2.5955e-06	-4.52421e-12
2.65265354331	51.434	-2.5955e-06	-4.52421e-12
2.66266141732	51.5891	-2.5955e-06	-4.52421e-12
2.67267322835	51.7441	-2.5955e-06	-4.52421e-12
2.68268110236	51.8991	-2.5955e-06	-4.52421e-12
2.69269291339	52.0542	-2.5955e-06	-4.52421e-12
2.7027007874	52.2092	-2.5955e-06	-4.52421e-12
2.71271259843	52.3643	-2.5955e-06	-4.52421e-12
2.72272440945	52.5193	-2.5955e-06	-4.52421e-12
2.73273228346	52.6743	-2.5955e-06	-4.52421e-12
2.74274409449	52.8294	-2.5955e-06	-4.52421e-12
2.7527519685	52.9988	-3.09374e-06	-5.03858e-12
2.76276377953	53.1727	-3.09374e-06	-5.03858e-12
2.77277165354	53.3465	-3.09374e-06	-5.03858e-12
2.78278346457	53.5204	-3.09374e-06	-5.03858e-12
2.79279133858	53.6942	-3.09374e-06	-5.03858e-12
2.80280314961	53.8681	-3.09374e-06	-5.03858e-12
2.81281102362	54.0419	-3.09374e-06	-5.03858e-12
2.82282283465	54.2158	-3.09374e-06	-5.03858e-12
2.83283464567	54.3897	-3.09374e-06	-5.03858e-12
2.84284251969	54.5635	-3.09374e-06	-5.03858e-12
2.85285433071	54.7374	-3.09374e-06	-5.03858e-12
2.86286220472	54.9112	-3.09374e-06	-5.03858e-12
2.87287401575	55.0851	-3.09374e-06	-5.03858e-12
2.88288188976	55.2589	-3.09374e-06	-5.03858e-12
2.89289370079	55.4328	-3.09374e-06	-5.03858e-12
2.9029015748	55.6067	-3.09374e-06	-5.03858e-12
2.91291338583	55.7805	-3.09374e-06	-5.03858e-12
2.92292125984	55.9544	-3.09374e-06	-5.03858e-12
2.93293307087	56.1282	-3.09374e-06	-5.03858e-12
2.94294488189	56.3055	-3.02949e-06	-5.15787e-12
2.95295275591	56.4985	-3.02949e-06	-5.15787e-12
2.96296456693	56.6915	-3.02949e-06	-5.15787e-12
2.97297244094	56.8846	-3.02949e-06	-5.15787e-12
2.98298425197	57.0776	-3.02949e-06	-5.15787e-12
2.99299212598	57.2707	-3.02949e-06	-5.15787e-12
3.00300393701	57.4637	-3.02949e-06	-5.15787e-12
3.01301181102	57.6567	-3.02949e-06	-5.15787e-12
3.02302362205	57.8498	-3.02949e-06	-5.15787e-12
3.03303149606	58.0428	-3.02949e-06	-5.15787e-12
3.04304330709	58.2359	-3.02949e-06	-5.15787e-12
3.0530511811	58.4289	-3.02949e-06	-5.15787e-12
3.06306299213	58.6219	-3.02949e-06	-5.15787e-12
3.07307480315	58.815	-3.02949e-06	-5.15787e-12
3.08308267717	59.008	-3.02949e-06	-5.15787e-12
3.09309448819	59.2011	-3.02949e-06	-5.15787e-12
3.1031023622	59.3941	-3.02949e-06	-5.15787e-12
3.11311417323	59.5871	-3.02949e-06	-5.15787e-12
3.12312204724	59.7802	-3.02949e-06	-5.15787e-12
3.13313385827	59.9732	-3.02949e-06	-5.15787e-12
3.14314173228	60.1777	-3.52161e-06	-5.68891e-12
3.15315354331	60.3903	-3.52161e-06	-5.68891e-12
3.16316141732	60.6028	-3.52161e-06	-5.68891e-12
3.17317322835	60.8154	-3.52161e-06	-5.68891e-12
3.18318503937	61.0279	-3.52161e-06	-5.68891e-12
3.19319291339	61.2404	-3.52161e-06	-5.68891e-12
3.20320472441	61.453	-3.52161e-06	-5.68891e-12
3.21321259843	61.6655	-3.52161e-06	-5.68891e-12
3.22322440945	61.8781	-3.52161e-06	-5.68891e-12
3.23323228346	62.0906	-3.52161e-06	-5.68891e-12
3.24324409449	62.3032	-3.52161e-06	-5.68891e-12
3.2532519685	62.5157	-3.52161e-06	-5.68891e-12
3.26326377953	62.7282	-3.52161e-06	-5.68891e-12
3.27327165354	62.9408	-3.52161e-06	-5.68891e-12
3.28328346457	63.1533	-3.52161e-06	-5.68891e-12
3.29329133858	63.3659	-3.52161e-06	-5.68891e-12
3.30330314961	63.5784	-3.52161e-06	-5.68891e-12
3.31331496063	63.7909	-3.52161e-06	-5.68891e-12
3.32332283465	64.0035	-3.52161e-06	-5.68891e-12
3.33333464567	64.216	-3.99969e-06	-5.91282e-15
3.34334251969	64.4471	-3.28989e-06	-5.88856e-12
3.35335433071	64.6781	-3.28989e-06	-5.88856e-12
3.36336220472	64.9092	-3.28989e-06	-5.88856e-12
3.37337401575	65.1403	-3.28989e-06	-5.88856e-12
3.38338188976	65.3713	-3.28989e-06	-5.88856e-12
3.39339370079	65.6024	-3.28989e-06	-5.88856e-12
3.4034015748	65.8334	-3.28989e-06	-5.88856e-12
3.41341338583	66.0645	-3.28989e-06	-5.88856e-12
3.42342519685	66.2955	-3.28989e-06	-5.88856e-12
3.43343307087	66.5266	-3.28989e-06	-5.88856e-12
3.44344488189	66.7577	-3.28989e-06	-5.88856e-12
3.45345275591	66.9887	-3.28989e-06	-5.88856e-12
3.46346456693	67.2198	-3.28989e-06	-5.88856e-12
3.47347244094	67.4508	-3.28989e-06	-5.88856e-12
3.48348425197	67.6819	-3.28989e-06	-5.88856e-12
3.49349212598	67.9129	-3.28989e-06	-5.88856e-12
3.50350393701	68.144	-3.28989e-06	-5.88856e-12
3.51351181102	68.375	-3.28989e-06	-5.88856e-12
3.52352362205	68.6061	-3.28989e-06	-5.88856e-12
3.53353543307	68.8442	-3.70167e-06	-6.40756e-12
3.54354330709	69.0922	-3.70167e-06	-6.40756e-12
3.55355511811	69.3402	-3.70167e-06	-6.40756e-12
3.56356299213	69.5883	-3.70167e-06	-6.40756e-12
3.57357480315	69.8363	-3.70167e-06	-6.40756e-12
3.58358267717	70.0844	-3.70167e-06	-6.40756e-12
3.59359448819	70.3324	-3.70167e-06	-6.40756e-12
3.6036023622	70.5804	-3.70167e-06	-6.40756e-12
3.61361417323	70.8285	-3.70167e-06	-6.40756e-12
3.62362204724	71.0765	-3.70167e-06	-6.40756e-12
3.63363385827	71.3246	-3.70167e-06	-6.40756e-12
3.64364173228	71.5726	-3.70167e-06	-6.40756e-12
3.65365354331	71.8206	-3.70167e-06	-6.40756e-12
3.66366535433	72.0687	-3.70167e-06	-6.40756e-12
3.67367322835	72.3167	-3.70167e-06	-6.40756e-12
3.68368503937	72.5648	-3.70167e-06	-6.40756e-12
3.69369291339	72.8128	-3.70167e-06	-6.40756e-12
3.70370472441	73.0609	-3.70167e-06	-6.40756e-12
3.71371259843	73.3089	-3.70167e-06	-6.40756e-12
3.72372440945	73.5569	-3.70167e-06	-6.40756e-12
3.73373228346	73.8159	-3.20433e-06	-6.65519e-12
3.74374409449	74.0771	-3.20433e-06	-6.65519e-12
3.7537519685	74.3384	-3.20433e-06	-6.65519e-12
3.76376377953	74.5997	-3.20433e-06	-6.65519e-12
3.77377559055	74.8609	-3.20433e-06	-6.65519e-12
3.78378346457	75.1222	-3.20433e-06	-6.65519e-12
3.79379527559	75.3835	-3.20433e-06	-6.65519e-12
3.80380314961	75.6447	-3.20433e-06	-6.65519e-12
3.81381496063	75.906	-3.20433e-06	-6.65519e-12
3.82382283465	76.1672	-3.20433e-06	-6.65519e-12
3.83383464567	76.4285	-3.20433e-06	-6.65519e-12
3.84384251969	76.6898	-3.20433e-06	-6.65519e-12
3.85385433071	76.951	-3.20433e-06	-6.65519e-12
3.86386220472	77.2123	-3.20433e-06	-6.65519e-12
3.87387401575	77.4736	-3.20433e-06	-6.65519e-12
3.88388582677	77.7348	-3.20433e-06	-6.65519e-12
3.89389370079	77.9961	-3.20433e-06	-6.65519e-12
3.90390551181	78.2574	-3.20433e-06	-6.65519e-12
3.91391338583	78.5186	-3.20433e-06	-6.65519e-12
3.92392519685	78.7817	-3.40417e-06	-7.11346e-12
3.93393307087	79.0506	-3.40417e-06	-7.11346e-12
3.94393700787	79.3195	-3.40417e-06	-7.11346e-12
3.95393700787	79.5884	-3.40417e-06	-7.11346e-12
3.96397637795	79.8573	-3.40417e-06	-7.11346e-12
3.97397637795	80.1262	-3.40417e-06	-7.11346e-12
3.98397637795	80.3951	-3.40417e-06	-7.11346e-12
3.99397637795	80.664	-3.40417e-06	-7.11346e-12
4.00401574803	80.9329	-3.40417e-06	-7.11346e-12
4.01401574803	81.2018	-3.40417e-06	-7.11346e-12
4.02401574803	81.4707	-3.40417e-06	-7.11346e-12
4.03401574803	81.7396	-3.40417e-06	-7.11346e-12
4.04405511811	82.0085	-3.40417e-06	-7.11346e-12
4.05405511811	82.2774	-3.40417e-06	-7.11346e-12
4.06405511811	82.5463	-3.40417e-06	-7.11346e-12
4.07405511811	82.8152	-3.40417e-06	-7.11346e-12
4.08409448819	83.0841	-3.40417e-06	-7.11346e-12
4.09409448819	83.353	-3.40417e-06	-7.11346e-12
4.10409448819	83.6219	-3.40417e-06	-7.11346e-12
4.11409448819	83.8908	-3.40417e-06	-7.11346e-12
4.12413385827	84.1589	-2.58015e-06	-7.35416e-12
4.13413385827	84.4265	-2.58015e-06	-7.35416e-12
4.14413385827	84.6941	-2.58015e-06	-7.35416e-12
4.15417322835	84.9617	-2.58015e-06	-7.35416e-12
4.16417322835	85.2294	-2.58015e-06	-7.35416e-12
4.17417322835	85.497	-2.58015e-06	-7.35416e-12
4.18417322835	85.7646	-2.58015e-06	-7.35416e-12
4.19421259843	86.0322	-2.58015e-06	-7.35416e-12
4.20421259843	86.2998	-2.58015e-06	-7.35416e-12
4.21421259843	86.5674	-2.58015e-06	-7.35416e-12
4.22421259843	86.8351	-2.58015e-06	-7.35416e-12
4.2342519685	87.1027	-2.58015e-06	-7.35416e-12
4.2442519685	87.3703	-2.58015e-06	-7.35416e-12
4.2542519685	87.6379	-2.58015e-06	-7.35416e-12
4.2642519685	87.9055	-2.58015e-06	-7.35416e-12
4.27429133858	88.1731	-2.58015e-06	-7.35416e-12
4.28429133858	88.4408	-2.58015e-06	-7.35416e-12
4.29429133858	88.7084	-2.58015e-06	-7.35416e-12
4.30429133858	88.976	-2.58015e-06	-7.35416e-12
4.31433070866	89.2429	-2.40529e-06	-7.68818e-12
4.32433070866	89.4976	-2.40529e-06	-7.68818e-12
4.33433070866	89.7524	-2.40529e-06	-7.68818e-12
4.34433070866	90.0072	-2.40529e-06	-7.68818e-12
4.35437007874	90.262	-2.40529e-06	-7.68818e-12
4.36437007874	90.5167	-2.40529e-06	-7.68818e-12
4.37437007874	90.7715	-2.40529e-06	-7.68818e-12
4.38437007874	91.0263	-2.40529e-06	-7.68818e-12
4.39440944882	91.2811	-2.40529e-06	-7.68818e-12
4.40440944882	91.5358	-2.40529e-06	-7.68818e-12
4.41440944882	91.7906	-2.40529e-06	-7.68818e-12
4.42440944882	92.0454	-2.40529e-06	-7.68818e-12
4.4344488189	92.3002	-2.40529e-06	-7.68818e-12
4.4444488189	92.5549	-2.40529e-06	-7.68818e-12
4.4544488189	92.8097	-2.40529e-06	-7.68818e-12
4.4644488189	93.0645	-2.40529e-06	-7.68818e-12
4.47448818898	93.3193	-2.40529e-06	-7.68818e-12
4.48448818898	93.574	-2.40529e-06	-7.68818e-12
4.49448818898	93.8288	-2.40529e-06	-7.68818e-12
4.50448818898	94.0836	-2.40529e-06	-7.68818e-12
4.51452755906	94.3257	-1.48073e-06	-7.84017e-12
4.52452755906	94.5536	-1.48073e-06	-7.84017e-12
4.53452755906	94.7815	-1.48073e-06	-7.84017e-12
4.54452755906	95.0094	-1.48073e-06	-7.84017e-12
4.55456692913	95.2373	-1.48073e-06	-7.84017e-12
4.56456692913	95.4652	-1.48073e-06	-7.84017e-12
4.57456692913	95.6931	-1.48073e-06	-7.84017e-12
4.58456692913	95.921	-1.48073e-06	-7.84017e-12
4.59460629921	96.1489	-1.48073e-06	-7.84017e-12
4.60460629921	96.3768	-1.48073e-06	-7.84017e-12
4.61460629921	96.6047	-1.48073e-06	-7.84017e-12
4.62460629921	96.8326	-1.48073e-06	-7.84017e-12
4.63464566929	97.0605	-1.48073e-06	-7.84017e-12
4.64464566929	97.2884	-1.48073e-06	-7.84017e-12
4.65464566929	97.5163	-1.48073e-06	-7.84017e-12
4.66464566929	97.7442	-1.48073e-06	-7.84017e-12
4.67468503937	97.9721	-1.48073e-06	-7.84017e-12
4.68468503937	98.2	-1.48073e-06	-7.84017e-12
4.69468503937	98.4279	-1.48073e-06	-7.84017e-12
4.70468503937	98.6558	-1.48073e-06	-7.84017e-12
4.71472440945	98.8476	-7.26844e-07	-8.00985e-12
4.72472440945	99.0346	-7.26844e-07	-8.00985e-12
4.73472440945	99.2216	-7.26844e-07	-8.00985e-12
4.74476377953	99.4085	-7.26844e-07	-8.00985e-12
4.75476377953	99.5955	-7.26844e-07	-8.00985e-12
4.76476377953	99.7825	-7.26844e-07	-8.00985e-12
4.77476377953	99.9695	-7.26844e-07	-8.00985e-12
4.78480314961	100.156	-7.26844e-07	-8.00985e-12
4.79480314961	100.343	-7.26844e-07	-8.00985e-12
4.80480314961	100.53	-7.26844e-07	-8.00985e-12
4.81480314961	100.717	-7.26844e-07	-8.00985e-12
4.82484251969	100.904	-7.26844e-07	-8.00985e-12
4.83484251969	101.091	-7.26844e-07	-8.00985e-12
4.84484251969	101.278	-7.26844e-07	-8.00985e-12
4.85484251969	101.465	-7.26844e-07	-8.00985e-12
4.86488188976	101.652	-7.26844e-07	-8.00985e-12
4.87488188976	101.839	-7.26844e-07	-8.00985e-12
4.88488188976	102.026	-7.26844e-07	-8.00985e-12
4.89488188976	102.213	-7.26844e-07	-8.00985e-12
4.90492125984	102.385	3.20755e-07	-7.9421e-12
4.91492125984	102.521	3.20755e-07	-7.9421e-12
4.92492125984	102.657	3.20755e-07	-7.9421e-12
4.93492125984	102.792	3.20755e-07	-7.9421e-12
4.94496062992	102.928	3.20755e-07	-7.9421e-12
4.95496062992	103.064	3.20755e-07	-7.9421e-12
4.96496062992	103.199	3.20755e-07	-7.9421e-12
4.97496062992	103.335	3.20755e-07	-7.9421e-12
4.985	103.471	3.20755e-07	-7.9421e-12
4.995	103.607	3.20755e-07	-7.9421e-12
5.005	103.742	3.20755e-07	-7.9421e-12
5.015	103.878	3.20755e-07	-7.9421e-12
5.02503937008	104.014	3.20755e-07	-7.9421e-12
5.03503937008	104.15	3.20755e-07	-7.9421e-12
5.04503937008	104.285	3.20755e-07	-7.9421e-12
5.05503937008	104.421	3.20755e-07	-7.9421e-12
5.06507874016	104.557	3.20755e-07	-7.9421e-12
5.07507874016	104.692	3.20755e-07	-7.9421e-12
5.08507874016	104.828	3.20755e-07	-7.9421e-12
5.09507874016	104.964	3.20755e-07	-7.9421e-12
5.10511811024	105.06	8.44213e-07	-7.94169e-12
5.11511811024	105.14	8.44213e-07	-7.94169e-12
5.12511811024	105.22	8.44213e-07	-7.94169e-12
5.13511811024	105.3	8.44213e-07	-7.94169e-12
5.14515748031	105.38	8.44213e-07	-7.94169e-12
5.15515748031	105.46	8.44213e-07	-7.94169e-12
5.16515748031	105.54	8.44213e-07	-7.94169e-12
5.17515748031	105.621	8.44213e-07	-7.94169e-12
5.18519685039	105.701	8.44213e-07	-7.94169e-12
5.19519685039	105.781	8.44213e-07	-7.94169e-12
5.20519685039	105.861	8.44213e-07	-7.94169e-12
5.21519685039	105.941	8.44213e-07	-7.94169e-12
5.22523622047	106.021	8.44213e-07	-7.94169e-12
5.23523622047	106.101	8.44213e-07	-7.94169e-12
5.24523622047	106.181	8.44213e-07	-7.94169e-12
5.25523622047	106.261	8.44213e-07	-7.94169e-12
5.26527559055	106.341	8.44213e-07	-7.94169e-12
5.27527559055	106.421	8.44213e-07	-7.94169e-12
5.28527559055	106.501	8.44213e-07	-7.94169e-12
5.29531496063	106.573	1.52287e-06	-7.77113e-12
5.30531496063	106.586	1.52287e-06	-7.77113e-12
5.31531496063	106.599	1.52287e-06	-7.77113e-12
5.32531496063	106.612	1.52287e-06	-7.77113e-12
5.33535433071	106.625	1.52287e-06	-7.77113e-12
5.34535433071	106.638	1.52287e-06	-7.77113e-12
5.35535433071	106.651	1.52287e-06	-7.77113e-12
5.36535433071	106.664	1.52287e-06	-7.77113e-12
5.37539370079	106.676	1.52287e-06	-7.77113e-12
5.38539370079	106.689	1.52287e-06	-7.77113e-12
5.39539370079	106.702	1.52287e-06	-7.77113e-12
5.40539370079	106.715	1.52287e-06	-7.77113e-12
5.41543307087	106.728	1.52287e-06	-7.77113e-12
5.42543307087	106.741	1.52287e-06	-7.77113e-12
5.43543307087	106.754	1.52287e-06	-7.77113e-12
5.44543307087	106.767	1.52287e-06	-7.77113e-12
5.45547244094	106.78	1.52287e-06	-7.77113e-12
5.46547244094	106.793	1.52287e-06	-7.77113e-12
5.47547244094	106.806	1.52287e-06	-7.77113e-12
5.48547244094	106.819	1.52287e-06	-7.77113e-12
5.49551181102	106.806	1.66024e-06	-7.6756e-12
5.50551181102	106.771	1.66024e-06	-7.6756e-12
5.51551181102	106.735	1.66024e-06	-7.6756e-12
5.52551181102	106.7	1.66024e-06	-7.6756e-12
5.5355511811	106.664	1.66024e-06	-7.6756e-12
5.5455511811	106.629	1.66024e-06	-7.6756e-12
5.5555511811	106.593	1.66024e-06	-7.6756e-12
5.5655511811	106.558	1.66024e-06	-7.6756e-12
5.57559055118	106.523	1.66024e-06	-7.6756e-12
5.58559055118	106.487	1.66024e-06	-7.6756e-12
5.59559055118	106.452	1.66024e-06	-7.6756e-12
5.60559055118	106.416	1.66024e-06	-7.6756e-12
5.61562992126	106.381	1.66024e-06	-7.6756e-12
5.62562992126	106.345	1.66024e-06	-7.6756e-12
5.63562992126	106.31	1.66024e-06	-7.6756e-12
5.64562992126	106.275	1.66024e-06	-7.6756e-12
5.65566929134	106.239	1.66024e-06	-7.6756e-12
5.66566929134	106.204	1.66024e-06	-7.6756e-12
5.67566929134	106.168	1.66024e-06	-7.6756e-12
5.68566929134	106.133	1.66024e-06	-7.6756e-12
5.69570866142	106.044	1.74836e-06	-7.54256e-12
5.70570866142	105.951	1.74836e-06	-7.54256e-12
5.71570866142	105.859	1.74836e-06	-7.54256e-12
5.72570866142	105.766	1.74836e-06	-7.54256e-12
5.7357480315	105.674	1.74836e-06	-7.54256e-12
5.7457480315	105.581	1.74836e-06	-7.54256e-12
5.7557480315	105.489	1.74836e-06	-7.54256e-12
5.7657480315	105.396	1.74836e-06	-7.54256e-12
5.77578740157	105.304	1.74836e-06	-7.54256e-12
5.78578740157	105.211	1.74836e-06	-7.54256e-12
5.79578740157	105.118	1.74836e-06	-7.54256e-12
5.80578740157	105.026	1.74836e-06	-7.54256e-12
5.81582677165	104.933	1.74836e-06	-7.54256e-12
5.82582677165	104.841	1.74836e-06	-7.54256e-12
5.83582677165	104.748	1.74836e-06	-7.54256e-12
5.84582677165	104.656	1.74836e-06	-7.54256e-12
5.85586614173	104.563	1.74836e-06	-7.54256e-12
5.86586614173	104.471	1.74836e-06	-7.54256e-12
5.87586614173	104.378	1.74836e-06	-7.54256e-12
5.88590551181	104.249	1.69823e-06	-7.41132e-12
5.89590551181	104.051	1.69823e-06	-7.41132e-12
5.90590551181	103.854	1.69823e-06	-7.41132e-12
5.91590551181	103.656	1.69823e-06	-7.41132e-12
5.92594488189	103.459	1.69823e-06	-7.41132e-12
5.93594488189	103.261	1.69823e-06	-7.41132e-12
5.94594488189	103.064	1.69823e-06	-7.41132e-12
5.95594488189	102.866	1.69823e-06	-7.41132e-12
5.96598425197	102.669	1.69823e-06	-7.41132e-12
5.97598425197	102.471	1.69823e-06	-7.41132e-12
5.98598425197	102.274	1.69823e-06	-7.41132e-12
5.99598425197	102.076	1.69823e-06	-7.41132e-12
6.00602362205	101.879	1.69823e-06	-7.41132e-12
6.01602362205	101.681	1.69823e-06	-7.41132e-12
6.02602362205	101.484	1.69823e-06	-7.41132e-12
6.03602362205	101.286	1.69823e-06	-7.41132e-12
6.04606299213	101.089	1.69823e-06	-7.41132e-12
6.05606299213	100.891	1.69823e-06	-7.41132e-12
6.06606299213	100.694	1.69823e-06	-7.41132e-12
6.07606299213	100.496	1.69823e-06	-7.41132e-12
6.0861023622	100.228	1.85871e-06	-7.23693e-12
6.0961023622	99.9378	1.85871e-06	-7.23693e-12
6.1061023622	99.6478	1.85871e-06	-7.23693e-12
6.1161023622	99.3578	1.85871e-06	-7.23693e-12
6.12614173228	99.0677	1.85871e-06	-7.23693e-12
6.13614173228	98.7777	1.85871e-06	-7.23693e-12
6.14614173228	98.4877	1.85871e-06	-7.23693e-12
6.15614173228	98.1976	1.85871e-06	-7.23693e-12
6.16618110236	97.9076	1.85871e-06	-7.23693e-12
6.17618110236	97.6176	1.85871e-06	-7.23693e-12
6.18618110236	97.3275	1.85871e-06	-7.23693e-12
6.19618110236	97.0375	1.85871e-06	-7.23693e-12
6.20622047244	96.7474	1.85871e-06	-7.23693e-12
6.21622047244	96.4574	1.85871e-06	-7.23693e-12
6.22622047244	96.1674	1.85871e-06	-7.23693e-12
6.23622047244	95.8773	1.85871e-06	-7.23693e-12
6.24625984252	95.5873	1.85871e-06	-7.23693e-12
6.25625984252	95.2973	1.85871e-06	-7.23693e-12
6.26625984252	95.0072	1.85871e-06	-7.23693e-12
6.27625984252	94.7165	1.95474e-06	-7.06778e-12
6.2862992126	94.4223	1.95474e-06	-7.06778e-12
6.2962992126	94.1282	1.95474e-06	-7.06778e-12
6.3062992126	93.8341	1.95474e-06	-7.06778e-12
6.3162992126	93.5399	1.95474e-06	-7.06778e-12
6.32633858268	93.2458	1.95474e-06	-7.06778e-12
6.33633858268	92.9517	1.95474e-06	-7.06778e-12
6.34633858268	92.6575	1.95474e-06	-7.06778e-12
6.35633858268	92.3634	1.95474e-06	-7.06778e-12
6.36637795276	92.0692	1.95474e-06	-7.06778e-12
6.37637795276	91.7751	1.95474e-06	-7.06778e-12
6.38637795276	91.481	1.95474e-06	-7.06778e-12
6.39637795276	91.1868	1.95474e-06	-7.06778e-12
6.40641732283	90.8927	1.95474e-06	-7.06778e-12
6.41641732283	90.5986	1.95474e-06	-7.06778e-12
6.42641732283	90.3044	1.95474e-06	-7.06778e-12
6.43641732283	90.0103	1.95474e-06	-7.06778e-12
6.44645669291	89.7162	1.95474e-06	-7.06778e-12
6.45645669291	89.422	1.95474e-06	-7.06778e-12
6.46645669291	89.1279	1.95474e-06	-7.06778e-12
6.47649606299	88.8636	1.94089e-06	-6.87454e-12
6.48649606299	88.6201	1.94089e-06	-6.87454e-12
6.49649606299	88.3766	1.94089e-06	-6.87454e-12
6.50649606299	88.1332	1.94089e-06	-6.87454e-12
6.51653543307	87.8897	1.94089e-06	-6.87454e-12
6.52653543307	87.6462	1.94089e-06	-6.87454e-12
6.53653543307	87.4028	1.94089e-06	-6.87454e-12
6.54653543307	87.1593	1.94089e-06	-6.87454e-12
6.55657480315	86.9158	1.94089e-06	-6.87454e-12
6.56657480315	86.6724	1.94089e-06	-6.87454e-12
6.57657480315	86.4289	1.94089e-06	-6.87454e-12
6.58657480315	86.1855	1.94089e-06	-6.87454e-12
6.59661417323	85.942	1.94089e-06	-6.87454e-12
6.60661417323	85.6985	1.94089e-06	-6.87454e-12
6.61661417323	85.4551	1.94089e-06	-6.87454e-12
6.62661417323	85.2116	1.94089e-06	-6.87454e-12
6.63665354331	84.9681	1.94089e-06	-6.87454e-12
6.64665354331	84.7247	1.94089e-06	-6.87454e-12
6.65665354331	84.4812	1.94089e-06	-6.87454e-12
6.66665354331	84.2377	2.18667e-06	-5.21519e-15
6.67669291339	84.0642	1.84007e-06	-6.69177e-12
6.68669291339	83.8907	1.84007e-06	-6.69177e-12
6.69669291339	83.7171	1.84007e-06	-6.69177e-12
6.70669291339	83.5436	1.84007e-06	-6.69177e-12
6.71673228346	83.37	1.84007e-06	-6.69177e-12
6.72673228346	83.1965	1.84007e-06	-6.69177e-12
6.73673228346	83.023	1.84007e-06	-6.69177e-12
6.74673228346	82.8494	1.84007e-06	-6.69177e-12
6.75677165354	82.6759	1.84007e-06	-6.69177e-12
6.76677165354	82.5024	1.84007e-06	-6.69177e-12
6.77677165354	82.3288	1.84007e-06	-6.69177e-12
6.78677165354	82.1553	1.84007e-06	-6.69177e-12
6.79681102362	81.9817	1.84007e-06	-6.69177e-12
6.80681102362	81.8082	1.84007e-06	-6.69177e-12
6.81681102362	81.6347	1.84007e-06	-6.69177e-12
6.82681102362	81.4611	1.84007e-06	-6.69177e-12
6.8368503937	81.2876	1.84007e-06	-6.69177e-12
6.8468503937	81.114	1.84007e-06	-6.69177e-12
6.8568503937	80.9405	1.84007e-06	-6.69177e-12
6.8668503937	80.7879	1.79987e-06	-6.49931e-12
6.87688976378	80.6653	1.79987e-06	-6.49931e-12
6.88688976378	80.5427	1.79987e-06	-6.49931e-12
6.89688976378	80.4201	1.79987e-06	-6.49931e-12
6.90688976378	80.2975	1.79987e-06	-6.49931e-12
6.91692913386	80.1749	1.79987e-06	-6.49931e-12
6.92692913386	80.0523	1.79987e-06	-6.49931e-12
6.93692913386	79.9296	1.79987e-06	-6.49931e-12
6.94692913386	79.807	1.79987e-06	-6.49931e-12
6.95696850394	79.6844	1.79987e-06	-6.49931e-12
6.96696850394	79.5618	1.79987e-06	-6.49931e-12
6.97696850394	79.4392	1.79987e-06	-6.49931e-12
6.98696850394	79.3166	1.79987e-06	-6.49931e-12
6.99700787402	79.194	1.79987e-06	-6.49931e-12
7.00700787402	79.0713	1.79987e-06	-6.49931e-12
7.01700787402	78.9487	1.79987e-06	-6.49931e-12
7.02700787402	78.8261	1.79987e-06	-6.49931e-12
7.03704724409	78.7035	1.79987e-06	-6.49931e-12
7.04704724409	78.5809	1.79987e-06	-6.49931e-12
7.05704724409	78.4583	1.79987e-06	-6.49931e-12
7.06708661417	78.3522	1.81457e-06	-6.31755e-12
7.07708661417	78.2496	1.81457e-06	-6.31755e-12
7.08708661417	78.147	1.81457e-06	-6.31755e-12
7.09708661417	78.0444	1.81457e-06	-6.31755e-12
7.10712598425	77.9418	1.81457e-06	-6.31755e-12
7.11712598425	77.8392	1.81457e-06	-6.31755e-12
7.12712598425	77.7366	1.81457e-06	-6.31755e-12
7.13712598425	77.634	1.81457e-06	-6.31755e-12
7.14716535433	77.5314	1.81457e-06	-6.31755e-12
7.15716535433	77.4288	1.81457e-06	-6.31755e-12
7.16716535433	77.3262	1.81457e-06	-6.31755e-12
7.17716535433	77.2236	1.81457e-06	-6.31755e-12
7.18720472441	77.121	1.81457e-06	-6.31755e-12
7.19720472441	77.0184	1.81457e-06	-6.31755e-12
7.20720472441	76.9158	1.81457e-06	-6.31755e-12
7.21720472441	76.8133	1.81457e-06	-6.31755e-12
7.22724409449	76.7107	1.81457e-06	-6.31755e-12
7.23724409449	76.6081	1.81457e-06	-6.31755e-12
7.24724409449	76.5055	1.81457e-06	-6.31755e-12
7.25724409449	76.4031	1.84809e-06	-6.12849e-12
7.26728346457	76.3012	1.84809e-06	-6.12849e-12
7.27728346457	76.1993	1.84809e-06	-6.12849e-12
7.28728346457	76.0974	1.84809e-06	-6.12849e-12
7.29728346457	75.9956	1.84809e-06	-6.12849e-12
7.30732283465	75.8937	1.84809e-06	-6.12849e-12
7.31732283465	75.7918	1.84809e-06	-6.12849e-12
7.32732283465	75.69	1.84809e-06	-6.12849e-12
7.33732283465	75.5881	1.84809e-06	-6.12849e-12
7.34736220472	75.4862	1.84809e-06	-6.12849e-12
7.35736220472	75.3844	1.84809e-06	-6.12849e-12
7.36736220472	75.2825	1.84809e-06	-6.12849e-12
7.37736220472	75.1806	1.84809e-06	-6.12849e-12
7.3874015748	75.0787	1.84809e-06	-6.12849e-12
7.3974015748	74.9769	1.84809e-06	-6.12849e-12
7.4074015748	74.875	1.84809e-06	-6.12849e-12
7.4174015748	74.7731	1.84809e-06	-6.12849e-12
7.42744094488	74.6713	1.84809e-06	-6.12849e-12
7.43744094488	74.5694	1.84809e-06	-6.12849e-12
7.44744094488	74.4675	1.84809e-06	-6.12849e-12
7.45744094488	74.3629	1.76836e-06	-5.94817e-12
7.46748031496	74.2569	1.76836e-06	-5.94817e-12
7.47748031496	74.1508	1.76836e-06	-5.94817e-12
7.48748031496	74.0448	1.76836e-06	-5.94817e-12
7.49748031496	73.9387	1.76836e-06	-5.94817e-12
7.50751968504	73.8326	1.76836e-06	-5.94817e-12
7.51751968504	73.7266	1.76836e-06	-5.94817e-12
7.52751968504	73.6205	1.76836e-06	-5.94817e-12
7.53751968504	73.5145	1.76836e-06	-5.94817e-12
7.54755905512	73.4084	1.76836e-06	-5.94817e-12
7.55755905512	73.3023	1.76836e-06	-5.94817e-12
7.56755905512	73.1963	1.76836e-06	-5.94817e-12
7.57755905512	73.0902	1.76836e-06	-5.94817e-12
7.5875984252	72.9841	1.76836e-06	-5.94817e-12
7.5975984252	72.8781	1.76836e-06	-5.94817e-12
7.6075984252	72.772	1.76836e-06	-5.94817e-12
7.6175984252	72.666	1.76836e-06	-5.94817e-12
7.62763779528	72.5599	1.76836e-06	-5.94817e-12
7.63763779528	72.4538	1.76836e-06	-5.94817e-12
7.64763779528	72.3477	1.65773e-06	-5.7807e-12
7.65767716535	72.2401	1.65773e-06	-5.7807e-12
7.66767716535	72.1324	1.65773e-06	-5.7807e-12
7.67767716535	72.0248	1.65773e-06	-5.7807e-12
7.68767716535	71.9172	1.65773e-06	-5.7807e-12
7.69771653543	71.8095	1.65773e-06	-5.7807e-12
7.70771653543	71.7019	1.65773e-06	-5.7807e-12
7.71771653543	71.5943	1.65773e-06	-5.7807e-12
7.72771653543	71.4867	1.65773e-06	-5.7807e-12
7.73775590551	71.379	1.65773e-06	-5.7807e-12
7.74775590551	71.2714	1.65773e-06	-5.7807e-12
7.75775590551	71.1638	1.65773e-06	-5.7807e-12
7.76775590551	71.0561	1.65773e-06	-5.7807e-12
7.77779527559	70.9485	1.65773e-06	-5.7807e-12
7.78779527559	70.8409	1.65773e-06	-5.7807e-12
7.79779527559	70.7333	1.65773e-06	-5.7807e-12
7.80779527559	70.6256	1.65773e-06	-5.7807e-12
7.81783464567	70.518	1.65773e-06	-5.7807e-12
7.82783464567	70.4104	1.65773e-06	-5.7807e-12
7.83783464567	70.3027	1.65773e-06	-5.7807e-12
7.84783464567	70.1968	1.48551e-06	-5.61984e-12
7.85787401575	70.0928	1.48551e-06	-5.61984e-12
7.86787401575	69.9887	1.48551e-06	-5.61984e-12
7.87787401575	69.8847	1.48551e-06	-5.61984e-12
7.88787401575	69.7806	1.48551e-06	-5.61984e-12
7.89791338583	69.6766	1.48551e-06	-5.61984e-12
7.90791338583	69.5725	1.48551e-06	-5.61984e-12
7.91791338583	69.4685	1.48551e-06	-5.61984e-12
7.92791338583	69.3645	1.48551e-06	-5.61984e-12
7.93795275591	69.2604	1.48551e-06	-5.61984e-12
7.94795275591	69.1564	1.48551e-06	-5.61984e-12
7.95795275591	69.0523	1.48551e-06	-5.61984e-12
7.96795275591	68.9483	1.48551e-06	-5.61984e-12
7.97799212598	68.8442	1.48551e-06	-5.61984e-12
7.98799212598	68.7402	1.48551e-06	-5.61984e-12
7.99799212598	68.6362	1.48551e-06	-5.61984e-12
8.00799212598	68.5321	1.48551e-06	-5.61984e-12
8.01803149606	68.4281	1.48551e-06	-5.61984e-12
8.02803149606	68.324	1.48551e-06	-5.61984e-12
8.03803149606	68.22	1.48551e-06	-5.61984e-12
8.04803149606	68.1234	1.35172e-06	-5.47802e-12
8.05807086614	68.0279	1.35172e-06	-5.47802e-12
8.06807086614	67.9323	1.35172e-06	-5.47802e-12
8.07807086614	67.8368	1.35172e-06	-5.47802e-12
8.08807086614	67.7412	1.35172e-06	-5.47802e-12
8.09811023622	67.6457	1.35172e-06	-5.47802e-12
8.10811023622	67.5501	1.35172e-06	-5.47802e-12
8.11811023622	67.4545	1.35172e-06	-5.47802e-12
8.12811023622	67.359	1.35172e-06	-5.47802e-12
8.1381496063	67.2634	1.35172e-06	-5.47802e-12
8.1481496063	67.1679	1.35172e-06	-5.47802e-12
8.1581496063	67.0723	1.35172e-06	-5.47802e-12
8.1681496063	66.9768	1.35172e-06	-5.47802e-12
8.17818897638	66.8812	1.35172e-06	-5.47802e-12
8.18818897638	66.7857	1.35172e-06	-5.47802e-12
8.19818897638	66.6901	1.35172e-06	-5.47802e-12
8.20818897638	66.5945	1.35172e-06	-5.47802e-12
8.21822834646	66.499	1.35172e-06	-5.47802e-12
8.22822834646	66.4034	1.35172e-06	-5.47802e-12
8.23822834646	66.3114	1.19446e-06	-5.34453e-12
8.24826771654	66.2277	1.19446e-06	-5.34453e-12
8.25826771654	66.144	1.19446e-06	-5.34453e-12
8.26826771654	66.0604	1.19446e-06	-5.34453e-12
8.27826771654	65.9767	1.19446e-06	-5.34453e-12
8.28830708661	65.8931	1.19446e-06	-5.34453e-12
8.29830708661	65.8094	1.19446e-06	-5.34453e-12
8.30830708661	65.7257	1.19446e-06	-5.34453e-12
8.31830708661	65.6421	1.19446e-06	-5.34453e-12
8.32834645669	65.5584	1.19446e-06	-5.34453e-12
8.33834645669	65.4748	1.19446e-06	-5.34453e-12
8.34834645669	65.3911	1.19446e-06	-5.34453e-12
8.35834645669	65.3074	1.19446e-06	-5.34453e-12
8.36838582677	65.2238	1.19446e-06	-5.34453e-12
8.37838582677	65.1401	1.19446e-06	-5.34453e-12
8.38838582677	65.0565	1.19446e-06	-5.34453e-12
8.39838582677	64.9728	1.19446e-06	-5.34453e-12
8.40842519685	64.8891	1.19446e-06	-5.34453e-12
8.41842519685	64.8055	1.19446e-06	-5.34453e-12
8.42842519685	64.7218	1.19446e-06	-5.34453e-12
8.43842519685	64.6474	1.07853e-06	-5.2239e-12
8.44846456693	64.5767	1.07853e-06	-5.2239e-12
8.45846456693	64.5061	1.07853e-06	-5.2239e-12
8.46846456693	64.4355	1.07853e-06	-5.2239e-12
8.47846456693	64.3649	1.07853e-06	-5.2239e-12
8.48850393701	64.2942	1.07853e-06	-5.2239e-12
8.49850393701	64.2236	1.07853e-06	-5.2239e-12
8.50850393701	64.153	1.07853e-06	-5.2239e-12
8.51850393701	64.0824	1.07853e-06	-5.2239e-12
8.52854330709	64.0117	1.07853e-06	-5.2239e-12
8.53854330709	63.9411	1.07853e-06	-5.2239e-12
8.54854330709	63.8705	1.07853e-06	-5.2239e-12
8.55854330709	63.7999	1.07853e-06	-5.2239e-12
8.56858267717	63.7292	1.07853e-06	-5.2239e-12
8.57858267717	63.6586	1.07853e-06	-5.2239e-12
8.58858267717	63.588	1.07853e-06	-5.2239e-12
8.59858267717	63.5174	1.07853e-06	-5.2239e-12
8.60862204724	63.4467	1.07853e-06	-5.2239e-12
8.61862204724	63.3761	1.07853e-06	-5.2239e-12
8.62862204724	63.3069	9.24987e-07	-5.11915e-12
8.63862204724	63.2488	9.24987e-07	-5.11915e-12
8.64866141732	63.1906	9.24987e-07	-5.11915e-12
8.65866141732	63.1324	9.24987e-07	-5.11915e-12
8.66866141732	63.0743	9.24987e-07	-5.11915e-12
8.67866141732	63.0161	9.24987e-07	-5.11915e-12
8.6887007874	62.9579	9.24987e-07	-5.11915e-12
8.6987007874	62.8997	9.24987e-07	-5.11915e-12
8.7087007874	62.8416	9.24987e-07	-5.11915e-12
8.7187007874	62.7834	9.24987e-07	-5.11915e-12
8.72874015748	62.7252	9.24987e-07	-5.11915e-12
8.73874015748	62.667	9.24987e-07	-5.11915e-12
8.74874015748	62.6089	9.24987e-07	-5.11915e-12
8.75874015748	62.5507	9.24987e-07	-5.11915e-12
8.76877952756	62.4925	9.24987e-07	-5.11915e-12
8.77877952756	62.4344	9.24987e-07	-5.11915e-12
8.78877952756	62.3762	9.24987e-07	-5.11915e-12
8.79877952756	62.318	9.24987e-07	-5.11915e-12
8.80881889764	62.2598	9.24987e-07	-5.11915e-12
8.81881889764	62.2017	9.24987e-07	-5.11915e-12
8.82881889764	62.1493	7.9951e-07	-5.02605e-12
8.83885826772	62.1022	7.9951e-07	-5.02605e-12
8.84885826772	62.055	7.9951e-07	-5.02605e-12
8.85885826772	62.0079	7.9951e-07	-5.02605e-12
8.86885826772	61.9607	7.9951e-07	-5.02605e-12
8.8788976378	61.9136	7.9951e-07	-5.02605e-12
8.8888976378	61.8664	7.9951e-07	-5.02605e-12
8.8988976378	61.8193	7.9951e-07	-5.02605e-12
8.9088976378	61.7722	7.9951e-07	-5.02605e-12
8.91893700787	61.725	7.9951e-07	-5.02605e-12
8.92893700787	61.6779	7.9951e-07	-5.02605e-12
8.93893700787	61.6307	7.9951e-07	-5.02605e-12
8.94893700787	61.5836	7.9951e-07	-5.02605e-12
8.95897637795	61.5364	7.9951e-07	-5.02605e-12
8.96897637795	61.4893	7.9951e-07	-5.02605e-12
8.97897637795	61.4421	7.9951e-07	-5.02605e-12
8.98897637795	61.395	7.9951e-07	-5.02605e-12
8.99901574803	61.3478	7.9951e-07	-5.02605e-12
9.00901574803	61.3007	7.9951e-07	-5.02605e-12
9.01901574803	61.2535	7.9951e-07	-5.02605e-12
9.02901574803	61.2155	6.41453e-07	-4.94749e-12
9.03905511811	61.178	6.41453e-07	-4.94749e-12
9.04905511811	61.1405	6.41453e-07	-4.94749e-12
9.05905511811	61.103	6.41453e-07	-4.94749e-12
9.06905511811	61.0655	6.41453e-07	-4.94749e-12
9.07909448819	61.028	6.41453e-07	-4.94749e-12
9.08909448819	60.9905	6.41453e-07	-4.94749e-12
9.09909448819	60.953	6.41453e-07	-4.94749e-12
9.10909448819	60.9155	6.41453e-07	-4.94749e-12
9.11913385827	60.878	6.41453e-07	-4.94749e-12
9.12913385827	60.8405	6.41453e-07	-4.94749e-12
9.13913385827	60.803	6.41453e-07	-4.94749e-12
9.14913385827	60.7655	6.41453e-07	-4.94749e-12
9.15917322835	60.728	6.41453e-07	-4.94749e-12
9.16917322835	60.6905	6.41453e-07	-4.94749e-12
9.17917322835	60.653	6.41453e-07	-4.94749e-12
9.18917322835	60.6155	6.41453e-07	-4.94749e-12
9.19921259843	60.578	6.41453e-07	-4.94749e-12
9.20921259843	60.5405	6.41453e-07	-4.94749e-12
9.21921259843	60.5061	5.19883e-07	-4.88946e-12
9.22921259843	60.4772	5.19883e-07	-4.88946e-12
9.2392519685	60.4482	5.19883e-07	-4.88946e-12
9.2492519685	60.4193	5.19883e-07	-4.88946e-12
9.2592519685	60.3904	5.19883e-07	-4.88946e-12
9.2692519685	60.3615	5.19883e-07	-4.88946e-12
9.27929133858	60.3326	5.19883e-07	-4.88946e-12
9.28929133858	60.3037	5.19883e-07	-4.88946e-12
9.29929133858	60.2747	5.19883e-07	-4.88946e-12
9.30929133858	60.2458	5.19883e-07	-4.88946e-12
9.31933070866	60.2169	5.19883e-07	-4.88946e-12
9.32933070866	60.188	5.19883e-07	-4.88946e-12
9.33933070866	60.1591	5.19883e-07	-4.88946e-12
9.34933070866	60.1301	5.19883e-07	-4.88946e-12
9.35937007874	60.1012	5.19883e-07	-4.88946e-12
9.36937007874	60.0723	5.19883e-07	-4.88946e-12
9.37937007874	60.0434	5.19883e-07	-4.88946e-12
9.38937007874	60.0145	5.19883e-07	-4.88946e-12
9.39940944882	59.9856	5.19883e-07	-4.88946e-12
9.40940944882	59.9566	5.19883e-07	-4.88946e-12
9.41940944882	59.9337	3.89602e-07	-4.8325e-12
9.4294488189	59.9127	3.89602e-07	-4.8325e-12
9.4394488189	59.8916	3.89602e-07	-4.8325e-12
9.4494488189	59.8705	3.89602e-07	-4.8325e-12
9.4594488189	59.8495	3.89602e-07	-4.8325e-12
9.46948818898	59.8284	3.89602e-07	-4.8325e-12
9.47948818898	59.8073	3.89602e-07	-4.8325e-12
9.48948818898	59.7863	3.89602e-07	-4.8325e-12
9.49948818898	59.7652	3.89602e-07	-4.8325e-12
9.50952755906	59.7441	3.89602e-07	-4.8325e-12
9.51952755906	59.7231	3.89602e-07	-4.8325e-12
9.52952755906	59.702	3.89602e-07	-4.8325e-12
9.53952755906	59.6809	3.89602e-07	-4.8325e-12
9.54956692913	59.6599	3.89602e-07	-4.8325e-12
9.55956692913	59.6388	3.89602e-07	-4.8325e-12
9.56956692913	59.6177	3.89602e-07	-4.8325e-12
9.57956692913	59.5967	3.89602e-07	-4.8325e-12
9.58960629921	59.5756	3.89602e-07	-4.8325e-12
9.59960629921	59.5546	3.89602e-07	-4.8325e-12
9.60960629921	59.5348	2.91058e-07	-4.80443e-12
9.61960629921	59.5211	2.91058e-07	-4.80443e-12
9.62964566929	59.5074	2.91058e-07	-4.80443e-12
9.63964566929	59.4937	2.91058e-07	-4.80443e-12
9.64964566929	59.4799	2.91058e-07	-4.80443e-12
9.65964566929	59.4662	2.91058e-07	-4.80443e-12
9.66968503937	59.4525	2.91058e-07	-4.80443e-12
9.67968503937	59.4388	2.91058e-07	-4.80443e-12
9.68968503937	59.4251	2.91058e-07	-4.80443e-12
9.69968503937	59.4114	2.91058e-07	-4.80443e-12
9.70972440945	59.3977	2.91058e-07	-4.80443e-12
9.71972440945	59.384	2.91058e-07	-4.80443e-12
9.72972440945	59.3703	2.91058e-07	-4.80443e-12
9.73972440945	59.3566	2.91058e-07	-4.80443e-12
9.74976377953	59.3428	2.91058e-07	-4.80443e-12
9.75976377953	59.3291	2.91058e-07	-4.80443e-12
9.76976377953	59.3154	2.91058e-07	-4.80443e-12
9.77976377953	59.3017	2.91058e-07	-4.80443e-12
9.78980314961	59.288	2.91058e-07	-4.80443e-12
9.79980314961	59.2743	2.91058e-07	-4.80443e-12
9.80980314961	59.2637	2.20682e-07	-4.76922e-12
9.81980314961	59.2552	2.20682e-07	-4.76922e-12
9.82984251969	59.2468	2.20682e-07	-4.76922e-12
9.83984251969	59.2384	2.20682e-07	-4.76922e-12
9.84984251969	59.2299	2.20682e-07	-4.76922e-12
9.85984251969	59.2215	2.20682e-07	-4.76922e-12
9.86988188976	59.2131	2.20682e-07	-4.76922e-12
9.87988188976	59.2046	2.20682e-07	-4.76922e-12
9.88988188976	59.1962	2.20682e-07	-4.76922e-12
9.89988188976	59.1878	2.20682e-07	-4.76922e-12
9.90992125984	59.1793	2.20682e-07	-4.76922e-12
9.91992125984	59.1709	2.20682e-07	-4.76922e-12
9.92992125984	59.1625	2.20682e-07	-4.76922e-12
9.93992125984	59.154	2.20682e-07	-4.76922e-12
9.94996062992	59.1456	2.20682e-07	-4.76922e-12
9.95996062992	59.1372	2.20682e-07	-4.76922e-12
9.96996062992	59.1287	2.20682e-07	-4.76922e-12
9.97996062992	59.1203	2.20682e-07	-4.76922e-12
9.99	59.1119	2.20682e-07	-4.76922e-12
10.0	59.1034	2.15714e-07	-1.11551e-16
