0.0	6679.81
0.01001	6679.87
0.0200200393701	6679.93
0.0300300393701	6679.95
0.0400401574803	6679.93
0.05005	6679.92
0.0600602362205	6679.91
0.0700700787402	6679.9
0.0800799212598	6679.86
0.0900901574803	6679.77
0.1001	6679.67
0.11011023622	6679.58
0.12012007874	6679.49
0.130130314961	6679.37
0.14014015748	6679.21
0.15015	6679.05
0.16016023622	6678.9
0.17017007874	6678.74
0.180180314961	6678.57
0.19019015748	6678.35
0.200200393701	6678.13
0.21021023622	6677.91
0.22022007874	6677.69
0.230230314961	6677.46
0.24024015748	6677.23
0.250250393701	6677.01
0.26026023622	6676.78
0.27027007874	6676.55
0.280280314961	6676.32
0.29029015748	6676.08
0.300300393701	6675.84
0.31031023622	6675.6
0.320320472441	6675.36
0.330330314961	6675.12
0.34034015748	6674.88
0.350350393701	6674.64
0.36036023622	6674.4
0.370370472441	6674.16
0.380380314961	6673.91
0.390390551181	6673.67
0.400401574803	6673.43
0.410409448819	6673.18
0.420421259843	6672.93
0.430429133858	6672.68
0.440440944882	6672.42
0.450448818898	6672.16
0.460460629921	6671.9
0.470468503937	6671.64
0.480480314961	6671.38
0.490492125984	6671.11
0.5005	6670.83
0.510511811024	6670.56
0.520519685039	6670.28
0.530531496063	6670
0.540539370079	6669.7
0.550551181102	6669.41
0.560559055118	6669.11
0.570570866142	6668.82
0.580578740157	6668.52
0.590590551181	6668.21
0.600602362205	6667.89
0.61061023622	6667.57
0.620622047244	6667.25
0.63062992126	6666.93
0.640641732283	6666.58
0.650649606299	6666.23
0.660661417323	6665.89
0.670669291339	6665.54
0.680681102362	6665.2
0.690688976378	6664.84
0.700700787402	6664.47
0.710712598425	6664.09
0.720720472441	6663.72
0.730732283465	6663.34
0.74074015748	6662.93
0.750751968504	6662.53
0.76075984252	6662.13
0.770771653543	6661.72
0.780779527559	6661.32
0.790791338583	6660.9
0.800799212598	6660.47
0.810811023622	6660.04
0.820818897638	6659.6
0.830830708661	6659.16
0.840842519685	6658.7
0.850850393701	6658.23
0.860862204724	6657.77
0.87087007874	6657.3
0.880881889764	6656.83
0.89088976378	6656.36
0.900901574803	6655.86
0.910909448819	6655.37
0.920921259843	6654.86
0.930929133858	6654.36
0.940940944882	6653.83
0.950952755906	6653.29
0.960960629921	6652.76
0.970972440945	6652.23
0.980980314961	6651.69
0.990992125984	6651.15
1.001	6650.59
1.01101181102	6650.02
1.02101968504	6649.45
1.03103149606	6648.88
1.04103937008	6648.27
1.0510511811	6647.67
1.06106299213	6647.06
1.07107086614	6646.46
1.08108267717	6645.85
1.09109055118	6645.24
1.1011023622	6644.61
1.11111023622	6643.97
1.12112204724	6643.32
1.13112992126	6642.67
1.14114173228	6641.99
1.1511496063	6641.31
1.16116141732	6640.62
1.17116929134	6639.94
1.18118110236	6639.26
1.19119291339	6638.57
1.2012007874	6637.86
1.21121259843	6637.14
1.22122047244	6636.42
1.23123228346	6635.69
1.24124015748	6634.92
1.2512519685	6634.16
1.26125984252	6633.39
1.27127165354	6632.63
1.28127952756	6631.86
1.29129133858	6631.09
1.30130314961	6630.31
1.31131102362	6629.5
1.32132283465	6628.69
1.33133070866	6627.88
1.34134251969	6627.02
1.3513503937	6626.17
1.36136220472	6625.31
1.37137007874	6624.46
1.38138188976	6623.6
1.39138976378	6622.75
1.4014015748	6621.88
1.41140944882	6620.98
1.42142125984	6620.08
1.43143307087	6619.17
1.44144094488	6618.22
1.45145275591	6617.27
1.46146062992	6616.33
1.47147244094	6615.38
1.48148031496	6614.43
1.49149212598	6613.48
1.5015	6612.52
1.51151181102	6611.52
1.52151968504	6610.52
1.53153149606	6609.52
1.54154330709	6608.46
1.5515511811	6607.41
1.56156299213	6606.36
1.57157086614	6605.31
1.58158267717	6604.25
1.59159055118	6603.2
1.6016023622	6602.15
1.61161023622	6601.05
1.62162204724	6599.95
1.63162992126	6598.83
1.64164173228	6597.67
1.65165354331	6596.5
1.66166141732	6595.34
1.67167322835	6594.18
1.68168110236	6593.01
1.69169291339	6591.85
1.7017007874	6590.69
1.71171259843	6589.49
1.72172047244	6588.27
1.73173228346	6587.03
1.74174015748	6585.75
1.7517519685	6584.47
1.76175984252	6583.19
1.77177165354	6581.9
1.78178346457	6580.62
1.79179133858	6579.34
1.80180314961	6578.06
1.81181102362	6576.75
1.82182283465	6575.4
1.83183070866	6574.04
1.84184251969	6572.63
1.8518503937	6571.22
1.86186220472	6569.81
1.87187007874	6568.4
1.88188188976	6566.98
1.89189370079	6565.57
1.9019015748	6564.16
1.91191338583	6562.73
1.92192125984	6561.26
1.93193307087	6559.76
1.94194094488	6558.2
1.95195275591	6556.65
1.96196062992	6555.1
1.97197244094	6553.55
1.98198031496	6552
1.99199212598	6550.45
2.00200393701	6548.9
2.01201181102	6547.35
2.02202362205	6545.73
2.03203149606	6544.07
2.04204330709	6542.37
2.0520511811	6540.67
2.06206299213	6538.97
2.07207086614	6537.27
2.08208267717	6535.56
2.09209055118	6533.86
2.1021023622	6532.16
2.11211023622	6530.46
2.12212204724	6528.7
2.13213385827	6526.88
2.14214173228	6525.02
2.15215354331	6523.15
2.16216141732	6521.29
2.17217322835	6519.42
2.18218110236	6517.56
2.19219291339	6515.69
2.2022007874	6513.83
2.21221259843	6511.96
2.22222047244	6510.06
2.23223228346	6508.06
2.24224409449	6506.01
2.2522519685	6503.97
2.26226377953	6501.93
2.27227165354	6499.89
2.28228346457	6497.85
2.29229133858	6495.8
2.30230314961	6493.76
2.31231102362	6491.72
2.32232283465	6489.66
2.33233070866	6487.46
2.34234251969	6485.23
2.3523503937	6483
2.36236220472	6480.76
2.37237401575	6478.53
2.38238188976	6476.3
2.39239370079	6474.06
2.4024015748	6471.83
2.41241338583	6469.6
2.42242125984	6467.36
2.43243307087	6464.96
2.44244094488	6462.52
2.45245275591	6460.08
2.46246062992	6457.64
2.47247244094	6455.2
2.48248425197	6452.76
2.49249212598	6450.33
2.50250393701	6447.89
2.51251181102	6445.45
2.52252362205	6443.02
2.53253149606	6440.42
2.54254330709	6437.76
2.5525511811	6435.1
2.56256299213	6432.44
2.57257086614	6429.78
2.58258267717	6427.12
2.59259448819	6424.47
2.6026023622	6421.81
2.61261417323	6419.15
2.62262204724	6416.49
2.63263385827	6413.68
2.64264173228	6410.78
2.65265354331	6407.88
2.66266141732	6404.99
2.67267322835	6402.09
2.68268110236	6399.19
2.69269291339	6396.3
2.7027007874	6393.4
2.71271259843	6390.5
2.72272440945	6387.6
2.73273228346	6384.57
2.74274409449	6381.41
2.7527519685	6378.26
2.76276377953	6375.11
2.77277165354	6371.95
2.78278346457	6368.8
2.79279133858	6365.65
2.80280314961	6362.5
2.81281102362	6359.34
2.82282283465	6356.19
2.83283464567	6352.91
2.84284251969	6349.48
2.85285433071	6346.06
2.86286220472	6342.63
2.87287401575	6339.2
2.88288188976	6335.77
2.89289370079	6332.35
2.9029015748	6328.92
2.91291338583	6325.49
2.92292125984	6322.07
2.93293307087	6318.5
2.94294488189	6314.81
2.95295275591	6311.09
2.96296456693	6307.37
2.97297244094	6303.65
2.98298425197	6299.93
2.99299212598	6296.2
3.00300393701	6292.48
3.01301181102	6288.76
3.02302362205	6285.04
3.03303149606	6281.17
3.04304330709	6277.2
3.0530511811	6273.16
3.06306299213	6269.13
3.07307480315	6265.1
3.08308267717	6261.06
3.09309448819	6257.03
3.1031023622	6253
3.11311417323	6248.96
3.12312204724	6244.92
3.13313385827	6240.74
3.14314173228	6236.48
3.15315354331	6232.12
3.16316141732	6227.76
3.17317322835	6223.4
3.18318503937	6219.04
3.19319291339	6214.68
3.20320472441	6210.32
3.21321259843	6205.96
3.22322440945	6201.59
3.23323228346	6197.08
3.24324409449	6192.53
3.2532519685	6187.83
3.26326377953	6183.14
3.27327165354	6178.44
3.28328346457	6173.75
3.29329133858	6169.06
3.30330314961	6164.36
3.31331496063	6159.67
3.32332283465	6154.95
3.33333464567	6150.1
3.34334251969	6145.22
3.35335433071	6140.21
3.36336220472	6135.18
3.37337401575	6130.14
3.38338188976	6125.11
3.39339370079	6120.08
3.4034015748	6115.04
3.41341338583	6110.01
3.42342519685	6104.93
3.43343307087	6099.74
3.44344488189	6094.52
3.45345275591	6089.2
3.46346456693	6083.82
3.47347244094	6078.44
3.48348425197	6073.06
3.49349212598	6067.68
3.50350393701	6062.3
3.51351181102	6056.91
3.52352362205	6051.48
3.53353543307	6045.94
3.54354330709	6040.37
3.55355511811	6034.74
3.56356299213	6029
3.57357480315	6023.27
3.58358267717	6017.54
3.59359448819	6011.8
3.6036023622	6006.07
3.61361417323	6000.34
3.62362204724	5994.54
3.63363385827	5988.64
3.64364173228	5982.73
3.65365354331	5976.79
3.66366535433	5970.71
3.67367322835	5964.63
3.68368503937	5958.55
3.69369291339	5952.47
3.70370472441	5946.39
3.71371259843	5940.32
3.72372440945	5934.16
3.73373228346	5927.92
3.74374409449	5921.67
3.7537519685	5915.42
3.76376377953	5909.03
3.77377559055	5902.63
3.78378346457	5896.22
3.79379527559	5889.82
3.80380314961	5883.41
3.81381496063	5877.01
3.82382283465	5870.52
3.83383464567	5863.96
3.84384251969	5857.39
3.85385433071	5850.82
3.86386220472	5844.17
3.87387401575	5837.47
3.88388582677	5830.76
3.89389370079	5824.06
3.90390551181	5817.35
3.91391338583	5810.65
3.92392519685	5803.86
3.93393307087	5797.02
3.94393700787	5790.17
3.95393700787	5783.32
3.96397637795	5776.43
3.97397637795	5769.47
3.98397637795	5762.52
3.99397637795	5755.56
4.00401574803	5748.6
4.01401574803	5741.64
4.02401574803	5734.61
4.03401574803	5727.54
4.04405511811	5720.47
4.05405511811	5713.39
4.06405511811	5706.3
4.07405511811	5699.15
4.08409448819	5692
4.09409448819	5684.84
4.10409448819	5677.69
4.11409448819	5670.54
4.12413385827	5663.34
4.13413385827	5656.1
4.14413385827	5648.88
4.15417322835	5641.65
4.16417322835	5634.42
4.17417322835	5627.16
4.18417322835	5619.89
4.19421259843	5612.63
4.20421259843	5605.36
4.21421259843	5598.1
4.22421259843	5590.8
4.2342519685	5583.49
4.2442519685	5576.19
4.2542519685	5568.89
4.2642519685	5561.59
4.27429133858	5554.3
4.28429133858	5547.01
4.29429133858	5539.73
4.30429133858	5532.44
4.31433070866	5525.16
4.32433070866	5517.87
4.33433070866	5510.59
4.34433070866	5503.31
4.35437007874	5496.04
4.36437007874	5488.77
4.37437007874	5481.53
4.38437007874	5474.32
4.39440944882	5467.11
4.40440944882	5459.9
4.41440944882	5452.69
4.42440944882	5445.53
4.4344488189	5438.38
4.4444488189	5431.23
4.4544488189	5424.09
4.4644488189	5416.96
4.47448818898	5409.87
4.48448818898	5402.85
4.49448818898	5395.84
4.50448818898	5388.83
4.51452755906	5381.81
4.52452755906	5374.88
4.53452755906	5367.98
4.54452755906	5361.08
4.55456692913	5354.21
4.56456692913	5347.33
4.57456692913	5340.48
4.58456692913	5333.8
4.59460629921	5327.11
4.60460629921	5320.42
4.61460629921	5313.73
4.62460629921	5307.17
4.63464566929	5300.66
4.64464566929	5294.15
4.65464566929	5287.67
4.66464566929	5281.19
4.67468503937	5274.71
4.68468503937	5268.48
4.69468503937	5262.26
4.70468503937	5256.03
4.71472440945	5249.8
4.72472440945	5243.74
4.73472440945	5237.76
4.74476377953	5231.78
4.75476377953	5225.83
4.76476377953	5219.89
4.77476377953	5213.95
4.78480314961	5208.28
4.79480314961	5202.65
4.80480314961	5197.03
4.81480314961	5191.4
4.82484251969	5185.97
4.83484251969	5180.66
4.84484251969	5175.35
4.85484251969	5170.07
4.86488188976	5164.81
4.87488188976	5159.54
4.88488188976	5154.55
4.89488188976	5149.66
4.90492125984	5144.77
4.91492125984	5139.88
4.92492125984	5135.19
4.93492125984	5130.68
4.94496062992	5126.17
4.95496062992	5121.68
4.96496062992	5117.21
4.97496062992	5112.74
4.985	5108.53
4.995	5104.49
5.005	5100.44
5.015	5096.4
5.02503937008	5092.55
5.03503937008	5088.92
5.04503937008	5085.3
5.05503937008	5081.7
5.06507874016	5078.12
5.07507874016	5074.54
5.08507874016	5071.2
5.09507874016	5068.07
5.10511811024	5064.94
5.11511811024	5061.81
5.12511811024	5058.85
5.13511811024	5056.17
5.14515748031	5053.49
5.15515748031	5050.82
5.16515748031	5048.19
5.17515748031	5045.55
5.18519685039	5043.11
5.19519685039	5040.93
5.20519685039	5038.74
5.21519685039	5036.56
5.22523622047	5034.49
5.23523622047	5032.76
5.24523622047	5031.03
5.25523622047	5029.32
5.26527559055	5027.62
5.27527559055	5025.93
5.28527559055	5024.4
5.29531496063	5023.14
5.30531496063	5021.89
5.31531496063	5020.63
5.32531496063	5019.45
5.33535433071	5018.63
5.34535433071	5017.82
5.35535433071	5017.01
5.36535433071	5016.22
5.37539370079	5015.44
5.38539370079	5014.77
5.39539370079	5014.4
5.40539370079	5014.02
5.41543307087	5013.65
5.42543307087	5013.29
5.43543307087	5013.32
5.44543307087	5013.36
5.45547244094	5013.4
5.46547244094	5013.46
5.47547244094	5013.52
5.48547244094	5013.66
5.49551181102	5014.09
5.50551181102	5014.52
5.51551181102	5014.96
5.52551181102	5015.39
5.5355511811	5016.17
5.5455511811	5016.98
5.5555511811	5017.78
5.5655511811	5018.61
5.57559055118	5019.44
5.58559055118	5020.32
5.59559055118	5021.48
5.60559055118	5022.64
5.61562992126	5023.8
5.62562992126	5024.97
5.63562992126	5026.4
5.64562992126	5027.89
5.65566929134	5029.39
5.66566929134	5030.9
5.67566929134	5032.42
5.68566929134	5033.96
5.69570866142	5035.77
5.70570866142	5037.58
5.71570866142	5039.39
5.72570866142	5041.2
5.7357480315	5043.21
5.7457480315	5045.32
5.7557480315	5047.43
5.7657480315	5049.54
5.77578740157	5051.66
5.78578740157	5053.8
5.79578740157	5056.18
5.80578740157	5058.56
5.81582677165	5060.94
5.82582677165	5063.32
5.83582677165	5065.83
5.84582677165	5068.47
5.85586614173	5071.11
5.86586614173	5073.76
5.87586614173	5076.41
5.88590551181	5079.06
5.89590551181	5081.94
5.90590551181	5084.82
5.91590551181	5087.69
5.92594488189	5090.57
5.93594488189	5093.53
5.94594488189	5096.64
5.95594488189	5099.74
5.96598425197	5102.84
5.97598425197	5105.95
5.98598425197	5109.06
5.99598425197	5112.36
6.00602362205	5115.66
6.01602362205	5118.97
6.02602362205	5122.27
6.03602362205	5125.62
6.04606299213	5129.12
6.05606299213	5132.62
6.06606299213	5136.12
6.07606299213	5139.62
6.0861023622	5143.12
6.0961023622	5146.78
6.1061023622	5150.44
6.1161023622	5154.1
6.12614173228	5157.77
6.13614173228	5161.45
6.14614173228	5165.28
6.15614173228	5169.1
6.16618110236	5172.93
6.17618110236	5176.76
6.18618110236	5180.59
6.19618110236	5184.53
6.20622047244	5188.49
6.21622047244	5192.45
6.22622047244	5196.4
6.23622047244	5200.36
6.24625984252	5204.44
6.25625984252	5208.53
6.26625984252	5212.62
6.27625984252	5216.71
6.2862992126	5220.8
6.2962992126	5224.97
6.3062992126	5229.15
6.3162992126	5233.34
6.32633858268	5237.52
6.33633858268	5241.71
6.34633858268	5245.97
6.35633858268	5250.26
6.36637795276	5254.54
6.37637795276	5258.82
6.38637795276	5263.1
6.39637795276	5267.44
6.40641732283	5271.78
6.41641732283	5276.13
6.42641732283	5280.47
6.43641732283	5284.82
6.44645669291	5289.21
6.45645669291	5293.62
6.46645669291	5298.03
6.47649606299	5302.44
6.48649606299	5306.85
6.49649606299	5311.29
6.50649606299	5315.73
6.51653543307	5320.18
6.52653543307	5324.62
6.53653543307	5329.07
6.54653543307	5333.53
6.55657480315	5338.01
6.56657480315	5342.49
6.57657480315	5346.97
6.58657480315	5351.45
6.59661417323	5355.93
6.60661417323	5360.42
6.61661417323	5364.9
6.62661417323	5369.39
6.63665354331	5373.87
6.64665354331	5378.36
6.65665354331	5382.86
6.66665354331	5387.36
6.67669291339	5391.84
6.68669291339	5396.33
6.69669291339	5400.81
6.70669291339	5405.29
6.71673228346	5409.76
6.72673228346	5414.24
6.73673228346	5418.72
6.74673228346	5423.19
6.75677165354	5427.65
6.76677165354	5432.12
6.77677165354	5436.57
6.78677165354	5441.03
6.79681102362	5445.46
6.80681102362	5449.88
6.81681102362	5454.31
6.82681102362	5458.73
6.8368503937	5463.15
6.8468503937	5467.57
6.8568503937	5471.96
6.8668503937	5476.36
6.87688976378	5480.74
6.88688976378	5485.12
6.89688976378	5489.47
6.90688976378	5493.81
6.91692913386	5498.14
6.92692913386	5502.47
6.93692913386	5506.81
6.94692913386	5511.14
6.95696850394	5515.44
6.96696850394	5519.72
6.97696850394	5524
6.98696850394	5528.28
6.99700787402	5532.52
7.00700787402	5536.74
7.01700787402	5540.95
7.02700787402	5545.17
7.03704724409	5549.39
7.04704724409	5553.61
7.05704724409	5557.79
7.06708661417	5561.95
7.07708661417	5566.1
7.08708661417	5570.25
7.09708661417	5574.35
7.10712598425	5578.43
7.11712598425	5582.51
7.12712598425	5586.59
7.13712598425	5590.67
7.14716535433	5594.75
7.15716535433	5598.8
7.16716535433	5602.81
7.17716535433	5606.82
7.18720472441	5610.82
7.19720472441	5614.77
7.20720472441	5618.7
7.21720472441	5622.63
7.22724409449	5626.55
7.23724409449	5630.48
7.24724409449	5634.41
7.25724409449	5638.31
7.26728346457	5642.16
7.27728346457	5646.01
7.28728346457	5649.85
7.29728346457	5653.65
7.30732283465	5657.41
7.31732283465	5661.17
7.32732283465	5664.94
7.33732283465	5668.7
7.34736220472	5672.46
7.35736220472	5676.21
7.36736220472	5679.9
7.37736220472	5683.58
7.3874015748	5687.26
7.3974015748	5690.88
7.4074015748	5694.47
7.4174015748	5698.07
7.42744094488	5701.66
7.43744094488	5705.25
7.44744094488	5708.85
7.45744094488	5712.44
7.46748031496	5715.95
7.47748031496	5719.46
7.48748031496	5722.96
7.49748031496	5726.41
7.50751968504	5729.83
7.51751968504	5733.25
7.52751968504	5736.67
7.53751968504	5740.09
7.54755905512	5743.51
7.55755905512	5746.92
7.56755905512	5750.27
7.57755905512	5753.6
7.5875984252	5756.93
7.5975984252	5760.21
7.6075984252	5763.46
7.6175984252	5766.7
7.62763779528	5769.94
7.63763779528	5773.19
7.64763779528	5776.43
7.65767716535	5779.67
7.66767716535	5782.85
7.67767716535	5786.01
7.68767716535	5789.17
7.69771653543	5792.27
7.70771653543	5795.34
7.71771653543	5798.41
7.72771653543	5801.48
7.73775590551	5804.55
7.74775590551	5807.61
7.75775590551	5810.68
7.76775590551	5813.7
7.77779527559	5816.69
7.78779527559	5819.67
7.79779527559	5822.61
7.80779527559	5825.5
7.81783464567	5828.4
7.82783464567	5831.29
7.83783464567	5834.19
7.84783464567	5837.08
7.85787401575	5839.98
7.86787401575	5842.84
7.87787401575	5845.65
7.88787401575	5848.46
7.89791338583	5851.23
7.90791338583	5853.96
7.91791338583	5856.68
7.92791338583	5859.41
7.93795275591	5862.13
7.94795275591	5864.86
7.95795275591	5867.58
7.96795275591	5870.29
7.97799212598	5872.93
7.98799212598	5875.57
7.99799212598	5878.18
8.00799212598	5880.74
8.01803149606	5883.3
8.02803149606	5885.86
8.03803149606	5888.42
8.04803149606	5890.98
8.05807086614	5893.54
8.06807086614	5896.09
8.07807086614	5898.57
8.08807086614	5901.05
8.09811023622	5903.49
8.10811023622	5905.89
8.11811023622	5908.29
8.12811023622	5910.68
8.1381496063	5913.08
8.1481496063	5915.48
8.1581496063	5917.88
8.1681496063	5920.27
8.17818897638	5922.6
8.18818897638	5924.92
8.19818897638	5927.21
8.20818897638	5929.45
8.21822834646	5931.69
8.22822834646	5933.93
8.23822834646	5936.17
8.24826771654	5938.41
8.25826771654	5940.65
8.26826771654	5942.89
8.27826771654	5945.07
8.28830708661	5947.24
8.29830708661	5949.37
8.30830708661	5951.46
8.31830708661	5953.55
8.32834645669	5955.64
8.33834645669	5957.73
8.34834645669	5959.82
8.35834645669	5961.9
8.36838582677	5963.99
8.37838582677	5966.03
8.38838582677	5968.05
8.39838582677	5970.04
8.40842519685	5971.98
8.41842519685	5973.92
8.42842519685	5975.86
8.43842519685	5977.8
8.44846456693	5979.75
8.45846456693	5981.69
8.46846456693	5983.63
8.47846456693	5985.53
8.48850393701	5987.4
8.49850393701	5989.25
8.50850393701	5991.05
8.51850393701	5992.85
8.52854330709	5994.65
8.53854330709	5996.45
8.54854330709	5998.24
8.55854330709	6000.04
8.56858267717	6001.84
8.57858267717	6003.61
8.58858267717	6005.34
8.59858267717	6007.06
8.60862204724	6008.72
8.61862204724	6010.38
8.62862204724	6012.04
8.63862204724	6013.7
8.64866141732	6015.36
8.65866141732	6017.02
8.66866141732	6018.68
8.67866141732	6020.33
8.6887007874	6021.92
8.6987007874	6023.5
8.7087007874	6025.03
8.7187007874	6026.56
8.72874015748	6028.09
8.73874015748	6029.61
8.74874015748	6031.14
8.75874015748	6032.67
8.76877952756	6034.2
8.77877952756	6035.72
8.78877952756	6037.18
8.79877952756	6038.63
8.80881889764	6040.03
8.81881889764	6041.43
8.82881889764	6042.83
8.83885826772	6044.23
8.84885826772	6045.63
8.85885826772	6047.03
8.86885826772	6048.43
8.8788976378	6049.82
8.8888976378	6051.16
8.8988976378	6052.49
8.9088976378	6053.77
8.91893700787	6055.04
8.92893700787	6056.32
8.93893700787	6057.59
8.94893700787	6058.86
8.95897637795	6060.14
8.96897637795	6061.41
8.97897637795	6062.69
8.98897637795	6063.91
8.99901574803	6065.12
9.00901574803	6066.27
9.01901574803	6067.43
9.02901574803	6068.58
9.03905511811	6069.73
9.04905511811	6070.89
9.05905511811	6072.04
9.06905511811	6073.19
9.07909448819	6074.35
9.08909448819	6075.46
9.09909448819	6076.55
9.10909448819	6077.59
9.11913385827	6078.63
9.12913385827	6079.67
9.13913385827	6080.7
9.14913385827	6081.74
9.15917322835	6082.78
9.16917322835	6083.81
9.17917322835	6084.85
9.18917322835	6085.85
9.19921259843	6086.83
9.20921259843	6087.76
9.21921259843	6088.69
9.22921259843	6089.61
9.2392519685	6090.53
9.2492519685	6091.46
9.2592519685	6092.38
9.2692519685	6093.31
9.27929133858	6094.23
9.28929133858	6095.13
9.29929133858	6096
9.30929133858	6096.82
9.31933070866	6097.64
9.32933070866	6098.45
9.33933070866	6099.27
9.34933070866	6100.08
9.35937007874	6100.9
9.36937007874	6101.72
9.37937007874	6102.53
9.38937007874	6103.33
9.39940944882	6104.09
9.40940944882	6104.81
9.41940944882	6105.53
9.4294488189	6106.24
9.4394488189	6106.95
9.4494488189	6107.66
9.4594488189	6108.37
9.46948818898	6109.08
9.47948818898	6109.79
9.48948818898	6110.49
9.49948818898	6111.15
9.50952755906	6111.78
9.51952755906	6112.39
9.52952755906	6113.01
9.53952755906	6113.62
9.54956692913	6114.23
9.55956692913	6114.84
9.56956692913	6115.46
9.57956692913	6116.07
9.58960629921	6116.67
9.59960629921	6117.24
9.60960629921	6117.78
9.61960629921	6118.3
9.62964566929	6118.82
9.63964566929	6119.34
9.64964566929	6119.86
9.65964566929	6120.38
9.66968503937	6120.9
9.67968503937	6121.42
9.68968503937	6121.94
9.69968503937	6122.41
9.70972440945	6122.87
9.71972440945	6123.3
9.72972440945	6123.74
9.73972440945	6124.18
9.74976377953	6124.61
9.75976377953	6125.05
9.76976377953	6125.48
9.77976377953	6125.92
9.78980314961	6126.36
9.79980314961	6126.76
9.80980314961	6127.14
9.81980314961	6127.5
9.82984251969	6127.86
9.83984251969	6128.22
9.84984251969	6128.58
9.85984251969	6128.94
9.86988188976	6129.3
9.87988188976	6129.66
9.88988188976	6130.02
9.89988188976	6130.35
9.90992125984	6130.74
9.91992125984	6131.24
9.92992125984	6131.74
9.93992125984	6132.24
9.94996062992	6132.74
9.95996062992	6133.24
9.96996062992	6133.74
9.97996062992	6134.24
9.99	6134.74
10.0	6135.36
