0 	29.9064 	-2.56325e-07 	-1.13024e-18
0.000254254 	29.9114 	-2.54886e-07 	2.77737e-16
0.000508509 	29.9164 	-2.54886e-07 	2.77737e-16
0.000762763 	29.9214 	-2.54886e-07 	2.77737e-16
0.00101702 	29.9264 	-2.54886e-07 	2.77736e-16
0.00127127 	29.9314 	-2.54886e-07 	2.77736e-16
0.00152553 	29.9364 	-2.54886e-07 	2.77736e-16
0.00177978 	29.9414 	-2.54886e-07 	2.77735e-16
0.00203403 	29.9464 	-2.54886e-07 	2.77735e-16
0.00228829 	29.9514 	-2.54886e-07 	2.77735e-16
0.00254254 	29.9564 	-2.54886e-07 	2.77734e-16
0.0027968 	29.9686 	-2.60133e-07 	2.76793e-16
0.00305105 	29.9815 	-2.60133e-07 	2.76792e-16
0.00330531 	29.9943 	-2.60133e-07 	2.76791e-16
0.00355956 	30.0072 	-2.60133e-07 	2.7679e-16
0.00381381 	30.0201 	-2.60133e-07 	2.76789e-16
0.00406807 	30.033 	-2.60133e-07 	2.76788e-16
0.00432232 	30.0458 	-2.60133e-07 	2.76788e-16
0.00457658 	30.0587 	-2.60133e-07 	2.76787e-16
0.00483083 	30.0716 	-2.60133e-07 	2.76786e-16
0.00508509 	30.0845 	-2.60133e-07 	2.76785e-16
0.00533934 	30.1002 	-2.82509e-07 	3.27262e-16
0.00559359 	30.1165 	-2.82509e-07 	3.27261e-16
0.00584785 	30.1328 	-2.82509e-07 	3.2726e-16
0.0061021 	30.1491 	-2.82509e-07 	3.27259e-16
0.00635636 	30.1655 	-2.82509e-07 	3.27258e-16
0.00661061 	30.1818 	-2.82509e-07 	3.27257e-16
0.00686486 	30.1981 	-2.82509e-07 	3.27256e-16
0.00711912 	30.2145 	-2.82509e-07 	3.27255e-16
0.00737337 	30.2308 	-2.82509e-07 	3.27254e-16
0.00762763 	30.2471 	-2.82509e-07 	3.27253e-16
0.00788188 	30.2643 	-3.20878e-07 	3.22737e-16
0.00813614 	30.2818 	-3.20878e-07 	3.22736e-16
0.00839039 	30.2993 	-3.20878e-07 	3.22735e-16
0.00864464 	30.3168 	-3.20878e-07 	3.22734e-16
0.0088989 	30.3343 	-3.20878e-07 	3.22733e-16
0.00915315 	30.3518 	-3.20878e-07 	3.22732e-16
0.00940741 	30.3693 	-3.20878e-07 	3.22731e-16
0.00966166 	30.3868 	-3.20878e-07 	3.22729e-16
0.00991592 	30.4043 	-3.20878e-07 	3.22728e-16
0.0101702 	30.4218 	-3.20878e-07 	3.22727e-16
0.0104244 	30.4404 	-3.71355e-07 	3.62528e-16
0.0106787 	30.4597 	-3.71355e-07 	3.62527e-16
0.0109329 	30.4789 	-3.71355e-07 	3.62526e-16
0.0111872 	30.4981 	-3.71355e-07 	3.62525e-16
0.0114414 	30.5173 	-3.71355e-07 	3.62523e-16
0.0116957 	30.5365 	-3.71355e-07 	3.62522e-16
0.0119499 	30.5558 	-3.71355e-07 	3.62521e-16
0.0122042 	30.575 	-3.71355e-07 	3.6252e-16
0.0124585 	30.5942 	-3.71355e-07 	3.62518e-16
0.0127127 	30.6134 	-3.71355e-07 	3.62517e-16
0.012967 	30.6341 	-4.30636e-07 	4.02614e-16
0.0132212 	30.656 	-4.30636e-07 	4.02612e-16
0.0134755 	30.6779 	-4.30636e-07 	4.02611e-16
0.0137297 	30.6997 	-4.30636e-07 	4.0261e-16
0.013984 	30.7216 	-4.30636e-07 	4.02608e-16
0.0142382 	30.7435 	-4.30636e-07 	4.02607e-16
0.0144925 	30.7654 	-4.30636e-07 	4.02605e-16
0.0147467 	30.7873 	-4.30636e-07 	4.02604e-16
0.015001 	30.8092 	-4.30636e-07 	4.02603e-16
0.0152553 	30.831 	-4.30636e-07 	4.02601e-16
0.0155095 	30.8544 	-4.96335e-07 	4.01845e-16
0.0157638 	30.8796 	-4.96335e-07 	4.01843e-16
0.016018 	30.9048 	-4.96335e-07 	4.01841e-16
0.0162723 	30.93 	-4.96335e-07 	4.0184e-16
0.0165265 	30.9551 	-4.96335e-07 	4.01838e-16
0.0167808 	30.9803 	-4.96335e-07 	4.01837e-16
0.017035 	31.0055 	-4.96335e-07 	4.01835e-16
0.0172893 	31.0307 	-4.96335e-07 	4.01833e-16
0.0175435 	31.0558 	-4.96335e-07 	4.01832e-16
0.0177978 	31.081 	-4.96335e-07 	4.0183e-16
0.0180521 	31.1075 	-5.66826e-07 	4.03231e-16
0.0183063 	31.1363 	-5.66826e-07 	4.03229e-16
0.0185606 	31.1652 	-5.66826e-07 	4.03227e-16
0.0188148 	31.194 	-5.66826e-07 	4.03225e-16
0.0190691 	31.2228 	-5.66826e-07 	4.03223e-16
0.0193233 	31.2516 	-5.66826e-07 	4.03221e-16
0.0195776 	31.2804 	-5.66826e-07 	4.03219e-16
0.0198318 	31.3093 	-5.66826e-07 	4.03218e-16
0.0200861 	31.3381 	-5.66826e-07 	4.03216e-16
0.0203403 	31.3669 	-5.66826e-07 	4.03214e-16
0.0205946 	31.3968 	-6.41079e-07 	4.05285e-16
0.0208488 	31.4295 	-6.41079e-07 	4.05283e-16
0.0211031 	31.4621 	-6.41079e-07 	4.05281e-16
0.0213574 	31.4948 	-6.41079e-07 	4.05279e-16
0.0216116 	31.5275 	-6.41079e-07 	4.05277e-16
0.0218659 	31.5602 	-6.41079e-07 	4.05275e-16
0.0221201 	31.5929 	-6.41079e-07 	4.05273e-16
0.0223744 	31.6255 	-6.41079e-07 	4.0527e-16
0.0226286 	31.6582 	-6.41079e-07 	4.05268e-16
0.0228829 	31.6909 	-6.41079e-07 	4.05266e-16
0.0231371 	31.7243 	-7.18412e-07 	4.07677e-16
0.0233914 	31.761 	-7.18412e-07 	4.07675e-16
0.0236456 	31.7978 	-7.18412e-07 	4.07672e-16
0.0238999 	31.8345 	-7.18412e-07 	4.0767e-16
0.0241542 	31.8712 	-7.18412e-07 	4.07668e-16
0.0244084 	31.9079 	-7.18412e-07 	4.07665e-16
0.0246627 	31.9446 	-7.18412e-07 	4.07663e-16
0.0249169 	31.9813 	-7.18412e-07 	4.07661e-16
0.0251712 	32.0181 	-7.18412e-07 	4.07658e-16
0.0254254 	32.0548 	-7.18412e-07 	4.07656e-16
0.0256797 	32.0919 	-7.97727e-07 	4.10474e-16
0.0259339 	32.1328 	-7.97727e-07 	4.10471e-16
0.0261882 	32.1737 	-7.97727e-07 	4.10468e-16
0.0264424 	32.2146 	-7.97727e-07 	4.10466e-16
0.0266967 	32.2556 	-7.97727e-07 	4.10463e-16
0.026951 	32.2965 	-7.97727e-07 	4.10461e-16
0.0272052 	32.3374 	-7.97727e-07 	4.10458e-16
0.0274595 	32.3783 	-7.97727e-07 	4.10455e-16
0.0277137 	32.4192 	-7.97727e-07 	4.10453e-16
0.027968 	32.4602 	-7.97727e-07 	4.1045e-16
0.0282222 	32.5011 	-9.29137e-07 	-2.55613e-18
0.0284765 	32.5464 	-8.76719e-07 	4.13586e-16
0.0287307 	32.5917 	-8.76719e-07 	4.13583e-16
0.028985 	32.637 	-8.76719e-07 	4.1358e-16
0.0292392 	32.6823 	-8.76719e-07 	4.13578e-16
0.0294935 	32.7276 	-8.76719e-07 	4.13575e-16
0.0297477 	32.7728 	-8.76719e-07 	4.13572e-16
0.030002 	32.8181 	-8.76719e-07 	4.13569e-16
0.0302563 	32.8634 	-8.76719e-07 	4.13566e-16
0.0305105 	32.9087 	-8.76719e-07 	4.13563e-16
0.0307648 	32.954 	-8.76719e-07 	4.1356e-16
0.031019 	33.0034 	-9.56288e-07 	4.60886e-16
0.0312733 	33.0533 	-9.56288e-07 	4.60882e-16
0.0315275 	33.1031 	-9.56288e-07 	4.60879e-16
0.0317818 	33.1529 	-9.56288e-07 	4.60876e-16
0.032036 	33.2028 	-9.56288e-07 	4.60873e-16
0.0322903 	33.2526 	-9.56288e-07 	4.6087e-16
0.0325445 	33.3024 	-9.56288e-07 	4.60866e-16
0.0327988 	33.3523 	-9.56288e-07 	4.60863e-16
0.0330531 	33.4021 	-9.56288e-07 	4.6086e-16
0.0333073 	33.452 	-9.56288e-07 	4.60857e-16
0.0335616 	33.5056 	-1.03796e-06 	4.13726e-16
0.0338158 	33.5602 	-1.03796e-06 	4.13722e-16
0.0340701 	33.6147 	-1.03796e-06 	4.13719e-16
0.0343243 	33.6693 	-1.03796e-06 	4.13715e-16
0.0345786 	33.7238 	-1.03796e-06 	4.13712e-16
0.0348328 	33.7784 	-1.03796e-06 	4.13708e-16
0.0350871 	33.8329 	-1.03796e-06 	4.13705e-16
0.0353413 	33.8875 	-1.03796e-06 	4.13701e-16
0.0355956 	33.942 	-1.03796e-06 	4.13698e-16
0.0358498 	33.9966 	-1.03796e-06 	4.13694e-16
0.0361041 	34.0547 	-1.12319e-06 	4.73589e-16
0.0363584 	34.1141 	-1.12319e-06 	4.73585e-16
0.0366126 	34.1736 	-1.12319e-06 	4.73582e-16
0.0368669 	34.233 	-1.12319e-06 	4.73578e-16
0.0371211 	34.2925 	-1.12319e-06 	4.73574e-16
0.0373754 	34.3519 	-1.12319e-06 	4.7357e-16
0.0376296 	34.4114 	-1.12319e-06 	4.73566e-16
0.0378839 	34.4708 	-1.12319e-06 	4.73563e-16
0.0381381 	34.5302 	-1.12319e-06 	4.73559e-16
0.0383924 	34.5897 	-1.12319e-06 	4.73555e-16
0.0386466 	34.6524 	-1.21157e-06 	5.20252e-16
0.0389009 	34.7169 	-1.21157e-06 	5.20248e-16
0.0391552 	34.7814 	-1.21157e-06 	5.20244e-16
0.0394094 	34.8459 	-1.21157e-06 	5.2024e-16
0.0396637 	34.9104 	-1.21157e-06 	5.20236e-16
0.0399179 	34.975 	-1.21157e-06 	5.20232e-16
0.0401722 	35.0395 	-1.21157e-06 	5.20228e-16
0.0404264 	35.104 	-1.21157e-06 	5.20223e-16
0.0406807 	35.1685 	-1.21157e-06 	5.20219e-16
0.0409349 	35.2331 	-1.21157e-06 	5.20215e-16
0.0411892 	35.3005 	-1.30304e-06 	5.88841e-16
0.0414434 	35.3703 	-1.30304e-06 	5.88836e-16
0.0416977 	35.4401 	-1.30304e-06 	5.88832e-16
0.041952 	35.5099 	-1.30304e-06 	5.88827e-16
0.0422062 	35.5796 	-1.30304e-06 	5.88823e-16
0.0424605 	35.6494 	-1.30304e-06 	5.88818e-16
0.0427147 	35.7192 	-1.30304e-06 	5.88814e-16
0.042969 	35.789 	-1.30304e-06 	5.88809e-16
0.0432232 	35.8588 	-1.30304e-06 	5.88805e-16
0.0434775 	35.9286 	-1.30304e-06 	5.888e-16
0.0437317 	36.0009 	-1.39757e-06 	5.93416e-16
0.043986 	36.0762 	-1.39757e-06 	5.93412e-16
0.0442402 	36.1515 	-1.39757e-06 	5.93407e-16
0.0444945 	36.2268 	-1.39757e-06 	5.93402e-16
0.0447487 	36.302 	-1.39757e-06 	5.93397e-16
0.045003 	36.3773 	-1.39757e-06 	5.93392e-16
0.0452573 	36.4526 	-1.39757e-06 	5.93387e-16
0.0455115 	36.5279 	-1.39757e-06 	5.93383e-16
0.0457658 	36.6031 	-1.39757e-06 	5.93378e-16
0.04602 	36.6784 	-1.39757e-06 	5.93373e-16
0.0462743 	36.7557 	-1.49513e-06 	5.44276e-16
0.0465285 	36.8367 	-1.49513e-06 	5.44271e-16
0.0467828 	36.9177 	-1.49513e-06 	5.44266e-16
0.047037 	36.9986 	-1.49513e-06 	5.4426e-16
0.0472913 	37.0796 	-1.49513e-06 	5.44255e-16
0.0475455 	37.1606 	-1.49513e-06 	5.4425e-16
0.0477998 	37.2415 	-1.49513e-06 	5.44245e-16
0.0480541 	37.3225 	-1.49513e-06 	5.4424e-16
0.0483083 	37.4035 	-1.49513e-06 	5.44234e-16
0.0485626 	37.4844 	-1.49513e-06 	5.44229e-16
0.0488168 	37.567 	-1.59558e-06 	5.12722e-16
0.0490711 	37.6539 	-1.59558e-06 	5.12717e-16
0.0493253 	37.7407 	-1.59558e-06 	5.12711e-16
0.0495796 	37.8276 	-1.59558e-06 	5.12705e-16
0.0498338 	37.9145 	-1.59558e-06 	5.127e-16
0.0500881 	38.0013 	-1.59558e-06 	5.12694e-16
0.0503423 	38.0882 	-1.59558e-06 	5.12689e-16
0.0505966 	38.1751 	-1.59558e-06 	5.12683e-16
0.0508509 	38.2619 	-1.59558e-06 	5.12678e-16
0.0511051 	38.3488 	-1.59558e-06 	5.12672e-16
0.0513594 	38.4368 	-1.69867e-06 	5.19362e-16
0.0516136 	38.5298 	-1.69867e-06 	5.19356e-16
0.0518679 	38.6228 	-1.69867e-06 	5.1935e-16
0.0521221 	38.7158 	-1.69867e-06 	5.19344e-16
0.0523764 	38.8088 	-1.69867e-06 	5.19338e-16
0.0526306 	38.9017 	-1.69867e-06 	5.19332e-16
0.0528849 	38.9947 	-1.69867e-06 	5.19326e-16
0.0531391 	39.0877 	-1.69867e-06 	5.1932e-16
0.0533934 	39.1807 	-1.69867e-06 	5.19314e-16
0.0536476 	39.2737 	-1.69867e-06 	5.19308e-16
0.0539019 	39.3673 	-1.80394e-06 	4.81428e-16
0.0541562 	39.4666 	-1.80394e-06 	4.81422e-16
0.0544104 	39.566 	-1.80394e-06 	4.81415e-16
0.0546647 	39.6653 	-1.80394e-06 	4.81409e-16
0.0549189 	39.7646 	-1.80394e-06 	4.81402e-16
0.0551732 	39.864 	-1.80394e-06 	4.81396e-16
0.0554274 	39.9633 	-1.80394e-06 	4.8139e-16
0.0556817 	40.0626 	-1.80394e-06 	4.81383e-16
0.0559359 	40.162 	-1.80394e-06 	4.81377e-16
0.0561902 	40.2613 	-1.80394e-06 	4.8137e-16
0.0564444 	40.3606 	-2.16578e-06 	-2.36884e-18
0.0566987 	40.4665 	-1.9107e-06 	4.86641e-16
0.056953 	40.5724 	-1.9107e-06 	4.86634e-16
0.0572072 	40.6783 	-1.9107e-06 	4.86627e-16
0.0574615 	40.7842 	-1.9107e-06 	4.86621e-16
0.0577157 	40.8901 	-1.9107e-06 	4.86614e-16
0.05797 	40.996 	-1.9107e-06 	4.86607e-16
0.0582242 	41.1019 	-1.9107e-06 	4.866e-16
0.0584785 	41.2078 	-1.9107e-06 	4.86593e-16
0.0587327 	41.3137 	-1.9107e-06 	4.86587e-16
0.058987 	41.4196 	-1.9107e-06 	4.8658e-16
0.0592412 	41.5317 	-2.01791e-06 	4.94743e-16
0.0594955 	41.6443 	-2.01791e-06 	4.94736e-16
0.0597497 	41.757 	-2.01791e-06 	4.94729e-16
0.060004 	41.8697 	-2.01791e-06 	4.94722e-16
0.0602583 	41.9824 	-2.01791e-06 	4.94714e-16
0.0605125 	42.095 	-2.01791e-06 	4.94707e-16
0.0607668 	42.2077 	-2.01791e-06 	4.947e-16
0.061021 	42.3204 	-2.01791e-06 	4.94693e-16
0.0612753 	42.433 	-2.01791e-06 	4.94685e-16
0.0615295 	42.5457 	-2.01791e-06 	4.94678e-16
0.0617838 	42.6641 	-2.12555e-06 	5.50152e-16
0.062038 	42.7837 	-2.12555e-06 	5.50144e-16
0.0622923 	42.9034 	-2.12555e-06 	5.50137e-16
0.0625465 	43.023 	-2.12555e-06 	5.50129e-16
0.0628008 	43.1426 	-2.12555e-06 	5.50121e-16
0.0630551 	43.2623 	-2.12555e-06 	5.50114e-16
0.0633093 	43.3819 	-2.12555e-06 	5.50106e-16
0.0635636 	43.5016 	-2.12555e-06 	5.50098e-16
0.0638178 	43.6212 	-2.12555e-06 	5.50091e-16
0.0640721 	43.7408 	-2.12555e-06 	5.50083e-16
0.0643263 	43.8657 	-2.23319e-06 	5.22741e-16
0.0645806 	43.9925 	-2.23319e-06 	5.22733e-16
0.0648348 	44.1193 	-2.23319e-06 	5.22725e-16
0.0650891 	44.246 	-2.23319e-06 	5.22717e-16
0.0653433 	44.3728 	-2.23319e-06 	5.22709e-16
0.0655976 	44.4996 	-2.23319e-06 	5.227e-16
0.0658519 	44.6264 	-2.23319e-06 	5.22692e-16
0.0661061 	44.7532 	-2.23319e-06 	5.22684e-16
0.0663604 	44.88 	-2.23319e-06 	5.22676e-16
0.0666146 	45.0068 	-2.23319e-06 	5.22668e-16
0.0668689 	45.1382 	-2.33942e-06 	5.28358e-16
0.0671231 	45.2723 	-2.33942e-06 	5.2835e-16
0.0673774 	45.4064 	-2.33942e-06 	5.28341e-16
0.0676316 	45.5406 	-2.33942e-06 	5.28332e-16
0.0678859 	45.6747 	-2.33942e-06 	5.28324e-16
0.0681401 	45.8088 	-2.33942e-06 	5.28315e-16
0.0683944 	45.9429 	-2.33942e-06 	5.28306e-16
0.0686486 	46.077 	-2.33942e-06 	5.28298e-16
0.0689029 	46.2111 	-2.33942e-06 	5.28289e-16
0.0691572 	46.3452 	-2.33942e-06 	5.28281e-16
0.0694114 	46.4834 	-2.44256e-06 	5.39472e-16
0.0696657 	46.6251 	-2.44256e-06 	5.39463e-16
0.0699199 	46.7667 	-2.44256e-06 	5.39454e-16
0.0701742 	46.9083 	-2.44256e-06 	5.39445e-16
0.0704284 	47.0499 	-2.44256e-06 	5.39436e-16
0.0706827 	47.1916 	-2.44256e-06 	5.39426e-16
0.0709369 	47.3332 	-2.44256e-06 	5.39417e-16
0.0711912 	47.4748 	-2.44256e-06 	5.39408e-16
0.0714454 	47.6164 	-2.44256e-06 	5.39399e-16
0.0716997 	47.7581 	-2.44256e-06 	5.3939e-16
0.071954 	47.9032 	-2.5337e-06 	5.52808e-16
0.0722082 	48.0524 	-2.5337e-06 	5.52798e-16
0.0724625 	48.2017 	-2.5337e-06 	5.52789e-16
0.0727167 	48.3509 	-2.5337e-06 	5.52779e-16
0.072971 	48.5002 	-2.5337e-06 	5.5277e-16
0.0732252 	48.6495 	-2.5337e-06 	5.5276e-16
0.0734795 	48.7987 	-2.5337e-06 	5.5275e-16
0.0737337 	48.948 	-2.5337e-06 	5.52741e-16
0.073988 	49.0972 	-2.5337e-06 	5.52731e-16
0.0742422 	49.2465 	-2.5337e-06 	5.52722e-16
0.0744965 	49.3986 	-2.60267e-06 	5.68297e-16
0.0747508 	49.5555 	-2.60267e-06 	5.68287e-16
0.075005 	49.7124 	-2.60267e-06 	5.68277e-16
0.0752593 	49.8693 	-2.60267e-06 	5.68267e-16
0.0755135 	50.0262 	-2.60267e-06 	5.68257e-16
0.0757678 	50.1831 	-2.60267e-06 	5.68247e-16
0.076022 	50.34 	-2.60267e-06 	5.68237e-16
0.0762763 	50.4969 	-2.60267e-06 	5.68227e-16
0.0765305 	50.6538 	-2.60267e-06 	5.68217e-16
0.0767848 	50.8107 	-2.60267e-06 	5.68207e-16
0.077039 	50.9697 	-2.6565e-06 	5.29084e-16
0.0772933 	51.1341 	-2.6565e-06 	5.29073e-16
0.0775475 	51.2986 	-2.6565e-06 	5.29063e-16
0.0778018 	51.4631 	-2.6565e-06 	5.29052e-16
0.0780561 	51.6275 	-2.6565e-06 	5.29042e-16
0.0783103 	51.792 	-2.6565e-06 	5.29031e-16
0.0785646 	51.9564 	-2.6565e-06 	5.2902e-16
0.0788188 	52.1209 	-2.6565e-06 	5.2901e-16
0.0790731 	52.2854 	-2.6565e-06 	5.28999e-16
0.0793273 	52.4498 	-2.6565e-06 	5.28989e-16
0.0795816 	52.6156 	-2.67894e-06 	5.03183e-16
0.0798358 	52.7875 	-2.67894e-06 	5.03172e-16
0.0800901 	52.9593 	-2.67894e-06 	5.03161e-16
0.0803443 	53.1311 	-2.67894e-06 	5.0315e-16
0.0805986 	53.303 	-2.67894e-06 	5.03139e-16
0.0808529 	53.4748 	-2.67894e-06 	5.03128e-16
0.0811071 	53.6467 	-2.67894e-06 	5.03117e-16
0.0813614 	53.8185 	-2.67894e-06 	5.03106e-16
0.0816156 	53.9904 	-2.67894e-06 	5.03095e-16
0.0818699 	54.1622 	-2.67894e-06 	5.03084e-16
0.0821241 	54.3347 	-2.67677e-06 	5.18073e-16
0.0823784 	54.5136 	-2.67677e-06 	5.18062e-16
0.0826326 	54.6926 	-2.67677e-06 	5.1805e-16
0.0828869 	54.8716 	-2.67677e-06 	5.18039e-16
0.0831411 	55.0505 	-2.67677e-06 	5.18027e-16
0.0833954 	55.2295 	-2.67677e-06 	5.18016e-16
0.0836496 	55.4084 	-2.67677e-06 	5.18004e-16
0.0839039 	55.5874 	-2.67677e-06 	5.17993e-16
0.0841582 	55.7664 	-2.67677e-06 	5.17981e-16
0.0844124 	55.9453 	-2.67677e-06 	5.1797e-16
0.0846667 	56.1243 	-3.574e-06 	-1.90078e-18
0.0849209 	56.31 	-2.69259e-06 	5.32728e-16
0.0851752 	56.4956 	-2.69259e-06 	5.32716e-16
0.0854294 	56.6813 	-2.69259e-06 	5.32704e-16
0.0856837 	56.867 	-2.69259e-06 	5.32692e-16
0.0859379 	57.0527 	-2.69259e-06 	5.3268e-16
0.0861922 	57.2384 	-2.69259e-06 	5.32668e-16
0.0864464 	57.4241 	-2.69259e-06 	5.32656e-16
0.0867007 	57.6098 	-2.69259e-06 	5.32644e-16
0.086955 	57.7955 	-2.69259e-06 	5.32632e-16
0.0872092 	57.9811 	-2.69259e-06 	5.32621e-16
0.0874635 	58.1725 	-2.70801e-06 	5.47025e-16
0.0877177 	58.3644 	-2.70801e-06 	5.47012e-16
0.087972 	58.5563 	-2.70801e-06 	5.47e-16
0.0882262 	58.7483 	-2.70801e-06 	5.46988e-16
0.0884805 	58.9402 	-2.70801e-06 	5.46975e-16
0.0887347 	59.1321 	-2.70801e-06 	5.46963e-16
0.088989 	59.324 	-2.70801e-06 	5.46951e-16
0.0892432 	59.516 	-2.70801e-06 	5.46938e-16
0.0894975 	59.7079 	-2.70801e-06 	5.46926e-16
0.0897518 	59.8998 	-2.70801e-06 	5.46914e-16
0.090006 	60.0963 	-2.70238e-06 	5.61212e-16
0.0902603 	60.2938 	-2.70238e-06 	5.612e-16
0.0905145 	60.4913 	-2.70238e-06 	5.61187e-16
0.0907688 	60.6888 	-2.70238e-06 	5.61174e-16
0.091023 	60.8863 	-2.70238e-06 	5.61162e-16
0.0912773 	61.0838 	-2.70238e-06 	5.61149e-16
0.0915315 	61.2813 	-2.70238e-06 	5.61136e-16
0.0917858 	61.4788 	-2.70238e-06 	5.61124e-16
0.09204 	61.6763 	-2.70238e-06 	5.61111e-16
0.0922943 	61.8738 	-2.70238e-06 	5.61098e-16
0.0925485 	62.0747 	-2.68134e-06 	5.75286e-16
0.0928028 	62.2769 	-2.68134e-06 	5.75273e-16
0.0930571 	62.4791 	-2.68134e-06 	5.7526e-16
0.0933113 	62.6814 	-2.68134e-06 	5.75247e-16
0.0935656 	62.8836 	-2.68134e-06 	5.75234e-16
0.0938198 	63.0858 	-2.68134e-06 	5.75221e-16
0.0940741 	63.288 	-2.68134e-06 	5.75208e-16
0.0943283 	63.4902 	-2.68134e-06 	5.75195e-16
0.0945826 	63.6924 	-2.68134e-06 	5.75182e-16
0.0948368 	63.8946 	-2.68134e-06 	5.75169e-16
0.0950911 	64.0991 	-2.6454e-06 	5.30679e-16
0.0953453 	64.3049 	-2.6454e-06 	5.30666e-16
0.0955996 	64.5107 	-2.6454e-06 	5.30653e-16
0.0958539 	64.7164 	-2.6454e-06 	5.30639e-16
0.0961081 	64.9222 	-2.6454e-06 	5.30626e-16
0.0963624 	65.128 	-2.6454e-06 	5.30613e-16
0.0966166 	65.3338 	-2.6454e-06 	5.306e-16
0.0968709 	65.5396 	-2.6454e-06 	5.30587e-16
0.0971251 	65.7454 	-2.6454e-06 	5.30573e-16
0.0973794 	65.9511 	-2.6454e-06 	5.3056e-16
0.0976336 	66.1581 	-2.57011e-06 	5.96392e-16
0.0978879 	66.366 	-2.57011e-06 	5.96378e-16
0.0981421 	66.5738 	-2.57011e-06 	5.96365e-16
0.0983964 	66.7817 	-2.57011e-06 	5.96351e-16
0.0986507 	66.9896 	-2.57011e-06 	5.96338e-16
0.0989049 	67.1975 	-2.57011e-06 	5.96325e-16
0.0991592 	67.4054 	-2.57011e-06 	5.96311e-16
0.0994134 	67.6133 	-2.57011e-06 	5.96298e-16
0.0996677 	67.8212 	-2.57011e-06 	5.96285e-16
0.0999219 	68.0291 	-2.57011e-06 	5.96271e-16
0.100176 	68.2371 	-2.44986e-06 	6.75714e-16
0.10043 	68.4452 	-2.44986e-06 	6.75701e-16
0.100685 	68.6534 	-2.44986e-06 	6.75688e-16
0.100939 	68.8616 	-2.44986e-06 	6.75674e-16
0.101193 	69.0697 	-2.44986e-06 	6.75661e-16
0.101447 	69.2779 	-2.44986e-06 	6.75648e-16
0.101702 	69.486 	-2.44986e-06 	6.75634e-16
0.101956 	69.6942 	-2.44986e-06 	6.75621e-16
0.10221 	69.9024 	-2.44986e-06 	6.75607e-16
0.102464 	70.1105 	-2.44986e-06 	6.75594e-16
0.102719 	70.318 	-2.28195e-06 	6.87665e-16
0.102973 	70.5243 	-2.28195e-06 	6.87652e-16
0.103227 	70.7306 	-2.28195e-06 	6.87639e-16
0.103481 	70.9369 	-2.28195e-06 	6.87626e-16
0.103736 	71.1432 	-2.28195e-06 	6.87612e-16
0.10399 	71.3495 	-2.28195e-06 	6.87599e-16
0.104244 	71.5558 	-2.28195e-06 	6.87586e-16
0.104498 	71.7621 	-2.28195e-06 	6.87573e-16
0.104753 	71.9684 	-2.28195e-06 	6.87559e-16
0.105007 	72.1747 	-2.28195e-06 	6.87546e-16
0.105261 	72.3798 	-2.0917e-06 	7.47965e-16
0.105516 	72.5819 	-2.0917e-06 	7.47952e-16
0.10577 	72.7841 	-2.0917e-06 	7.47939e-16
0.106024 	72.9862 	-2.0917e-06 	7.47926e-16
0.106278 	73.1883 	-2.0917e-06 	7.47913e-16
0.106533 	73.3905 	-2.0917e-06 	7.479e-16
0.106787 	73.5926 	-2.0917e-06 	7.47887e-16
0.107041 	73.7947 	-2.0917e-06 	7.47874e-16
0.107295 	73.9969 	-2.0917e-06 	7.47861e-16
0.10755 	74.199 	-2.0917e-06 	7.47848e-16
0.107804 	74.3999 	-1.82462e-06 	8.28337e-16
0.108058 	74.5955 	-1.82462e-06 	8.28324e-16
0.108312 	74.7911 	-1.82462e-06 	8.28311e-16
0.108567 	74.9866 	-1.82462e-06 	8.28299e-16
0.108821 	75.1822 	-1.82462e-06 	8.28286e-16
0.109075 	75.3777 	-1.82462e-06 	8.28274e-16
0.109329 	75.5733 	-1.82462e-06 	8.28261e-16
0.109584 	75.7688 	-1.82462e-06 	8.28249e-16
0.109838 	75.9644 	-1.82462e-06 	8.28236e-16
0.110092 	76.1599 	-1.82462e-06 	8.28223e-16
0.110346 	76.3547 	-1.56683e-06 	8.32446e-16
0.110601 	76.541 	-1.56683e-06 	8.32434e-16
0.110855 	76.7274 	-1.56683e-06 	8.32422e-16
0.111109 	76.9137 	-1.56683e-06 	8.3241e-16
0.111363 	77.1 	-1.56683e-06 	8.32398e-16
0.111618 	77.2864 	-1.56683e-06 	8.32387e-16
0.111872 	77.4727 	-1.56683e-06 	8.32375e-16
0.112126 	77.6591 	-1.56683e-06 	8.32363e-16
0.11238 	77.8454 	-1.56683e-06 	8.32351e-16
0.112635 	78.0318 	-1.56683e-06 	8.32339e-16
0.112889 	78.2181 	-2.63166e-06 	-1.35682e-18
0.113143 	78.3925 	-1.24947e-06 	8.37479e-16
0.113397 	78.5668 	-1.24947e-06 	8.37467e-16
0.113652 	78.7412 	-1.24947e-06 	8.37456e-16
0.113906 	78.9155 	-1.24947e-06 	8.37445e-16
0.11416 	79.0899 	-1.24947e-06 	8.37434e-16
0.114414 	79.2642 	-1.24947e-06 	8.37423e-16
0.114669 	79.4386 	-1.24947e-06 	8.37411e-16
0.114923 	79.613 	-1.24947e-06 	8.374e-16
0.115177 	79.7873 	-1.24947e-06 	8.37389e-16
0.115431 	79.9617 	-1.24947e-06 	8.37378e-16
0.115686 	80.1225 	-8.77395e-07 	8.42451e-16
0.11594 	80.282 	-8.77395e-07 	8.42441e-16
0.116194 	80.4415 	-8.77395e-07 	8.4243e-16
0.116448 	80.601 	-8.77395e-07 	8.4242e-16
0.116703 	80.7605 	-8.77395e-07 	8.4241e-16
0.116957 	80.92 	-8.77395e-07 	8.424e-16
0.117211 	81.0795 	-8.77395e-07 	8.42389e-16
0.117465 	81.239 	-8.77395e-07 	8.42379e-16
0.11772 	81.3985 	-8.77395e-07 	8.42369e-16
0.117974 	81.558 	-8.77395e-07 	8.42359e-16
0.118228 	81.7029 	-5.17936e-07 	8.46064e-16
0.118482 	81.8446 	-5.17936e-07 	8.46055e-16
0.118737 	81.9863 	-5.17936e-07 	8.46046e-16
0.118991 	82.128 	-5.17936e-07 	8.46036e-16
0.119245 	82.2698 	-5.17936e-07 	8.46027e-16
0.119499 	82.4115 	-5.17936e-07 	8.46018e-16
0.119754 	82.5532 	-5.17936e-07 	8.46009e-16
0.120008 	82.6949 	-5.17936e-07 	8.46e-16
0.120262 	82.8366 	-5.17936e-07 	8.45991e-16
0.120517 	82.9783 	-5.17936e-07 	8.45982e-16
0.120771 	83.1052 	-1.49879e-07 	8.48678e-16
0.121025 	83.2265 	-1.49879e-07 	8.48671e-16
0.121279 	83.3478 	-1.49879e-07 	8.48663e-16
0.121534 	83.4691 	-1.49879e-07 	8.48655e-16
0.121788 	83.5904 	-1.49879e-07 	8.48647e-16
0.122042 	83.7117 	-1.49879e-07 	8.48639e-16
0.122296 	83.833 	-1.49879e-07 	8.48632e-16
0.122551 	83.9543 	-1.49879e-07 	8.48624e-16
0.122805 	84.0756 	-1.49879e-07 	8.48616e-16
0.123059 	84.1969 	-1.49879e-07 	8.48608e-16
0.123313 	84.3039 	2.15351e-07 	8.50107e-16
0.123568 	84.4027 	2.15351e-07 	8.50101e-16
0.123822 	84.5015 	2.15351e-07 	8.50095e-16
0.124076 	84.6004 	2.15351e-07 	8.50088e-16
0.12433 	84.6992 	2.15351e-07 	8.50082e-16
0.124585 	84.798 	2.15351e-07 	8.50076e-16
0.124839 	84.8968 	2.15351e-07 	8.50069e-16
0.125093 	84.9956 	2.15351e-07 	8.50063e-16
0.125347 	85.0945 	2.15351e-07 	8.50057e-16
0.125602 	85.1933 	2.15351e-07 	8.5005e-16
0.125856 	85.2791 	5.54997e-07 	8.49748e-16
0.12611 	85.3542 	5.54997e-07 	8.49743e-16
0.126364 	85.4292 	5.54997e-07 	8.49738e-16
0.126619 	85.5043 	5.54997e-07 	8.49733e-16
0.126873 	85.5793 	5.54997e-07 	8.49729e-16
0.127127 	85.6544 	5.54997e-07 	8.49724e-16
0.127381 	85.7294 	5.54997e-07 	8.49719e-16
0.127636 	85.8045 	5.54997e-07 	8.49714e-16
0.12789 	85.8795 	5.54997e-07 	8.49709e-16
0.128144 	85.9545 	5.54997e-07 	8.49704e-16
0.128398 	86.0187 	8.60004e-07 	8.46303e-16
0.128653 	86.0697 	8.60004e-07 	8.463e-16
0.128907 	86.1207 	8.60004e-07 	8.46297e-16
0.129161 	86.1717 	8.60004e-07 	8.46293e-16
0.129415 	86.2227 	8.60004e-07 	8.4629e-16
0.12967 	86.2737 	8.60004e-07 	8.46287e-16
0.129924 	86.3248 	8.60004e-07 	8.46284e-16
0.130178 	86.3758 	8.60004e-07 	8.4628e-16
0.130432 	86.4268 	8.60004e-07 	8.46277e-16
0.130687 	86.4778 	8.60004e-07 	8.46274e-16
0.130941 	86.5204 	1.11417e-06 	8.39891e-16
0.131195 	86.5481 	1.11417e-06 	8.39889e-16
0.131449 	86.5759 	1.11417e-06 	8.39887e-16
0.131704 	86.6036 	1.11417e-06 	8.39885e-16
0.131958 	86.6314 	1.11417e-06 	8.39884e-16
0.132212 	86.6592 	1.11417e-06 	8.39882e-16
0.132466 	86.6869 	1.11417e-06 	8.3988e-16
0.132721 	86.7147 	1.11417e-06 	8.39878e-16
0.132975 	86.7425 	1.11417e-06 	8.39877e-16
0.133229 	86.7702 	1.11417e-06 	8.39875e-16
0.133483 	86.7921 	1.31105e-06 	8.31269e-16
0.133738 	86.7982 	1.31105e-06 	8.31269e-16
0.133992 	86.8043 	1.31105e-06 	8.31268e-16
0.134246 	86.8104 	1.31105e-06 	8.31268e-16
0.134501 	86.8165 	1.31105e-06 	8.31268e-16
0.134755 	86.8227 	1.31105e-06 	8.31267e-16
0.135009 	86.8288 	1.31105e-06 	8.31267e-16
0.135263 	86.8349 	1.31105e-06 	8.31266e-16
0.135518 	86.841 	1.31105e-06 	8.31266e-16
0.135772 	86.8471 	1.31105e-06 	8.31266e-16
0.136026 	86.8497 	1.4843e-06 	8.75485e-16
0.13628 	86.8363 	1.4843e-06 	8.75486e-16
0.136535 	86.8228 	1.4843e-06 	8.75487e-16
0.136789 	86.8094 	1.4843e-06 	8.75487e-16
0.137043 	86.796 	1.4843e-06 	8.75488e-16
0.137297 	86.7826 	1.4843e-06 	8.75489e-16
0.137552 	86.7692 	1.4843e-06 	8.7549e-16
0.137806 	86.7557 	1.4843e-06 	8.75491e-16
0.13806 	86.7423 	1.4843e-06 	8.75492e-16
0.138314 	86.7289 	1.4843e-06 	8.75493e-16
0.138569 	86.7139 	1.62423e-06 	8.03414e-16
0.138823 	86.6831 	1.62423e-06 	8.03416e-16
0.139077 	86.6524 	1.62423e-06 	8.03418e-16
0.139331 	86.6216 	1.62423e-06 	8.0342e-16
0.139586 	86.5909 	1.62423e-06 	8.03422e-16
0.13984 	86.5601 	1.62423e-06 	8.03424e-16
0.140094 	86.5294 	1.62423e-06 	8.03426e-16
0.140348 	86.4986 	1.62423e-06 	8.03428e-16
0.140603 	86.4679 	1.62423e-06 	8.0343e-16
0.140857 	86.4371 	1.62423e-06 	8.03432e-16
0.141111 	86.4064 	8.32163e-07 	-2.88723e-18
0.141365 	86.3604 	1.74414e-06 	7.92865e-16
0.14162 	86.3144 	1.74414e-06 	7.92868e-16
0.141874 	86.2685 	1.74414e-06 	7.92871e-16
0.142128 	86.2225 	1.74414e-06 	7.92874e-16
0.142382 	86.1765 	1.74414e-06 	7.92877e-16
0.142637 	86.1306 	1.74414e-06 	7.9288e-16
0.142891 	86.0846 	1.74414e-06 	7.92882e-16
0.143145 	86.0387 	1.74414e-06 	7.92885e-16
0.143399 	85.9927 	1.74414e-06 	7.92888e-16
0.143654 	85.9467 	1.74414e-06 	7.92891e-16
0.143908 	85.8887 	1.85324e-06 	7.31838e-16
0.144162 	85.8294 	1.85324e-06 	7.31842e-16
0.144416 	85.7701 	1.85324e-06 	7.31846e-16
0.144671 	85.7108 	1.85324e-06 	7.31849e-16
0.144925 	85.6515 	1.85324e-06 	7.31853e-16
0.145179 	85.5922 	1.85324e-06 	7.31857e-16
0.145433 	85.533 	1.85324e-06 	7.31861e-16
0.145688 	85.4737 	1.85324e-06 	7.31865e-16
0.145942 	85.4144 	1.85324e-06 	7.31869e-16
0.146196 	85.3551 	1.85324e-06 	7.31872e-16
0.14645 	85.2862 	1.95487e-06 	6.5758e-16
0.146705 	85.2152 	1.95487e-06 	6.57585e-16
0.146959 	85.1442 	1.95487e-06 	6.57589e-16
0.147213 	85.0732 	1.95487e-06 	6.57594e-16
0.147467 	85.0022 	1.95487e-06 	6.57599e-16
0.147722 	84.9312 	1.95487e-06 	6.57603e-16
0.147976 	84.8602 	1.95487e-06 	6.57608e-16
0.14823 	84.7892 	1.95487e-06 	6.57612e-16
0.148484 	84.7182 	1.95487e-06 	6.57617e-16
0.148739 	84.6472 	1.95487e-06 	6.57621e-16
0.148993 	84.5686 	2.05139e-06 	6.44505e-16
0.149247 	84.4873 	2.05139e-06 	6.4451e-16
0.149502 	84.4059 	2.05139e-06 	6.44516e-16
0.149756 	84.3245 	2.05139e-06 	6.44521e-16
0.15001 	84.2432 	2.05139e-06 	6.44526e-16
0.150264 	84.1618 	2.05139e-06 	6.44531e-16
0.150519 	84.0804 	2.05139e-06 	6.44537e-16
0.150773 	83.999 	2.05139e-06 	6.44542e-16
0.151027 	83.9177 	2.05139e-06 	6.44547e-16
0.151281 	83.8363 	2.05139e-06 	6.44552e-16
0.151536 	83.7491 	2.14129e-06 	6.27052e-16
0.15179 	83.6586 	2.14129e-06 	6.27057e-16
0.152044 	83.5681 	2.14129e-06 	6.27063e-16
0.152298 	83.4776 	2.14129e-06 	6.27069e-16
0.152553 	83.387 	2.14129e-06 	6.27075e-16
0.152807 	83.2965 	2.14129e-06 	6.27081e-16
0.153061 	83.206 	2.14129e-06 	6.27087e-16
0.153315 	83.1155 	2.14129e-06 	6.27092e-16
0.15357 	83.025 	2.14129e-06 	6.27098e-16
0.153824 	82.9344 	2.14129e-06 	6.27104e-16
0.154078 	82.8396 	2.22182e-06 	6.09247e-16
0.154332 	82.7411 	2.22182e-06 	6.09253e-16
0.154587 	82.6426 	2.22182e-06 	6.09259e-16
0.154841 	82.5441 	2.22182e-06 	6.09266e-16
0.155095 	82.4456 	2.22182e-06 	6.09272e-16
0.155349 	82.3472 	2.22182e-06 	6.09278e-16
0.155604 	82.2487 	2.22182e-06 	6.09285e-16
0.155858 	82.1502 	2.22182e-06 	6.09291e-16
0.156112 	82.0517 	2.22182e-06 	6.09297e-16
0.156366 	81.9532 	2.22182e-06 	6.09304e-16
0.156621 	81.8516 	2.29082e-06 	5.92063e-16
0.156875 	81.7464 	2.29082e-06 	5.9207e-16
0.157129 	81.6411 	2.29082e-06 	5.92077e-16
0.157383 	81.5359 	2.29082e-06 	5.92084e-16
0.157638 	81.4306 	2.29082e-06 	5.9209e-16
0.157892 	81.3253 	2.29082e-06 	5.92097e-16
0.158146 	81.2201 	2.29082e-06 	5.92104e-16
0.1584 	81.1148 	2.29082e-06 	5.92111e-16
0.158655 	81.0096 	2.29082e-06 	5.92118e-16
0.158909 	80.9043 	2.29082e-06 	5.92124e-16
0.159163 	80.797 	2.34732e-06 	6.41931e-16
0.159417 	80.6862 	2.34732e-06 	6.41938e-16
0.159672 	80.5754 	2.34732e-06 	6.41945e-16
0.159926 	80.4645 	2.34732e-06 	6.41952e-16
0.16018 	80.3537 	2.34732e-06 	6.41959e-16
0.160434 	80.2429 	2.34732e-06 	6.41967e-16
0.160689 	80.1321 	2.34732e-06 	6.41974e-16
0.160943 	80.0213 	2.34732e-06 	6.41981e-16
0.161197 	79.9104 	2.34732e-06 	6.41988e-16
0.161451 	79.7996 	2.34732e-06 	6.41995e-16
0.161706 	79.6876 	2.39116e-06 	6.75755e-16
0.16196 	79.5724 	2.39116e-06 	6.75763e-16
0.162214 	79.4572 	2.39116e-06 	6.7577e-16
0.162468 	79.3421 	2.39116e-06 	6.75778e-16
0.162723 	79.2269 	2.39116e-06 	6.75785e-16
0.162977 	79.1117 	2.39116e-06 	6.75793e-16
0.163231 	78.9965 	2.39116e-06 	6.758e-16
0.163485 	78.8813 	2.39116e-06 	6.75807e-16
0.16374 	78.7662 	2.39116e-06 	6.75815e-16
0.163994 	78.651 	2.39116e-06 	6.75822e-16
0.164248 	78.5352 	2.42254e-06 	6.64814e-16
0.164503 	78.4169 	2.42254e-06 	6.64822e-16
0.164757 	78.2985 	2.42254e-06 	6.64829e-16
0.165011 	78.1801 	2.42254e-06 	6.64837e-16
0.165265 	78.0618 	2.42254e-06 	6.64845e-16
0.16552 	77.9434 	2.42254e-06 	6.64852e-16
0.165774 	77.8251 	2.42254e-06 	6.6486e-16
0.166028 	77.7067 	2.42254e-06 	6.64867e-16
0.166282 	77.5883 	2.42254e-06 	6.64875e-16
0.166537 	77.47 	2.42254e-06 	6.64883e-16
0.166791 	77.3514 	2.44193e-06 	6.43409e-16
0.167045 	77.231 	2.44193e-06 	6.43417e-16
0.167299 	77.1105 	2.44193e-06 	6.43425e-16
0.167554 	76.9901 	2.44193e-06 	6.43433e-16
0.167808 	76.8697 	2.44193e-06 	6.4344e-16
0.168062 	76.7492 	2.44193e-06 	6.43448e-16
0.168316 	76.6288 	2.44193e-06 	6.43456e-16
0.168571 	76.5083 	2.44193e-06 	6.43464e-16
0.168825 	76.3879 	2.44193e-06 	6.43471e-16
0.169079 	76.2674 	2.44193e-06 	6.43479e-16
0.169333 	76.147 	1.79916e-06 	-3.20624e-18
0.169588 	76.0255 	2.44984e-06 	6.81531e-16
0.169842 	75.904 	2.44984e-06 	6.81539e-16
0.170096 	75.7825 	2.44984e-06 	6.81547e-16
0.17035 	75.661 	2.44984e-06 	6.81554e-16
0.170605 	75.5395 	2.44984e-06 	6.81562e-16
0.170859 	75.418 	2.44984e-06 	6.8157e-16
0.171113 	75.2965 	2.44984e-06 	6.81578e-16
0.171367 	75.175 	2.44984e-06 	6.81586e-16
0.171622 	75.0535 	2.44984e-06 	6.81593e-16
0.171876 	74.9319 	2.44984e-06 	6.81601e-16
0.17213 	74.8103 	2.447e-06 	6.55182e-16
0.172384 	74.6886 	2.447e-06 	6.5519e-16
0.172639 	74.567 	2.447e-06 	6.55198e-16
0.172893 	74.4453 	2.447e-06 	6.55206e-16
0.173147 	74.3237 	2.447e-06 	6.55213e-16
0.173401 	74.202 	2.447e-06 	6.55221e-16
0.173656 	74.0804 	2.447e-06 	6.55229e-16
0.17391 	73.9587 	2.447e-06 	6.55237e-16
0.174164 	73.837 	2.447e-06 	6.55245e-16
0.174418 	73.7154 	2.447e-06 	6.55252e-16
0.174673 	73.5943 	2.43355e-06 	7.06004e-16
0.174927 	73.4733 	2.43355e-06 	7.06012e-16
0.175181 	73.3523 	2.43355e-06 	7.0602e-16
0.175435 	73.2313 	2.43355e-06 	7.06028e-16
0.17569 	73.1102 	2.43355e-06 	7.06036e-16
0.175944 	72.9892 	2.43355e-06 	7.06043e-16
0.176198 	72.8682 	2.43355e-06 	7.06051e-16
0.176452 	72.7472 	2.43355e-06 	7.06059e-16
0.176707 	72.6262 	2.43355e-06 	7.06067e-16
0.176961 	72.5052 	2.43355e-06 	7.06074e-16
0.177215 	72.3852 	2.41079e-06 	7.37862e-16
0.177469 	72.2656 	2.41079e-06 	7.3787e-16
0.177724 	72.1459 	2.41079e-06 	7.37877e-16
0.177978 	72.0262 	2.41079e-06 	7.37885e-16
0.178232 	71.9066 	2.41079e-06 	7.37893e-16
0.178486 	71.7869 	2.41079e-06 	7.37901e-16
0.178741 	71.6673 	2.41079e-06 	7.37908e-16
0.178995 	71.5476 	2.41079e-06 	7.37916e-16
0.179249 	71.428 	2.41079e-06 	7.37924e-16
0.179504 	71.3083 	2.41079e-06 	7.37931e-16
0.179758 	71.1899 	2.37799e-06 	7.22648e-16
0.180012 	71.0722 	2.37799e-06 	7.22656e-16
0.180266 	70.9545 	2.37799e-06 	7.22663e-16
0.180521 	70.8368 	2.37799e-06 	7.22671e-16
0.180775 	70.7191 	2.37799e-06 	7.22678e-16
0.181029 	70.6014 	2.37799e-06 	7.22686e-16
0.181283 	70.4837 	2.37799e-06 	7.22693e-16
0.181538 	70.366 	2.37799e-06 	7.22701e-16
0.181792 	70.2483 	2.37799e-06 	7.22709e-16
0.182046 	70.1306 	2.37799e-06 	7.22716e-16
0.1823 	70.0143 	2.33522e-06 	7.09779e-16
0.182555 	69.899 	2.33522e-06 	7.09786e-16
0.182809 	69.7838 	2.33522e-06 	7.09794e-16
0.183063 	69.6686 	2.33522e-06 	7.09801e-16
0.183317 	69.5534 	2.33522e-06 	7.09809e-16
0.183572 	69.4381 	2.33522e-06 	7.09816e-16
0.183826 	69.3229 	2.33522e-06 	7.09823e-16
0.18408 	69.2077 	2.33522e-06 	7.09831e-16
0.184334 	69.0924 	2.33522e-06 	7.09838e-16
0.184589 	68.9772 	2.33522e-06 	7.09846e-16
0.184843 	68.8633 	2.28193e-06 	6.96347e-16
0.185097 	68.7509 	2.28193e-06 	6.96354e-16
0.185351 	68.6386 	2.28193e-06 	6.96362e-16
0.185606 	68.5263 	2.28193e-06 	6.96369e-16
0.18586 	68.414 	2.28193e-06 	6.96376e-16
0.186114 	68.3016 	2.28193e-06 	6.96383e-16
0.186368 	68.1893 	2.28193e-06 	6.96391e-16
0.186623 	68.077 	2.28193e-06 	6.96398e-16
0.186877 	67.9646 	2.28193e-06 	6.96405e-16
0.187131 	67.8523 	2.28193e-06 	6.96412e-16
0.187385 	67.7411 	2.21917e-06 	6.27223e-16
0.18764 	67.6321 	2.21917e-06 	6.2723e-16
0.187894 	67.523 	2.21917e-06 	6.27238e-16
0.188148 	67.4139 	2.21917e-06 	6.27245e-16
0.188402 	67.3049 	2.21917e-06 	6.27252e-16
0.188657 	67.1958 	2.21917e-06 	6.27259e-16
0.188911 	67.0867 	2.21917e-06 	6.27266e-16
0.189165 	66.9776 	2.21917e-06 	6.27273e-16
0.189419 	66.8686 	2.21917e-06 	6.2728e-16
0.189674 	66.7595 	2.21917e-06 	6.27287e-16
0.189928 	66.6514 	2.14615e-06 	6.07104e-16
0.190182 	66.5459 	2.14615e-06 	6.07111e-16
0.190436 	66.4403 	2.14615e-06 	6.07118e-16
0.190691 	66.3348 	2.14615e-06 	6.07125e-16
0.190945 	66.2293 	2.14615e-06 	6.07131e-16
0.191199 	66.1238 	2.14615e-06 	6.07138e-16
0.191453 	66.0182 	2.14615e-06 	6.07145e-16
0.191708 	65.9127 	2.14615e-06 	6.07152e-16
0.191962 	65.8072 	2.14615e-06 	6.07158e-16
0.192216 	65.7017 	2.14615e-06 	6.07165e-16
0.19247 	65.5968 	2.05789e-06 	5.51995e-16
0.192725 	65.4951 	2.05789e-06 	5.52001e-16
0.192979 	65.3933 	2.05789e-06 	5.52008e-16
0.193233 	65.2915 	2.05789e-06 	5.52014e-16
0.193487 	65.1898 	2.05789e-06 	5.52021e-16
0.193742 	65.088 	2.05789e-06 	5.52027e-16
0.193996 	64.9863 	2.05789e-06 	5.52034e-16
0.19425 	64.8845 	2.05789e-06 	5.5204e-16
0.194505 	64.7827 	2.05789e-06 	5.52047e-16
0.194759 	64.681 	2.05789e-06 	5.52053e-16
0.195013 	64.5796 	1.96873e-06 	5.97402e-16
0.195267 	64.4818 	1.96873e-06 	5.97409e-16
0.195522 	64.384 	1.96873e-06 	5.97415e-16
0.195776 	64.2862 	1.96873e-06 	5.97421e-16
0.19603 	64.1884 	1.96873e-06 	5.97427e-16
0.196284 	64.0906 	1.96873e-06 	5.97434e-16
0.196539 	63.9928 	1.96873e-06 	5.9744e-16
0.196793 	63.895 	1.96873e-06 	5.97446e-16
0.197047 	63.7972 	1.96873e-06 	5.97453e-16
0.197301 	63.6994 	1.96873e-06 	5.97459e-16
0.197556 	63.6016 	1.52752e-06 	-2.98926e-18
0.19781 	63.5079 	1.88052e-06 	5.84457e-16
0.198064 	63.4142 	1.88052e-06 	5.84463e-16
0.198318 	63.3205 	1.88052e-06 	5.84469e-16
0.198573 	63.2268 	1.88052e-06 	5.84475e-16
0.198827 	63.1331 	1.88052e-06 	5.84481e-16
0.199081 	63.0394 	1.88052e-06 	5.84487e-16
0.199335 	62.9457 	1.88052e-06 	5.84493e-16
0.19959 	62.8521 	1.88052e-06 	5.84499e-16
0.199844 	62.7584 	1.88052e-06 	5.84505e-16
0.200098 	62.6647 	1.88052e-06 	5.84511e-16
0.200352 	62.5748 	1.79287e-06 	5.68622e-16
0.200607 	62.4854 	1.79287e-06 	5.68628e-16
0.200861 	62.3959 	1.79287e-06 	5.68634e-16
0.201115 	62.3064 	1.79287e-06 	5.68639e-16
0.201369 	62.217 	1.79287e-06 	5.68645e-16
0.201624 	62.1275 	1.79287e-06 	5.68651e-16
0.201878 	62.038 	1.79287e-06 	5.68657e-16
0.202132 	61.9486 	1.79287e-06 	5.68662e-16
0.202386 	61.8591 	1.79287e-06 	5.68668e-16
0.202641 	61.7696 	1.79287e-06 	5.68674e-16
0.202895 	61.6837 	1.6993e-06 	5.55638e-16
0.203149 	61.5985 	1.6993e-06 	5.55643e-16
0.203403 	61.5133 	1.6993e-06 	5.55649e-16
0.203658 	61.4282 	1.6993e-06 	5.55654e-16
0.203912 	61.343 	1.6993e-06 	5.5566e-16
0.204166 	61.2578 	1.6993e-06 	5.55665e-16
0.20442 	61.1727 	1.6993e-06 	5.55671e-16
0.204675 	61.0875 	1.6993e-06 	5.55676e-16
0.204929 	61.0023 	1.6993e-06 	5.55682e-16
0.205183 	60.9172 	1.6993e-06 	5.55687e-16
0.205437 	60.8352 	1.59798e-06 	5.43831e-16
0.205692 	60.7544 	1.59798e-06 	5.43836e-16
0.205946 	60.6735 	1.59798e-06 	5.43841e-16
0.2062 	60.5927 	1.59798e-06 	5.43847e-16
0.206454 	60.5119 	1.59798e-06 	5.43852e-16
0.206709 	60.4311 	1.59798e-06 	5.43857e-16
0.206963 	60.3503 	1.59798e-06 	5.43862e-16
0.207217 	60.2694 	1.59798e-06 	5.43867e-16
0.207471 	60.1886 	1.59798e-06 	5.43873e-16
0.207726 	60.1078 	1.59798e-06 	5.43878e-16
0.20798 	60.0298 	1.49262e-06 	4.77297e-16
0.208234 	59.9533 	1.49262e-06 	4.77302e-16
0.208488 	59.8769 	1.49262e-06 	4.77307e-16
0.208743 	59.8004 	1.49262e-06 	4.77312e-16
0.208997 	59.724 	1.49262e-06 	4.77317e-16
0.209251 	59.6476 	1.49262e-06 	4.77322e-16
0.209506 	59.5711 	1.49262e-06 	4.77327e-16
0.20976 	59.4947 	1.49262e-06 	4.77332e-16
0.210014 	59.4182 	1.49262e-06 	4.77337e-16
0.210268 	59.3418 	1.49262e-06 	4.77342e-16
0.210523 	59.2678 	1.38516e-06 	5.211e-16
0.210777 	59.1957 	1.38516e-06 	5.21104e-16
0.211031 	59.1237 	1.38516e-06 	5.21109e-16
0.211285 	59.0517 	1.38516e-06 	5.21114e-16
0.21154 	58.9796 	1.38516e-06 	5.21118e-16
0.211794 	58.9076 	1.38516e-06 	5.21123e-16
0.212048 	58.8355 	1.38516e-06 	5.21128e-16
0.212302 	58.7635 	1.38516e-06 	5.21132e-16
0.212557 	58.6915 	1.38516e-06 	5.21137e-16
0.212811 	58.6194 	1.38516e-06 	5.21141e-16
0.213065 	58.5494 	1.2765e-06 	5.10979e-16
0.213319 	58.4818 	1.2765e-06 	5.10984e-16
0.213574 	58.4141 	1.2765e-06 	5.10988e-16
0.213828 	58.3465 	1.2765e-06 	5.10992e-16
0.214082 	58.2788 	1.2765e-06 	5.10997e-16
0.214336 	58.2112 	1.2765e-06 	5.11001e-16
0.214591 	58.1436 	1.2765e-06 	5.11006e-16
0.214845 	58.0759 	1.2765e-06 	5.1101e-16
0.215099 	58.0083 	1.2765e-06 	5.11014e-16
0.215353 	57.9407 	1.2765e-06 	5.11019e-16
0.215608 	57.8746 	1.1675e-06 	5.5342e-16
0.215862 	57.8114 	1.1675e-06 	5.53424e-16
0.216116 	57.7482 	1.1675e-06 	5.53428e-16
0.21637 	57.6849 	1.1675e-06 	5.53432e-16
0.216625 	57.6217 	1.1675e-06 	5.53436e-16
0.216879 	57.5584 	1.1675e-06 	5.5344e-16
0.217133 	57.4952 	1.1675e-06 	5.53444e-16
0.217387 	57.432 	1.1675e-06 	5.53448e-16
0.217642 	57.3687 	1.1675e-06 	5.53452e-16
0.217896 	57.3055 	1.1675e-06 	5.53456e-16
0.21815 	57.2434 	1.05889e-06 	4.92085e-16
0.218404 	57.1846 	1.05889e-06 	4.92089e-16
0.218659 	57.1257 	1.05889e-06 	4.92093e-16
0.218913 	57.0668 	1.05889e-06 	4.92097e-16
0.219167 	57.008 	1.05889e-06 	4.921e-16
0.219421 	56.9491 	1.05889e-06 	4.92104e-16
0.219676 	56.8902 	1.05889e-06 	4.92108e-16
0.21993 	56.8314 	1.05889e-06 	4.92112e-16
0.220184 	56.7725 	1.05889e-06 	4.92115e-16
0.220438 	56.7136 	1.05889e-06 	4.92119e-16
0.220693 	56.6556 	9.51296e-07 	5.51088e-16
0.220947 	56.6011 	9.51296e-07 	5.51092e-16
0.221201 	56.5466 	9.51296e-07 	5.51095e-16
0.221455 	56.492 	9.51296e-07 	5.51099e-16
0.22171 	56.4375 	9.51296e-07 	5.51102e-16
0.221964 	56.383 	9.51296e-07 	5.51106e-16
0.222218 	56.3285 	9.51296e-07 	5.51109e-16
0.222472 	56.274 	9.51296e-07 	5.51113e-16
0.222727 	56.2195 	9.51296e-07 	5.51116e-16
0.222981 	56.165 	9.51296e-07 	5.5112e-16
0.223235 	56.1109 	8.44935e-07 	4.83688e-16
0.223489 	56.0607 	8.44935e-07 	4.83691e-16
0.223744 	56.0105 	8.44935e-07 	4.83694e-16
0.223998 	55.9603 	8.44935e-07 	4.83697e-16
0.224252 	55.9101 	8.44935e-07 	4.83701e-16
0.224507 	55.86 	8.44935e-07 	4.83704e-16
0.224761 	55.8098 	8.44935e-07 	4.83707e-16
0.225015 	55.7596 	8.44935e-07 	4.8371e-16
0.225269 	55.7094 	8.44935e-07 	4.83713e-16
0.225524 	55.6592 	8.44935e-07 	4.83717e-16
0.225778 	55.609 	8.43889e-07 	-2.96937e-18
0.226032 	55.5631 	7.40257e-07 	5.48182e-16
0.226286 	55.5172 	7.40257e-07 	5.48185e-16
0.226541 	55.4713 	7.40257e-07 	5.48188e-16
0.226795 	55.4255 	7.40257e-07 	5.48191e-16
0.227049 	55.3796 	7.40257e-07 	5.48194e-16
0.227303 	55.3337 	7.40257e-07 	5.48197e-16
0.227558 	55.2878 	7.40257e-07 	5.482e-16
0.227812 	55.2419 	7.40257e-07 	5.48202e-16
0.228066 	55.196 	7.40257e-07 	5.48205e-16
0.22832 	55.1501 	7.40257e-07 	5.48208e-16
0.228575 	55.108 	6.38205e-07 	5.90603e-16
0.228829 	55.0664 	6.38205e-07 	5.90606e-16
0.229083 	55.0247 	6.38205e-07 	5.90609e-16
0.229337 	54.9831 	6.38205e-07 	5.90611e-16
0.229592 	54.9414 	6.38205e-07 	5.90614e-16
0.229846 	54.8998 	6.38205e-07 	5.90617e-16
0.2301 	54.8581 	6.38205e-07 	5.90619e-16
0.230354 	54.8165 	6.38205e-07 	5.90622e-16
0.230609 	54.7748 	6.38205e-07 	5.90625e-16
0.230863 	54.7332 	6.38205e-07 	5.90627e-16
0.231117 	54.695 	5.40269e-07 	5.86015e-16
0.231371 	54.6575 	5.40269e-07 	5.86018e-16
0.231626 	54.62 	5.40269e-07 	5.8602e-16
0.23188 	54.5826 	5.40269e-07 	5.86022e-16
0.232134 	54.5451 	5.40269e-07 	5.86025e-16
0.232388 	54.5076 	5.40269e-07 	5.86027e-16
0.232643 	54.4702 	5.40269e-07 	5.8603e-16
0.232897 	54.4327 	5.40269e-07 	5.86032e-16
0.233151 	54.3953 	5.40269e-07 	5.86034e-16
0.233405 	54.3578 	5.40269e-07 	5.86037e-16
0.23366 	54.3233 	4.47131e-07 	5.87077e-16
0.233914 	54.29 	4.47131e-07 	5.87079e-16
0.234168 	54.2566 	4.47131e-07 	5.87081e-16
0.234422 	54.2233 	4.47131e-07 	5.87083e-16
0.234677 	54.1899 	4.47131e-07 	5.87085e-16
0.234931 	54.1566 	4.47131e-07 	5.87088e-16
0.235185 	54.1233 	4.47131e-07 	5.8709e-16
0.235439 	54.0899 	4.47131e-07 	5.87092e-16
0.235694 	54.0566 	4.47131e-07 	5.87094e-16
0.235948 	54.0232 	4.47131e-07 	5.87096e-16
0.236202 	53.9924 	3.60293e-07 	5.88045e-16
0.236456 	53.9631 	3.60293e-07 	5.88047e-16
0.236711 	53.9338 	3.60293e-07 	5.88049e-16
0.236965 	53.9045 	3.60293e-07 	5.88051e-16
0.237219 	53.8752 	3.60293e-07 	5.88053e-16
0.237473 	53.8458 	3.60293e-07 	5.88055e-16
0.237728 	53.8165 	3.60293e-07 	5.88056e-16
0.237982 	53.7872 	3.60293e-07 	5.88058e-16
0.238236 	53.7579 	3.60293e-07 	5.8806e-16
0.23849 	53.7286 	3.60293e-07 	5.88062e-16
0.238745 	53.7014 	2.85042e-07 	5.87984e-16
0.238999 	53.676 	2.85042e-07 	5.87986e-16
0.239253 	53.6505 	2.85042e-07 	5.87988e-16
0.239508 	53.6251 	2.85042e-07 	5.87989e-16
0.239762 	53.5997 	2.85042e-07 	5.87991e-16
0.240016 	53.5743 	2.85042e-07 	5.87993e-16
0.24027 	53.5489 	2.85042e-07 	5.87994e-16
0.240525 	53.5235 	2.85042e-07 	5.87996e-16
0.240779 	53.498 	2.85042e-07 	5.87998e-16
0.241033 	53.4726 	2.85042e-07 	5.87999e-16
0.241287 	53.4489 	2.17205e-07 	5.36176e-16
0.241542 	53.4272 	2.17205e-07 	5.36177e-16
0.241796 	53.4055 	2.17205e-07 	5.36178e-16
0.24205 	53.3838 	2.17205e-07 	5.3618e-16
0.242304 	53.3621 	2.17205e-07 	5.36181e-16
0.242559 	53.3404 	2.17205e-07 	5.36183e-16
0.242813 	53.3187 	2.17205e-07 	5.36184e-16
0.243067 	53.297 	2.17205e-07 	5.36185e-16
0.243321 	53.2754 	2.17205e-07 	5.36187e-16
0.243576 	53.2537 	2.17205e-07 	5.36188e-16
0.24383 	53.2332 	1.5652e-07 	5.30405e-16
0.244084 	53.215 	1.5652e-07 	5.30407e-16
0.244338 	53.1968 	1.5652e-07 	5.30408e-16
0.244593 	53.1785 	1.5652e-07 	5.30409e-16
0.244847 	53.1603 	1.5652e-07 	5.3041e-16
0.245101 	53.1421 	1.5652e-07 	5.30411e-16
0.245355 	53.1239 	1.5652e-07 	5.30412e-16
0.24561 	53.1056 	1.5652e-07 	5.30414e-16
0.245864 	53.0874 	1.5652e-07 	5.30415e-16
0.246118 	53.0692 	1.5652e-07 	5.30416e-16
0.246372 	53.0518 	1.04342e-07 	5.77945e-16
0.246627 	53.0367 	1.04342e-07 	5.77946e-16
0.246881 	53.0216 	1.04342e-07 	5.77947e-16
0.247135 	53.0065 	1.04342e-07 	5.77948e-16
0.247389 	52.9914 	1.04342e-07 	5.77949e-16
0.247644 	52.9763 	1.04342e-07 	5.7795e-16
0.247898 	52.9612 	1.04342e-07 	5.77951e-16
0.248152 	52.9461 	1.04342e-07 	5.77952e-16
0.248406 	52.931 	1.04342e-07 	5.77953e-16
0.248661 	52.916 	1.04342e-07 	5.77954e-16
0.248915 	52.9007 	6.28989e-08 	5.82323e-16
0.249169 	52.8848 	6.28989e-08 	5.82324e-16
0.249423 	52.8689 	6.28989e-08 	5.82325e-16
0.249678 	52.853 	6.28989e-08 	5.82326e-16
0.249932 	52.8372 	6.28989e-08 	5.82327e-16
0.250186 	52.8213 	6.28989e-08 	5.82328e-16
0.25044 	52.8054 	6.28989e-08 	5.82329e-16
0.250695 	52.7895 	6.28989e-08 	5.8233e-16
0.250949 	52.7736 	6.28989e-08 	5.82331e-16
0.251203 	52.7577 	6.28989e-08 	5.82332e-16
0.251457 	52.7424 	3.49012e-08 	5.80433e-16
0.251712 	52.7334 	3.49012e-08 	5.80433e-16
0.251966 	52.7243 	3.49012e-08 	5.80434e-16
0.25222 	52.7152 	3.49012e-08 	5.80434e-16
0.252474 	52.7061 	3.49012e-08 	5.80435e-16
0.252729 	52.697 	3.49012e-08 	5.80436e-16
0.252983 	52.688 	3.49012e-08 	5.80436e-16
0.253237 	52.6789 	3.49012e-08 	5.80437e-16
0.253491 	52.6698 	3.49012e-08 	5.80437e-16
0.253746 	52.6607 	3.49012e-08 	5.80438e-16
0.254 	52.6516 	1.83512e-07 	-2.46084e-18
