0 	31.8886 	-0.0273384 	2.4725e-13
0.000254254 	31.8886 	-0.0273417 	3.46652e-11
0.000508509 	31.8886 	-0.027345 	6.90832e-11
0.000762763 	31.8919 	-0.0275105 	-7.15984e-06
0.00101702 	31.8976 	-0.0277985 	-1.97354e-05
0.00127127 	31.9034 	-0.0280865 	-3.2311e-05
0.00152553 	31.9091 	-0.0283745 	-2.09019e-05
0.00177978 	31.9149 	-0.0286626 	-8.33644e-06
0.00203403 	31.9226 	-0.0289817 	7.20501e-11
0.00228829 	31.9341 	-0.0293622 	3.76024e-11
0.00254254 	31.9456 	-0.0297427 	3.1548e-12
0.0027968 	31.9571 	-0.0295099 	3.12927e-11
0.00305105 	31.9687 	-0.0292153 	6.57404e-11
0.00330531 	31.9815 	-0.0291622 	-4.30599e-06
0.00355956 	31.9957 	-0.0293662 	-1.31932e-05
0.00381381 	32.0099 	-0.0295701 	-2.20803e-05
0.00406807 	32.024 	-0.0297741 	-1.56569e-05
0.00432232 	32.0382 	-0.029978 	-6.78587e-06
0.00457658 	32.0529 	-0.030267 	7.5159e-11
0.00483083 	32.0697 	-0.0308325 	4.07322e-11
0.00508509 	32.0865 	-0.0313981 	6.30546e-12
0.00533934 	32.1034 	-0.0313398 	2.87712e-11
0.00559359 	32.1203 	-0.0311418 	6.39938e-11
0.00584785 	32.1374 	-0.0311984 	-7.59715e-06
0.0061021 	32.1546 	-0.031627 	-2.62892e-05
0.00635636 	32.1719 	-0.0320555 	-4.49813e-05
0.00661061 	32.1891 	-0.0324841 	-3.49205e-05
0.00686486 	32.2063 	-0.0329127 	-1.6285e-05
0.00711912 	32.2236 	-0.033384 	8.00401e-11
0.00737337 	32.2412 	-0.0341516 	4.48531e-11
0.00762763 	32.2588 	-0.0349191 	9.66608e-12
0.00788188 	32.2766 	-0.035033 	2.55191e-11
0.00813614 	32.2944 	-0.0348993 	6.07038e-11
0.00839039 	32.3124 	-0.0350194 	-9.11368e-06
0.00864464 	32.3307 	-0.035641 	-3.62337e-05
0.0088989 	32.349 	-0.0362625 	-6.33536e-05
0.00915315 	32.3672 	-0.0368841 	-5.37552e-05
0.00940741 	32.3855 	-0.0375057 	-2.67499e-05
0.00966166 	32.4038 	-0.0381305 	8.31372e-11
0.00991592 	32.4225 	-0.0390899 	4.80022e-11
0.0101702 	32.4413 	-0.0400493 	1.28672e-11
0.0104244 	32.4602 	-0.040324 	2.27637e-11
0.0106787 	32.4793 	-0.0402029 	5.86814e-11
0.0109329 	32.4987 	-0.0403246 	-9.14642e-06
0.0111872 	32.5188 	-0.0410914 	-4.26035e-05
0.0114414 	32.5389 	-0.0418582 	-7.60605e-05
0.0116957 	32.5591 	-0.042625 	-7.03783e-05
0.0119499 	32.5792 	-0.0433918 	-3.71029e-05
0.0122042 	32.5993 	-0.0441586 	-3.82749e-06
0.0124585 	32.6204 	-0.0452546 	5.2262e-11
0.0127127 	32.6416 	-0.0463935 	1.64094e-11
0.012967 	32.663 	-0.0468326 	1.98291e-11
0.0132212 	32.6845 	-0.0466811 	5.63936e-11
0.0134755 	32.7065 	-0.0467531 	-8.30795e-06
0.0137297 	32.7295 	-0.0476249 	-4.634e-05
0.013984 	32.7526 	-0.0484968 	-8.43721e-05
0.0142382 	32.7756 	-0.0493686 	-8.49059e-05
0.0144925 	32.7987 	-0.0502404 	-4.71257e-05
0.0147467 	32.8217 	-0.0511123 	-9.3456e-06
0.015001 	32.8459 	-0.052312 	5.65169e-11
0.0152553 	32.8704 	-0.0536196 	2.00333e-11
0.0155095 	32.8952 	-0.0542413 	1.65058e-11
0.0157638 	32.9201 	-0.0540278 	5.31128e-11
0.016018 	32.9454 	-0.0540131 	-7.07692e-06
0.0162723 	32.9721 	-0.0549607 	-4.83927e-05
0.0165265 	32.9988 	-0.0559082 	-8.97084e-05
0.0167808 	33.0254 	-0.0568557 	-9.78758e-05
0.017035 	33.0521 	-0.0578033 	-5.6883e-05
0.0172893 	33.0788 	-0.0587508 	-1.58902e-05
0.0175435 	33.1065 	-0.0600172 	5.98952e-11
0.0177978 	33.1349 	-0.0614853 	2.33838e-11
0.0180521 	33.1634 	-0.0623187 	1.31745e-11
0.0183063 	33.1923 	-0.0620214 	4.98167e-11
0.0185606 	33.2213 	-0.0618959 	-5.77096e-06
0.0188148 	33.252 	-0.0628996 	-4.95069e-05
0.0190691 	33.2827 	-0.0639033 	-9.32429e-05
0.0193233 	33.3134 	-0.064907 	-0.000109911
0.0195776 	33.344 	-0.0659108 	-6.65691e-05
0.0198318 	33.3747 	-0.0669145 	-2.32267e-05
0.0200861 	33.4062 	-0.0682061 	6.3263e-11
0.0203403 	33.4387 	-0.0698302 	2.67311e-11
0.0205946 	33.4713 	-0.0709124 	9.8506e-12
0.0208488 	33.5042 	-0.070517 	4.65687e-11
0.0211031 	33.5374 	-0.0702666 	-4.58559e-06
0.0213574 	33.5723 	-0.0713149 	-5.02221e-05
0.0216116 	33.6072 	-0.0723632 	-9.58586e-05
0.0218659 	33.6421 	-0.0734115 	-0.000121613
0.0221201 	33.677 	-0.0744597 	-7.64409e-05
0.0223744 	33.7119 	-0.075508 	-3.12689e-05
0.0226286 	33.7474 	-0.076781 	6.67055e-11
0.0228829 	33.7841 	-0.0785594 	3.01124e-11
0.0231371 	33.821 	-0.0799336 	6.52256e-12
0.0233914 	33.8583 	-0.0794301 	4.33531e-11
0.0236456 	33.8958 	-0.079049 	-3.63737e-06
0.0238999 	33.9351 	-0.0801361 	-5.09128e-05
0.0241542 	33.9744 	-0.0812232 	-9.81883e-05
0.0244084 	34.0137 	-0.0823103 	-0.000133519
0.0246627 	34.053 	-0.0833974 	-8.67805e-05
0.0249169 	34.0923 	-0.0844845 	-4.00415e-05
0.0251712 	34.1319 	-0.085693 	7.02254e-11
0.0254254 	34.1732 	-0.0876274 	3.35347e-11
0.0256797 	34.2145 	-0.0893419 	3.1807e-12
0.0259339 	34.2563 	-0.088719 	4.01594e-11
0.0261882 	34.2983 	-0.0882034 	-3.0011e-06
0.0264424 	34.3422 	-0.0893289 	-5.18849e-05
0.0266967 	34.3861 	-0.0904544 	-0.000100769
0.026951 	34.43 	-0.0915798 	-0.000146238
0.0272052 	34.4739 	-0.0927053 	-9.79658e-05
0.0274595 	34.5178 	-0.0938308 	-4.96934e-05
0.0277137 	34.5617 	-0.0949563 	-1.4211e-06
0.027968 	34.6075 	-0.0970284 	3.70064e-11
0.0282222 	34.6535 	-0.0991292 	1.8255e-13
0.0284765 	34.7 	-0.0983692 	3.69773e-11
0.0287307 	34.7466 	-0.0976996 	-2.72605e-06
0.028985 	34.7953 	-0.0988658 	-5.3294e-05
0.0292392 	34.844 	-0.100032 	-0.000103862
0.0294935 	34.8926 	-0.101198 	-0.00015443
0.0297477 	34.9413 	-0.102364 	-0.000110255
0.030002 	34.99 	-0.10353 	-6.03775e-05
0.0302563 	35.0386 	-0.104697 	-1.05002e-05
0.0305105 	35.089 	-0.106759 	4.05362e-11
0.0307648 	35.1398 	-0.10906 	3.54441e-12
0.031019 	35.1911 	-0.108384 	3.43668e-11
0.0312733 	35.2426 	-0.107512 	-2.84898e-06
0.0315275 	35.2962 	-0.108719 	-5.50634e-05
0.0317818 	35.3498 	-0.109926 	-0.000107278
0.032036 	35.4034 	-0.111133 	-0.000159492
0.0322903 	35.4571 	-0.11234 	-0.000123463
0.0325445 	35.5107 	-0.113547 	-7.20213e-05
0.0327988 	35.5643 	-0.114754 	-2.05794e-05
0.0330531 	35.6193 	-0.116776 	4.48758e-11
0.0333073 	35.6751 	-0.119341 	7.05543e-12
0.0335616 	35.7314 	-0.118809 	3.06022e-11
0.0338158 	35.7879 	-0.117723 	-3.40766e-06
0.0340701 	35.8467 	-0.118968 	-5.71281e-05
0.0343243 	35.9055 	-0.120214 	-0.000110849
0.0345786 	35.9642 	-0.121459 	-0.000164569
0.0348328 	36.023 	-0.122704 	-0.000137351
0.0350871 	36.0817 	-0.12395 	-8.44858e-05
0.0353413 	36.1405 	-0.125195 	-3.16205e-05
0.0355956 	36.2002 	-0.127089 	4.77908e-11
0.0358498 	36.2612 	-0.129949 	1.0371e-11
0.0361041 	36.3227 	-0.129651 	2.7769e-11
0.0363584 	36.3846 	-0.128366 	-4.4418e-06
0.0366126 	36.4486 	-0.129648 	-5.95524e-05
0.0368669 	36.5127 	-0.130929 	-0.000114663
0.0371211 	36.5768 	-0.132211 	-0.000169774
0.0373754 	36.6409 	-0.133492 	-0.000151946
0.0376296 	36.705 	-0.134774 	-9.77734e-05
0.0378839 	36.7691 	-0.136056 	-4.3601e-05
0.0381381 	36.8337 	-0.137705 	5.22387e-11
0.0383924 	36.9001 	-0.14087 	1.40416e-11
0.0386466 	36.967 	-0.14092 	2.48674e-11
0.0389009 	37.0344 	-0.139487 	-5.9865e-06
0.0391552 	37.104 	-0.140803 	-6.23894e-05
0.0394094 	37.1736 	-0.142119 	-0.000118792
0.0396637 	37.2433 	-0.143434 	-0.000175195
0.0399179 	37.3129 	-0.14475 	-0.00016727
0.0401722 	37.3825 	-0.146066 	-0.000111889
0.0404264 	37.4521 	-0.147382 	-5.65078e-05
0.0406807 	37.5218 	-0.148698 	-1.12657e-06
0.0409349 	37.5938 	-0.152106 	1.78977e-11
0.0411892 	37.6663 	-0.152601 	2.19617e-11
0.0414434 	37.7394 	-0.151068 	-8.07718e-06
0.0416977 	37.8148 	-0.152417 	-6.5723e-05
0.041952 	37.8902 	-0.153767 	-0.000123369
0.0422062 	37.9656 	-0.155116 	-0.000181015
0.0424605 	38.0409 	-0.156465 	-0.000183455
0.0427147 	38.1163 	-0.157815 	-0.000126915
0.042969 	38.1917 	-0.159164 	-7.03746e-05
0.0432232 	38.2671 	-0.160513 	-1.38346e-05
0.0434775 	38.3444 	-0.163659 	2.20634e-11
0.0437317 	38.4227 	-0.164689 	1.84683e-11
0.043986 	38.5018 	-0.16311 	-1.07516e-05
0.0442402 	38.5832 	-0.164493 	-6.96319e-05
0.0444945 	38.6646 	-0.165875 	-0.000128512
0.0447487 	38.7459 	-0.167258 	-0.000187392
0.045003 	38.8273 	-0.168641 	-0.00020064
0.0452573 	38.9087 	-0.170024 	-0.000142951
0.0455115 	38.99 	-0.171407 	-8.52619e-05
0.0457658 	39.0714 	-0.172789 	-2.75727e-05
0.04602 	39.1541 	-0.175539 	2.59026e-11
0.0462743 	39.2384 	-0.177194 	1.46724e-11
0.0465285 	39.3238 	-0.175625 	-1.40348e-05
0.0467828 	39.4114 	-0.17704 	-7.40994e-05
0.047037 	39.499 	-0.178456 	-0.000134164
0.0472913 	39.5866 	-0.179871 	-0.000194229
0.0475455 	39.6742 	-0.181287 	-0.000218706
0.0477998 	39.7618 	-0.182702 	-0.000159917
0.0480541 	39.8494 	-0.184118 	-0.000101129
0.0483083 	39.937 	-0.185533 	-4.23402e-05
0.0485626 	40.0253 	-0.187747 	2.93064e-11
0.0488168 	40.1159 	-0.190116 	1.10035e-11
0.0490711 	40.2078 	-0.18862 	-1.7937e-05
0.0493253 	40.3019 	-0.190066 	-7.90857e-05
0.0495796 	40.396 	-0.191512 	-0.000140234
0.0498338 	40.49 	-0.192958 	-0.000201383
0.0500881 	40.5841 	-0.194404 	-0.000237454
0.0503423 	40.6781 	-0.195851 	-0.000177665
0.0505966 	40.7722 	-0.197297 	-0.000117875
0.0508509 	40.8662 	-0.198743 	-5.80863e-05
0.0511051 	40.9604 	-0.200277 	3.28309e-11
0.0513594 	41.0574 	-0.203448 	7.46839e-12
0.0516136 	41.1562 	-0.20209 	-2.24489e-05
0.0518679 	41.257 	-0.203564 	-8.45231e-05
0.0521221 	41.3578 	-0.205038 	-0.000146597
0.0523764 	41.4586 	-0.206511 	-0.000208672
0.0526306 	41.5593 	-0.207985 	-0.000256601
0.0528849 	41.6601 	-0.209459 	-0.000195966
0.0531391 	41.7609 	-0.210932 	-0.000135331
0.0533934 	41.8616 	-0.212406 	-7.46958e-05
0.0536476 	41.9624 	-0.213879 	-1.40607e-05
0.0539019 	42.0655 	-0.217168 	3.79024e-12
0.0541562 	42.1715 	-0.216022 	-2.75313e-05
0.0544104 	42.2792 	-0.217518 	-9.03025e-05
0.0546647 	42.387 	-0.219014 	-0.000153074
0.0549189 	42.4947 	-0.22051 	-0.000215845
0.0551732 	42.6025 	-0.222006 	-0.000275745
0.0554274 	42.7102 	-0.223503 	-0.000214486
0.0556817 	42.818 	-0.224999 	-0.000153227
0.0559359 	42.9257 	-0.226495 	-9.19688e-05
0.0561902 	43.0335 	-0.227991 	-3.07101e-05
0.0564444 	43.1427 	-0.231242 	1.38807e-13
0.0566987 	43.2561 	-0.230382 	-3.3106e-05
0.056953 	43.3711 	-0.231894 	-9.62654e-05
0.0572072 	43.4861 	-0.233406 	-0.000159425
0.0574615 	43.6011 	-0.234918 	-0.000222584
0.0577157 	43.716 	-0.236431 	-0.000285744
0.05797 	43.831 	-0.237943 	-0.000232768
0.0582242 	43.946 	-0.239455 	-0.000171185
0.0584785 	44.061 	-0.240967 	-0.000109602
0.0587327 	44.1759 	-0.242479 	-4.80194e-05
0.058987 	44.2916 	-0.244835 	3.52317e-12
0.0592412 	44.4127 	-0.245125 	-3.91392e-05
0.0594955 	44.5351 	-0.246648 	-0.000102442
0.0597497 	44.6576 	-0.248171 	-0.000165746
0.060004 	44.7801 	-0.249694 	-0.000229049
0.0602583 	44.9025 	-0.251217 	-0.000292352
0.0605125 	45.025 	-0.25274 	-0.000250822
0.0607668 	45.1474 	-0.254263 	-0.000189151
0.061021 	45.2699 	-0.255786 	-0.00012748
0.0612753 	45.3923 	-0.25731 	-6.58084e-05
0.0615295 	45.5148 	-0.258833 	-4.1372e-06
0.0617838 	45.6436 	-0.260224 	-4.56138e-05
0.062038 	45.7738 	-0.261754 	-0.000108892
0.0622923 	45.904 	-0.263284 	-0.000172171
0.0625465 	46.0341 	-0.264815 	-0.000235449
0.0628008 	46.1643 	-0.266345 	-0.000298728
0.0630551 	46.2944 	-0.267779 	-0.000267681
0.0633093 	46.4245 	-0.269129 	-0.000204044
0.0635636 	46.5546 	-0.270479 	-0.000140407
0.0638178 	46.6846 	-0.271828 	-7.67697e-05
0.0640721 	46.8147 	-0.273178 	-1.31326e-05
0.0643263 	46.9506 	-0.274598 	-4.13299e-05
0.0645806 	47.0886 	-0.275939 	-0.000102402
0.0648348 	47.2267 	-0.27728 	-0.000163474
0.0650891 	47.3647 	-0.278622 	-0.000224546
0.0653433 	47.5027 	-0.279963 	-0.000285619
0.0655976 	47.6407 	-0.281304 	-0.000264712
0.0658519 	47.7787 	-0.282645 	-0.000201234
0.0661061 	47.9167 	-0.283986 	-0.000137755
0.0663604 	48.0548 	-0.285327 	-7.42765e-05
0.0666146 	48.1928 	-0.286668 	-1.0798e-05
0.0668689 	48.3361 	-0.288257 	-2.8229e-05
0.0671231 	48.4822 	-0.289604 	-8.97355e-05
0.0673774 	48.6284 	-0.290952 	-0.000151242
0.0676316 	48.7746 	-0.292299 	-0.000212748
0.0678859 	48.9208 	-0.293647 	-0.000274255
0.0681401 	49.067 	-0.294995 	-0.000264211
0.0683944 	49.2132 	-0.296342 	-0.000200224
0.0686486 	49.3594 	-0.29769 	-0.000136237
0.0689029 	49.5056 	-0.299037 	-7.22495e-05
0.0691572 	49.6518 	-0.300385 	-8.26245e-06
0.0694114 	49.8027 	-0.302194 	-1.46289e-05
0.0696657 	49.9573 	-0.303549 	-7.65154e-05
0.0699199 	50.1119 	-0.304903 	-0.000138402
0.0701742 	50.2665 	-0.306258 	-0.000200288
0.0704284 	50.4211 	-0.307612 	-0.000262175
0.0706827 	50.5757 	-0.308967 	-0.000263121
0.0709369 	50.7303 	-0.310321 	-0.000198689
0.0711912 	50.8849 	-0.311676 	-0.000134256
0.0714454 	51.0395 	-0.313031 	-6.9824e-05
0.0716997 	51.1941 	-0.314385 	-5.39152e-06
0.071954 	51.3527 	-0.31645 	-5.61049e-07
0.0722082 	51.5159 	-0.317775 	-6.11639e-05
0.0724625 	51.6791 	-0.3191 	-0.000121767
0.0727167 	51.8423 	-0.320425 	-0.000182369
0.072971 	52.0055 	-0.321749 	-0.000242972
0.0732252 	52.1686 	-0.323074 	-0.000254697
0.0734795 	52.3318 	-0.324399 	-0.000191561
0.0737337 	52.495 	-0.325724 	-0.000128424
0.073988 	52.6582 	-0.327049 	-6.52874e-05
0.0742422 	52.8214 	-0.328374 	-2.15071e-06
0.0744965 	52.9887 	-0.330575 	6.28851e-05
0.0747508 	53.1598 	-0.331975 	-4.50657e-05
0.075005 	53.3317 	-0.333241 	-0.000102998
0.0752593 	53.5036 	-0.334506 	-0.000160931
0.0755135 	53.6755 	-0.335772 	-0.000218863
0.0757678 	53.8473 	-0.337038 	-0.000240371
0.076022 	54.0192 	-0.338304 	-0.000179987
0.0762763 	54.1911 	-0.339569 	-0.000119602
0.0765305 	54.363 	-0.340835 	-5.92173e-05
0.0767848 	54.535 	-0.342106 	6.11243e-06
0.077039 	54.7109 	-0.344005 	0.00014008
0.0772933 	54.8899 	-0.345925 	-2.89219e-05
0.0775475 	55.0705 	-0.347089 	-8.22133e-05
0.0778018 	55.2511 	-0.348254 	-0.000135505
0.0780561 	55.4316 	-0.349418 	-0.000188796
0.0783103 	55.6122 	-0.350582 	-0.000218038
0.0785646 	55.7928 	-0.351747 	-0.000162472
0.0788188 	55.9733 	-0.352911 	-0.000106906
0.0790731 	56.1539 	-0.354076 	-5.13401e-05
0.0793273 	56.3347 	-0.355172 	2.57517e-05
0.0795816 	56.5192 	-0.35617 	0.000228221
0.0798358 	56.706 	-0.359174 	-1.42104e-05
0.0800901 	56.8951 	-0.360195 	-6.09283e-05
0.0803443 	57.0842 	-0.361216 	-0.000107646
0.0805986 	57.2733 	-0.362237 	-0.000154364
0.0808529 	57.4625 	-0.363258 	-0.000188274
0.0811071 	57.6516 	-0.36428 	-0.000139555
0.0813614 	57.8407 	-0.365301 	-9.08353e-05
0.0816156 	58.0298 	-0.366322 	-4.21159e-05
0.0818699 	58.2194 	-0.36705 	4.8117e-05
0.0821241 	58.4122 	-0.366607 	0.000322223
0.0823784 	58.6065 	-0.371247 	-2.45272e-06
0.0826326 	58.804 	-0.3721 	-4.14642e-05
0.0828869 	59.0014 	-0.372954 	-8.04756e-05
0.0831411 	59.1989 	-0.373808 	-0.000119487
0.0833954 	59.3963 	-0.374661 	-0.000154703
0.0836496 	59.5938 	-0.375515 	-0.000114022
0.0839039 	59.7912 	-0.376368 	-7.33414e-05
0.0841582 	59.9887 	-0.377222 	-3.26606e-05
0.0844124 	60.1868 	-0.377392 	7.2223e-05
0.0846667 	60.3877 	-0.375005 	0.000418906
0.0849209 	60.59 	-0.380725 	6.40508e-05
0.0851752 	60.7949 	-0.382355 	-2.72457e-05
0.0854294 	61.0004 	-0.383084 	-6.04924e-05
0.0856837 	61.2059 	-0.383814 	-9.37391e-05
0.0859379 	61.4114 	-0.384543 	-0.000126986
0.0861922 	61.6169 	-0.385273 	-9.49649e-05
0.0864464 	61.8224 	-0.386002 	-6.03046e-05
0.0867007 	62.0279 	-0.386732 	-2.56442e-05
0.086955 	62.2342 	-0.386269 	9.81733e-05
0.0872092 	62.4431 	-0.382417 	0.00047558
0.0874635 	62.653 	-0.388201 	0.000155463
0.0877177 	62.8648 	-0.39128 	-1.60189e-05
0.087972 	63.078 	-0.391893 	-4.38845e-05
0.0882262 	63.2911 	-0.392505 	-7.175e-05
0.0884805 	63.5042 	-0.393118 	-9.96155e-05
0.0887347 	63.7173 	-0.39373 	-7.77116e-05
0.088989 	63.9305 	-0.394343 	-4.86757e-05
0.0892432 	64.1436 	-0.394955 	-1.96399e-05
0.0894975 	64.3578 	-0.393761 	0.000126172
0.0897518 	64.5742 	-0.38879 	0.000516076
0.090006 	64.7913 	-0.393819 	0.000253275
0.0902603 	65.0096 	-0.39849 	-5.54638e-06
0.0905145 	65.2298 	-0.398851 	-2.23584e-05
0.0907688 	65.45 	-0.399212 	-3.91704e-05
0.091023 	65.6702 	-0.399573 	-5.59825e-05
0.0912773 	65.8904 	-0.399934 	-4.57478e-05
0.0915315 	66.1106 	-0.400295 	-2.82429e-05
0.0917858 	66.3308 	-0.400656 	-1.07379e-05
0.09204 	66.5522 	-0.398548 	0.000153418
0.0922943 	66.7754 	-0.39252 	0.000550288
0.0925485 	66.9992 	-0.396292 	0.000351994
0.0928028 	67.2234 	-0.402554 	-2.60031e-07
0.0930571 	67.4499 	-0.402599 	-3.29593e-06
0.0933113 	67.6765 	-0.402643 	-6.33184e-06
0.0935656 	67.903 	-0.402688 	-9.36774e-06
0.0938198 	68.1295 	-0.402733 	-8.05874e-06
0.0940741 	68.356 	-0.402778 	-4.90096e-06
0.0943283 	68.5825 	-0.402822 	-1.74317e-06
0.0945826 	68.8102 	-0.399754 	0.00017757
0.0948368 	69.0393 	-0.392848 	0.000573987
0.0950911 	69.2689 	-0.395133 	0.00044516
0.0953453 	69.4987 	-0.401899 	6.02736e-05
0.0955996 	69.7301 	-0.402728 	9.13613e-06
0.0958539 	69.9618 	-0.402455 	1.99685e-05
0.0961081 	70.1935 	-0.402182 	3.08008e-05
0.0963624 	70.4253 	-0.401909 	2.80584e-05
0.0966166 	70.657 	-0.401636 	1.6806e-05
0.0968709 	70.8887 	-0.401363 	5.55359e-06
0.0971251 	71.1216 	-0.397306 	0.000198832
0.0973794 	71.3554 	-0.389562 	0.000591417
0.0976336 	71.5896 	-0.390181 	0.000532568
0.0978879 	71.8238 	-0.396778 	0.000150977
0.0981421 	72.0589 	-0.399007 	1.59645e-05
0.0983964 	72.2944 	-0.398377 	4.23802e-05
0.0986507 	72.5299 	-0.397747 	6.8796e-05
0.0989049 	72.7654 	-0.397117 	6.68237e-05
0.0991592 	73.0009 	-0.396487 	3.94278e-05
0.0994134 	73.2365 	-0.395857 	1.20319e-05
0.0996677 	73.4728 	-0.390759 	0.000215808
0.0999219 	73.7097 	-0.38216 	0.000600618
0.100176 	73.9468 	-0.380948 	0.000610507
0.10043 	74.184 	-0.38731 	0.00023597
0.100685 	74.4213 	-0.39094 	1.61176e-05
0.100939 	74.6588 	-0.389918 	5.96821e-05
0.101193 	74.8963 	-0.388896 	0.000103247
0.101447 	75.1338 	-0.387874 	0.000107795
0.101702 	75.3713 	-0.386851 	6.2701e-05
0.101956 	75.6088 	-0.385829 	1.7607e-05
0.10221 	75.8466 	-0.379699 	0.000224983
0.102464 	76.0846 	-0.370298 	0.000594079
0.102719 	76.3226 	-0.367195 	0.000668613
0.102973 	76.5606 	-0.373378 	0.0003088
0.103227 	76.7986 	-0.378499 	7.97809e-06
0.103481 	77.0359 	-0.377189 	6.425e-05
0.103736 	77.2733 	-0.375879 	0.000120522
0.10399 	77.5106 	-0.374569 	0.000136508
0.104244 	77.7479 	-0.373259 	7.83914e-05
0.104498 	77.9852 	-0.371949 	2.02745e-05
0.104753 	78.2222 	-0.364898 	0.000230507
0.105007 	78.4589 	-0.354773 	0.000584509
0.105261 	78.6956 	-0.349782 	0.000718648
0.105516 	78.9323 	-0.355998 	0.000372918
0.10577 	79.169 	-0.362215 	2.71877e-05
0.106024 	79.4038 	-0.361156 	6.69147e-05
0.106278 	79.6386 	-0.359477 	0.00013954
0.106533 	79.8733 	-0.357797 	0.00017327
0.106787 	80.1081 	-0.356118 	9.8455e-05
0.107041 	80.3428 	-0.354438 	2.36397e-05
0.107295 	80.5763 	-0.346273 	0.000227464
0.10755 	80.8093 	-0.335112 	0.00056
0.107804 	81.0422 	-0.327803 	0.000745137
0.108058 	81.2749 	-0.333836 	0.000419699
0.108312 	81.5077 	-0.339869 	9.42617e-05
0.108567 	81.7382 	-0.34015 	6.36419e-05
0.108821 	81.9678 	-0.338086 	0.000153233
0.109075 	82.1973 	-0.336021 	0.000211057
0.109329 	82.4269 	-0.333957 	0.000119029
0.109584 	82.6564 	-0.331893 	2.70008e-05
0.109838 	82.8838 	-0.322842 	0.000213294
0.110092 	83.1103 	-0.310891 	0.000515151
0.110346 	83.3368 	-0.301355 	0.000737163
0.110601 	83.5629 	-0.307496 	0.00044107
0.110855 	83.789 	-0.313637 	0.000144976
0.111109 	84.0128 	-0.315464 	5.14005e-05
0.111363 	84.2344 	-0.313152 	0.000152112
0.111618 	84.456 	-0.310841 	0.000235401
0.111872 	84.6775 	-0.308529 	0.000132277
0.112126 	84.8991 	-0.306218 	2.91525e-05
0.11238 	85.1175 	-0.296322 	0.000196666
0.112635 	85.3346 	-0.283438 	0.000470839
0.112889 	85.5517 	-0.271372 	0.000721765
0.113143 	85.7683 	-0.277603 	0.00045215
0.113397 	85.9849 	-0.283834 	0.000182535
0.113652 	86.1995 	-0.287183 	3.79283e-05
0.113906 	86.41 	-0.284494 	0.000155359
0.11416 	86.6204 	-0.281805 	0.000272791
0.114414 	86.8309 	-0.279116 	0.000154028
0.114669 	87.0414 	-0.276426 	3.41959e-05
0.114923 	87.2476 	-0.26563 	0.00017304
0.115177 	87.452 	-0.251596 	0.000415177
0.115431 	87.6565 	-0.237562 	0.000657314
0.115686 	87.8603 	-0.242948 	0.000441789
0.11594 	88.0641 	-0.249319 	0.00020303
0.116194 	88.2668 	-0.254284 	1.98373e-05
0.116448 	88.4628 	-0.251253 	0.000152397
0.116703 	88.6589 	-0.248221 	0.000284956
0.116957 	88.8549 	-0.24519 	0.000175581
0.117211 	89.051 	-0.242159 	4.08086e-05
0.117465 	89.2417 	-0.230615 	0.000147185
0.11772 	89.4302 	-0.215375 	0.000358293
0.117974 	89.6186 	-0.200135 	0.0005694
0.118228 	89.8063 	-0.203693 	0.000419267
0.118482 	89.9938 	-0.210302 	0.000210503
0.118737 	90.1813 	-0.216912 	1.73841e-06
0.118991 	90.3596 	-0.213767 	0.000140038
0.119245 	90.5377 	-0.21054 	0.000281251
0.119499 	90.7159 	-0.207313 	0.000191094
0.119754 	90.8941 	-0.204086 	4.80805e-05
0.120008 	91.0662 	-0.192223 	0.000124743
0.120262 	91.2351 	-0.175985 	0.000312664
0.120517 	91.4041 	-0.159748 	0.000500585
0.120771 	91.5721 	-0.16135 	0.000400727
0.121025 	91.7399 	-0.168317 	0.000214328
0.121279 	91.9077 	-0.175284 	2.79295e-05
0.121534 	92.0663 	-0.173481 	0.000124568
0.121788 	92.2233 	-0.170133 	0.000271091
0.122042 	92.3802 	-0.166784 	0.00020492
0.122296 	92.5371 	-0.163436 	5.71291e-05
0.122551 	92.6875 	-0.151727 	0.000102071
0.122805 	92.8336 	-0.134749 	0.00026846
0.123059 	92.9797 	-0.117771 	0.000434849
0.123313 	93.125 	-0.117321 	0.000376491
0.123568 	93.2699 	-0.124755 	0.000210934
0.123822 	93.4148 	-0.132189 	4.53781e-05
0.124076 	93.5508 	-0.131823 	0.0001051
0.12433 	93.6835 	-0.128512 	0.000249883
0.124585 	93.8163 	-0.125201 	0.000211531
0.124839 	93.949 	-0.121891 	6.60933e-05
0.125093 	94.0751 	-0.11092 	8.04848e-05
0.125347 	94.1957 	-0.0935691 	0.000228012
0.125602 	94.3162 	-0.0762182 	0.000375539
0.125856 	94.436 	-0.0737622 	0.000350585
0.12611 	94.5553 	-0.0818649 	0.00020336
0.126364 	94.6746 	-0.0899676 	5.6136e-05
0.126619 	94.7858 	-0.0911443 	8.35504e-05
0.126873 	94.892 	-0.0880527 	0.000218591
0.127127 	94.9983 	-0.0849611 	0.000207946
0.127381 	95.1045 	-0.0818695 	7.27892e-05
0.127636 	95.2047 	-0.0721605 	6.19954e-05
0.12789 	95.2979 	-0.0547284 	0.000196344
0.128144 	95.391 	-0.0372963 	0.000330693
0.128398 	95.4836 	-0.032853 	0.000332507
0.128653 	95.5755 	-0.041756 	0.000198138
0.128907 	95.6674 	-0.050659 	6.37697e-05
0.129161 	95.7522 	-0.0534323 	6.33409e-05
0.129415 	95.8308 	-0.0506688 	0.000183895
0.12967 	95.9093 	-0.0479053 	0.000196684
0.129924 	95.9878 	-0.0451418 	7.62828e-05
0.130178 	96.0614 	-0.0370622 	4.57282e-05
0.130432 	96.1264 	-0.0197911 	0.000170521
0.130687 	96.1915 	-0.00251991 	0.000295314
0.130941 	96.2561 	0.00390368 	0.000319892
0.131195 	96.32 	-0.00586185 	0.00019491
0.131449 	96.384 	-0.0156274 	6.99268e-05
0.131704 	96.4421 	-0.0200482 	4.54155e-05
0.131958 	96.4928 	-0.0176809 	0.000148512
0.132212 	96.5436 	-0.0153135 	0.000178455
0.132466 	96.5943 	-0.0129461 	7.56392e-05
0.132721 	96.6415 	-0.00672614 	3.11242e-05
0.132975 	96.679 	0.0102166 	0.000148874
0.133229 	96.7165 	0.0271593 	0.000266624
0.133483 	96.7536 	0.0355968 	0.000311459
0.133738 	96.7902 	0.0250337 	0.000193402
0.133992 	96.8267 	0.0144706 	7.53443e-05
0.134246 	96.8587 	0.00844473 	3.10757e-05
0.134501 	96.8826 	0.0104224 	0.000116966
0.134755 	96.9065 	0.0124 	0.000157718
0.135009 	96.9304 	0.0143776 	7.218e-05
0.135263 	96.9524 	0.0186215 	1.71297e-05
0.135518 	96.9637 	0.035111 	0.000126817
0.135772 	96.9749 	0.0516005 	0.000236504
0.136026 	96.9861 	0.0620426 	0.000298454
0.13628 	96.9966 	0.0506901 	0.000188366
0.136535 	97.0072 	0.0393376 	7.82776e-05
0.136789 	97.0143 	0.0317362 	2.0357e-05
0.137043 	97.0131 	0.0333653 	9.08059e-05
0.137297 	97.0119 	0.0349944 	0.000137174
0.137552 	97.0108 	0.0366235 	6.71096e-05
0.137806 	97.0091 	0.0388653 	4.24388e-06
0.13806 	96.9961 	0.0550215 	0.000104855
0.138314 	96.9831 	0.0711777 	0.000205465
0.138569 	96.9701 	0.0838107 	0.000280823
0.138823 	96.9566 	0.0718269 	0.000179742
0.139077 	96.9431 	0.059843 	7.86601e-05
0.139331 	96.9272 	0.050816 	1.28318e-05
0.139586 	96.9029 	0.052162 	7.06791e-05
0.13984 	96.8787 	0.053508 	0.000119363
0.140094 	96.8544 	0.0548541 	6.19067e-05
0.140348 	96.8302 	0.0562001 	4.45054e-06
0.140603 	96.796 	0.0710216 	8.68986e-05
0.140857 	96.7609 	0.0869745 	0.000181093
0.141111 	96.7259 	0.101985 	0.000269012
0.141365 	96.6905 	0.089572 	0.000174284
0.14162 	96.655 	0.0771587 	7.95555e-05
0.141874 	96.618 	0.0669237 	8.11091e-06
0.142128 	96.5729 	0.06811 	5.87475e-05
0.142382 	96.5277 	0.0692963 	0.000109384
0.142637 	96.4825 	0.0704827 	6.04027e-05
0.142891 	96.4374 	0.071669 	1.01723e-05
0.143145 	96.3844 	0.0845825 	7.07227e-05
0.143399 	96.3295 	0.100474 	0.000159404
0.143654 	96.2747 	0.116365 	0.000248085
0.143908 	96.2195 	0.105377 	0.000169273
0.144162 	96.1643 	0.0927109 	8.00043e-05
0.144416 	96.1082 	0.0814738 	4.86155e-06
0.144671 	96.0442 	0.0825783 	5.17034e-05
0.144925 	95.9803 	0.0836829 	9.85453e-05
0.145179 	95.9163 	0.0847874 	6.18509e-05
0.145433 	95.8524 	0.0858919 	1.54412e-05
0.145688 	95.7827 	0.0968551 	5.55772e-05
0.145942 	95.71 	0.112734 	0.000138865
0.146196 	95.6374 	0.128612 	0.000222152
0.14645 	95.5645 	0.120087 	0.000163436
0.146705 	95.4916 	0.10723 	7.95216e-05
0.146959 	95.4184 	0.0951018 	2.31294e-06
0.147213 	95.3377 	0.0961503 	4.64862e-05
0.147467 	95.257 	0.0971987 	9.06594e-05
0.147722 	95.1763 	0.0982471 	6.41635e-05
0.147976 	95.0956 	0.0992955 	2.04482e-05
0.14823 	95.0108 	0.108243 	4.1667e-05
0.148484 	94.9223 	0.124133 	0.000119952
0.148739 	94.8339 	0.140022 	0.000198236
0.148993 	94.7453 	0.134029 	0.000157443
0.149247 	94.6567 	0.121025 	7.85014e-05
0.149502 	94.568 	0.108099 	2.34549e-07
0.149756 	94.4724 	0.109102 	4.22288e-05
0.15001 	94.3769 	0.110106 	8.42231e-05
0.150264 	94.2813 	0.111109 	6.67256e-05
0.150519 	94.1858 	0.112112 	2.52118e-05
0.150773 	94.0875 	0.118955 	2.86021e-05
0.151027 	93.9851 	0.134829 	0.000101437
0.151281 	93.8826 	0.150703 	0.000174272
0.151536 	93.7801 	0.147254 	0.000149722
0.15179 	93.6776 	0.134092 	7.62167e-05
0.152044 	93.575 	0.120929 	2.71164e-06
0.152298 	93.4666 	0.121348 	3.75381e-05
0.152553 	93.358 	0.122287 	7.65137e-05
0.152807 	93.2494 	0.123226 	6.73977e-05
0.153061 	93.1408 	0.124165 	2.8907e-05
0.153315 	93.0306 	0.128807 	1.66684e-05
0.15357 	92.916 	0.144617 	8.36107e-05
0.153824 	92.8013 	0.160427 	0.000150553
0.154078 	92.6866 	0.159509 	0.000140315
0.154332 	92.5719 	0.146155 	7.27067e-05
0.154587 	92.4572 	0.132802 	5.0986e-06
0.154841 	92.3377 	0.132578 	3.21259e-05
0.155095 	92.2178 	0.133425 	6.68718e-05
0.155349 	92.0979 	0.134271 	6.50829e-05
0.155604 	91.978 	0.135118 	3.08013e-05
0.155858 	91.8576 	0.137474 	6.19682e-06
0.156112 	91.7325 	0.153178 	6.72316e-05
0.156366 	91.6074 	0.168882 	0.000128266
0.156621 	91.4823 	0.170481 	0.000130176
0.156875 	91.3573 	0.156909 	6.84921e-05
0.157129 	91.2323 	0.143337 	6.80829e-06
0.157383 	91.1034 	0.142492 	2.63269e-05
0.157638 	90.974 	0.143225 	5.59198e-05
0.157892 	90.8447 	0.143959 	5.97839e-05
0.158146 	90.7153 	0.144693 	3.06114e-05
0.1584 	90.586 	0.145427 	1.43885e-06
0.158655 	90.4525 	0.160265 	5.27755e-05
0.158909 	90.3189 	0.175834 	0.000108288
0.159163 	90.1853 	0.179949 	0.000120256
0.159417 	90.0517 	0.166148 	6.41185e-05
0.159672 	89.9182 	0.152347 	7.98059e-06
0.159926 	89.7818 	0.150909 	2.06046e-05
0.16018 	89.6448 	0.15152 	4.46234e-05
0.160434 	89.5079 	0.152131 	5.21251e-05
0.160689 	89.371 	0.152742 	2.84656e-05
0.160943 	89.234 	0.153353 	4.8061e-06
0.161197 	89.0944 	0.165765 	4.03409e-05
0.161451 	88.954 	0.181187 	9.09648e-05
0.161706 	88.8137 	0.187827 	0.000111212
0.16196 	88.6736 	0.173805 	5.99899e-05
0.162214 	88.5334 	0.159784 	8.76776e-06
0.162468 	88.3912 	0.157789 	1.53079e-05
0.162723 	88.2486 	0.158277 	3.37769e-05
0.162977 	88.1059 	0.158765 	4.28966e-05
0.163231 	87.9633 	0.159253 	2.47163e-05
0.163485 	87.8206 	0.159742 	6.53607e-06
0.16374 	87.6763 	0.169696 	2.97476e-05
0.163994 	87.5311 	0.184965 	7.6192e-05
0.164248 	87.386 	0.194142 	0.000103332
0.164503 	87.2411 	0.179922 	5.63162e-05
0.164757 	87.0962 	0.165702 	9.29999e-06
0.165011 	86.9499 	0.163187 	1.05854e-05
0.165265 	86.8033 	0.163558 	2.37806e-05
0.16552 	86.6567 	0.16393 	3.26873e-05
0.165774 	86.5102 	0.164301 	1.97061e-05
0.166028 	86.3636 	0.164673 	6.72493e-06
0.166282 	86.2162 	0.172149 	2.06869e-05
0.166537 	86.0679 	0.187261 	6.36087e-05
0.166791 	85.9196 	0.198984 	9.66069e-05
0.167045 	85.7717 	0.184593 	5.31383e-05
0.167299 	85.6237 	0.170202 	9.66979e-06
0.167554 	85.4751 	0.167204 	6.42278e-06
0.167808 	85.3262 	0.167466 	1.46828e-05
0.168062 	85.1774 	0.167728 	2.17534e-05
0.168316 	85.0285 	0.16799 	1.36315e-05
0.168571 	84.8797 	0.168252 	5.50952e-06
0.168825 	84.7306 	0.173238 	1.28443e-05
0.169079 	84.5808 	0.188187 	5.27733e-05
0.169333 	84.431 	0.202451 	9.08354e-05
0.169588 	84.2816 	0.18792 	5.03834e-05
0.169842 	84.1322 	0.173388 	9.93149e-06
0.170096 	83.9826 	0.169942 	2.79686e-06
0.17035 	83.833 	0.170103 	6.50358e-06
0.170605 	83.6834 	0.170263 	1.02103e-05
0.170859 	83.5338 	0.170424 	6.7036e-06
0.171113 	83.3842 	0.170585 	3.06039e-06
0.171367 	83.2345 	0.173084 	5.97651e-06
0.171622 	83.0846 	0.187863 	4.3324e-05
0.171876 	82.9348 	0.202641 	8.06714e-05
0.17213 	82.7853 	0.19002 	4.79662e-05
0.172384 	82.6358 	0.175387 	1.01188e-05
0.172639 	82.4866 	0.171523 	-3.62622e-07
0.172893 	82.3375 	0.17159 	-8.57795e-07
0.173147 	82.1885 	0.171657 	-1.35297e-06
0.173401 	82.0394 	0.171724 	-9.7416e-07
0.173656 	81.8903 	0.171791 	-4.87635e-07
0.17391 	81.7412 	0.171857 	-1.11042e-09
0.174164 	81.5924 	0.186412 	3.49777e-05
0.174418 	81.4437 	0.201004 	7.0047e-05
0.174673 	81.2953 	0.19099 	4.57968e-05
0.174927 	81.147 	0.176291 	1.02502e-05
0.175181 	80.9993 	0.17204 	-3.03182e-06
0.175435 	80.8518 	0.172022 	-7.29233e-06
0.17569 	80.7044 	0.172005 	-1.15528e-05
0.175944 	80.5569 	0.171987 	-9.06413e-06
0.176198 	80.4095 	0.171969 	-4.87906e-06
0.176452 	80.262 	0.171952 	-6.93987e-07
0.176707 	80.1152 	0.183958 	2.746e-05
0.176961 	79.9686 	0.198354 	6.038e-05
0.177215 	79.8223 	0.190963 	4.36813e-05
0.177469 	79.6761 	0.17625 	1.03079e-05
0.177724 	79.5308 	0.171641 	-5.2521e-06
0.177978 	79.3859 	0.171548 	-1.28515e-05
0.178232 	79.241 	0.171455 	-2.04509e-05
0.178486 	79.0961 	0.171362 	-1.73854e-05
0.178741 	78.9512 	0.171269 	-9.92176e-06
0.178995 	78.8062 	0.171176 	-2.45815e-06
0.179249 	78.6621 	0.180647 	2.04209e-05
0.179504 	78.5184 	0.194816 	5.08711e-05
0.179758 	78.375 	0.190036 	4.10364e-05
0.180012 	78.2318 	0.175362 	1.01638e-05
0.180266 	78.0896 	0.170421 	-7.20968e-06
0.180521 	77.948 	0.170256 	-1.7958e-05
0.180775 	77.8063 	0.170092 	-2.87064e-05
0.181029 	77.6647 	0.169927 	-2.63123e-05
0.181283 	77.523 	0.169762 	-1.5757e-05
0.181538 	77.3814 	0.169598 	-5.20164e-06
0.181792 	77.2405 	0.176564 	1.39206e-05
0.182046 	77.1004 	0.190459 	4.13669e-05
0.1823 	76.9605 	0.188256 	3.75604e-05
0.182555 	76.8209 	0.173678 	9.73243e-06
0.182809 	76.6824 	0.168434 	-8.70871e-06
0.183063 	76.5446 	0.168208 	-2.21014e-05
0.183317 	76.4068 	0.167983 	-3.54941e-05
0.183572 	76.269 	0.167758 	-3.493e-05
0.183826 	76.1312 	0.167532 	-2.17779e-05
0.18408 	75.9934 	0.167307 	-8.62586e-06
0.184334 	75.8562 	0.171836 	8.09063e-06
0.184589 	75.7201 	0.185428 	3.16003e-05
0.184843 	75.5843 	0.185764 	3.26725e-05
0.185097 	75.4488 	0.171387 	8.83644e-06
0.185351 	75.3145 	0.165885 	-9.76645e-06
0.185606 	75.181 	0.16561 	-2.52865e-05
0.18586 	75.0475 	0.165335 	-4.08065e-05
0.186114 	74.9139 	0.16506 	-4.29561e-05
0.186368 	74.7804 	0.164785 	-2.77139e-05
0.186623 	74.6469 	0.16451 	-1.24717e-05
0.186877 	74.5137 	0.166688 	3.40155e-06
0.187131 	74.3822 	0.179909 	2.21153e-05
0.187385 	74.2509 	0.18269 	2.64176e-05
0.18764 	74.1198 	0.168613 	7.44551e-06
0.187894 	73.99 	0.162894 	-1.05803e-05
0.188148 	73.8611 	0.162574 	-2.7995e-05
0.188402 	73.7322 	0.162254 	-4.54096e-05
0.188657 	73.6033 	0.161933 	-5.09678e-05
0.188911 	73.4744 	0.161613 	-3.38625e-05
0.189165 	73.3455 	0.161293 	-1.67572e-05
0.189419 	73.2167 	0.16124 	2.78569e-07
0.189674 	73.09 	0.174022 	1.39674e-05
0.189928 	72.9634 	0.179104 	1.96371e-05
0.190182 	72.837 	0.165417 	5.76109e-06
0.190436 	72.712 	0.159521 	-1.1275e-05
0.190691 	72.588 	0.159156 	-3.05545e-05
0.190945 	72.464 	0.158791 	-4.9834e-05
0.191199 	72.34 	0.158426 	-5.94718e-05
0.191453 	72.216 	0.15806 	-4.05309e-05
0.191708 	72.092 	0.157695 	-2.159e-05
0.191962 	71.968 	0.15733 	-2.64911e-06
0.192216 	71.846 	0.167828 	7.64177e-06
0.19247 	71.7243 	0.17501 	1.29585e-05
0.192725 	71.603 	0.161792 	3.95441e-06
0.192979 	71.4829 	0.155752 	-1.20669e-05
0.193233 	71.364 	0.155332 	-3.3583e-05
0.193487 	71.245 	0.154912 	-5.50992e-05
0.193742 	71.1261 	0.154493 	-6.97463e-05
0.193996 	71.0072 	0.154073 	-4.86022e-05
0.19425 	70.8882 	0.153653 	-2.74582e-05
0.194505 	70.7693 	0.153233 	-6.31416e-06
0.194759 	70.652 	0.161291 	3.79544e-06
0.195013 	70.5355 	0.17033 	8.03075e-06
0.195267 	70.4192 	0.157651 	2.54772e-06
0.195522 	70.3043 	0.151518 	-1.21805e-05
0.195776 	70.1905 	0.151066 	-3.49326e-05
0.19603 	70.0768 	0.150614 	-5.76847e-05
0.196284 	69.963 	0.150162 	-7.7291e-05
0.196539 	69.8492 	0.14971 	-5.4925e-05
0.196793 	69.7355 	0.149258 	-3.25589e-05
0.197047 	69.6217 	0.148806 	-1.01928e-05
0.197301 	69.5093 	0.154605 	9.23691e-07
0.197556 	69.398 	0.165258 	2.56441e-06
0.19781 	69.2869 	0.153219 	8.45469e-07
0.198064 	69.1772 	0.147065 	-1.1605e-05
0.198318 	69.0687 	0.146607 	-3.44405e-05
0.198573 	68.9602 	0.146148 	-5.72759e-05
0.198827 	68.8517 	0.14569 	-8.01114e-05
0.199081 	68.7432 	0.145232 	-5.8634e-05
0.199335 	68.6347 	0.144773 	-3.61772e-05
0.19959 	68.5261 	0.144315 	-1.37205e-05
0.199844 	68.4186 	0.148055 	-1.6677e-06
0.200098 	68.3126 	0.158387 	-5.95486e-06
0.200352 	68.2068 	0.148662 	-2.26099e-06
0.200607 	68.1023 	0.142525 	-1.10339e-05
0.200861 	67.9991 	0.142058 	-3.40609e-05
0.201115 	67.8959 	0.14159 	-5.7088e-05
0.201369 	67.7927 	0.141123 	-8.0115e-05
0.201624 	67.6895 	0.140656 	-6.26232e-05
0.201878 	67.5863 	0.140188 	-3.99679e-05
0.202132 	67.4831 	0.139721 	-1.73126e-05
0.202386 	67.3805 	0.141625 	-2.86607e-06
0.202641 	67.2798 	0.151212 	-1.50201e-05
0.202895 	67.1793 	0.143952 	-6.79017e-06
0.203149 	67.08 	0.137867 	-1.06594e-05
0.203403 	66.9821 	0.137377 	-3.44477e-05
0.203658 	66.8842 	0.136888 	-5.8236e-05
0.203912 	66.7863 	0.136398 	-8.20243e-05
0.204166 	66.6884 	0.135909 	-6.82616e-05
0.20442 	66.5905 	0.13542 	-4.48457e-05
0.204675 	66.4926 	0.13493 	-2.14298e-05
0.204929 	66.395 	0.135228 	-1.73506e-06
0.205183 	66.2996 	0.144026 	-2.21927e-05
0.205437 	66.2044 	0.138963 	-1.21137e-05
0.205692 	66.1103 	0.132961 	-1.04807e-05
0.205946 	66.0177 	0.132433 	-3.57471e-05
0.2062 	65.9251 	0.131905 	-6.10136e-05
0.206454 	65.8325 	0.131377 	-8.62801e-05
0.206709 	65.74 	0.130849 	-7.6242e-05
0.206963 	65.6474 	0.130321 	-5.13575e-05
0.207217 	65.5548 	0.129793 	-2.6473e-05
0.207471 	65.4622 	0.129266 	-1.58847e-06
0.207726 	65.372 	0.136701 	-2.56172e-05
0.20798 	65.2821 	0.133565 	-1.71826e-05
0.208234 	65.1932 	0.127696 	-1.00669e-05
0.208488 	65.1058 	0.127134 	-3.66166e-05
0.208743 	65.0185 	0.126572 	-6.31663e-05
0.208997 	64.9312 	0.12601 	-8.9716e-05
0.209251 	64.8439 	0.125448 	-8.39859e-05
0.209506 	64.7566 	0.124885 	-5.78222e-05
0.20976 	64.6693 	0.124323 	-3.16584e-05
0.210014 	64.582 	0.123761 	-5.49458e-06
0.210268 	64.4967 	0.129287 	-2.59687e-05
0.210523 	64.412 	0.127799 	-2.18982e-05
0.210777 	64.3282 	0.12213 	-9.3176e-06
0.211031 	64.2462 	0.121545 	-3.66369e-05
0.211285 	64.1641 	0.12096 	-6.39562e-05
0.21154 	64.082 	0.120375 	-9.12754e-05
0.211794 	64 	0.11979 	-9.03429e-05
0.212048 	63.9179 	0.119205 	-6.34036e-05
0.212302 	63.8358 	0.118621 	-3.64644e-05
0.212557 	63.7537 	0.118036 	-9.52521e-06
0.212811 	63.6733 	0.121896 	-2.43856e-05
0.213065 	63.5939 	0.121757 	-2.66696e-05
0.213319 	63.5152 	0.116348 	-8.36606e-06
0.213574 	63.4383 	0.115745 	-3.62193e-05
0.213828 	63.3614 	0.115143 	-6.40725e-05
0.214082 	63.2845 	0.114541 	-9.19257e-05
0.214336 	63.2076 	0.113939 	-9.6042e-05
0.214591 	63.1307 	0.113337 	-6.85578e-05
0.214845 	63.0539 	0.112735 	-4.10737e-05
0.215099 	62.977 	0.112133 	-1.35896e-05
0.215353 	62.9014 	0.114583 	-2.12476e-05
0.215608 	62.827 	0.11548 	-3.15393e-05
0.215862 	62.7534 	0.110385 	-7.29097e-06
0.216116 	62.6816 	0.109766 	-3.5664e-05
0.21637 	62.6099 	0.109148 	-6.40371e-05
0.216625 	62.5381 	0.108529 	-9.24102e-05
0.216879 	62.4664 	0.10791 	-0.000101772
0.217133 	62.3946 	0.107291 	-7.37551e-05
0.217387 	62.3228 	0.106672 	-4.57382e-05
0.217642 	62.2511 	0.106053 	-1.77213e-05
0.217896 	62.1803 	0.107344 	-1.67942e-05
0.21815 	62.111 	0.108965 	-3.64069e-05
0.218404 	62.0423 	0.104226 	-6.08655e-06
0.218659 	61.9757 	0.103591 	-3.49618e-05
0.218913 	61.909 	0.102956 	-6.3837e-05
0.219167 	61.8423 	0.102321 	-9.27122e-05
0.219421 	61.7756 	0.101686 	-0.000107507
0.219676 	61.7089 	0.101051 	-7.89734e-05
0.21993 	61.6422 	0.100416 	-5.04396e-05
0.220184 	61.5755 	0.0997814 	-2.19058e-05
0.220438 	61.5094 	0.100164 	-1.13438e-05
0.220693 	61.4452 	0.102217 	-4.1298e-05
0.220947 	61.3814 	0.0978849 	-4.72571e-06
0.221201 	61.3197 	0.0972378 	-3.39436e-05
0.221455 	61.258 	0.0965907 	-6.31615e-05
0.22171 	61.1963 	0.0959436 	-9.23794e-05
0.221964 	61.1346 	0.0952965 	-0.000112688
0.222218 	61.0729 	0.0946494 	-8.3793e-05
0.222472 	61.0112 	0.0940023 	-5.48984e-05
0.222727 	60.9495 	0.0933552 	-2.60038e-05
0.222981 	60.8881 	0.0930662 	-5.16222e-06
0.223235 	60.8289 	0.0952735 	-4.63135e-05
0.223489 	60.7699 	0.0914086 	-3.22581e-06
0.223744 	60.7132 	0.0907536 	-3.26171e-05
0.223998 	60.6564 	0.0900986 	-6.20084e-05
0.224252 	60.5996 	0.0894435 	-9.13997e-05
0.224507 	60.5429 	0.0887885 	-0.000117206
0.224761 	60.4861 	0.0881334 	-8.81163e-05
0.225015 	60.4294 	0.0874784 	-5.90271e-05
0.225269 	60.3726 	0.0868233 	-2.99379e-05
0.225524 	60.3158 	0.0861683 	-8.48678e-07
0.225778 	60.2615 	0.0881749 	-5.15579e-05
0.226032 	60.2073 	0.0848501 	-1.61174e-06
0.226286 	60.1554 	0.0841905 	-3.10426e-05
0.226541 	60.1035 	0.0835309 	-6.04734e-05
0.226795 	60.0516 	0.0828713 	-8.99042e-05
0.227049 	59.9997 	0.0822117 	-0.000119335
0.227303 	59.9478 	0.0815521 	-9.19846e-05
0.227558 	59.8959 	0.0808925 	-6.28324e-05
0.227812 	59.844 	0.0802329 	-3.36802e-05
0.228066 	59.7921 	0.0795733 	-4.52801e-06
0.22832 	59.7422 	0.0806168 	-4.76872e-05
0.228575 	59.6927 	0.0782544 	-1.86521e-07
0.228829 	59.6456 	0.0775834 	-2.93978e-05
0.229083 	59.5985 	0.076919 	-5.88925e-05
0.229337 	59.5514 	0.0762546 	-8.83872e-05
0.229592 	59.5043 	0.0755902 	-0.000117882
0.229846 	59.4572 	0.0749258 	-9.58592e-05
0.2301 	59.4101 	0.0742614 	-6.66192e-05
0.230354 	59.363 	0.073597 	-3.73791e-05
0.230609 	59.3158 	0.0729327 	-8.139e-06
0.230863 	59.2705 	0.0731665 	-4.19726e-05
0.231117 	59.2257 	0.0716589 	-3.77138e-06
0.231371 	59.1831 	0.0709091 	-2.75957e-05
0.231626 	59.1407 	0.0702417 	-5.70922e-05
0.23188 	59.0983 	0.0695744 	-8.65886e-05
0.232134 	59.0559 	0.0689071 	-0.000116085
0.232388 	59.0135 	0.0682398 	-9.94557e-05
0.232643 	58.9711 	0.0675725 	-7.01887e-05
0.232897 	58.9287 	0.0669052 	-4.09216e-05
0.233151 	58.8863 	0.0662378 	-1.16546e-05
0.233405 	58.8453 	0.0658784 	-3.55971e-05
0.23366 	58.8052 	0.0649183 	-7.65827e-06
0.233914 	58.7671 	0.0641794 	-2.54486e-05
0.234168 	58.7293 	0.0635162 	-5.46576e-05
0.234422 	58.6914 	0.0628531 	-8.38667e-05
0.234677 	58.6536 	0.0621899 	-0.000113076
0.234931 	58.6158 	0.0615267 	-0.000101958
0.235185 	58.578 	0.0608635 	-7.29501e-05
0.235439 	58.5402 	0.0602004 	-4.39428e-05
0.235694 	58.5024 	0.0595372 	-1.49354e-05
0.235948 	58.4657 	0.0587949 	-2.89915e-05
0.236202 	58.4301 	0.0581061 	-1.17853e-05
0.236456 	58.3964 	0.0574612 	-2.30488e-05
0.236711 	58.3631 	0.0568082 	-5.17248e-05
0.236965 	58.3297 	0.0561553 	-8.04007e-05
0.237219 	58.2964 	0.0555024 	-0.000109077
0.237473 	58.2631 	0.0548494 	-0.00010342
0.237728 	58.2297 	0.0541965 	-7.49163e-05
0.237982 	58.1964 	0.0535436 	-4.64128e-05
0.238236 	58.1631 	0.0528907 	-1.79094e-05
0.23849 	58.1305 	0.0519529 	-2.2252e-05
0.238745 	58.0994 	0.0512598 	-1.60496e-05
0.238999 	58.0699 	0.0507652 	-2.05007e-05
0.239253 	58.0409 	0.0501272 	-4.84666e-05
0.239508 	58.0119 	0.0494891 	-7.64325e-05
0.239762 	57.9829 	0.048851 	-0.000104398
0.240016 	57.9538 	0.0482129 	-0.000104016
0.24027 	57.9248 	0.0475748 	-7.61933e-05
0.240525 	57.8958 	0.0469367 	-4.83704e-05
0.240779 	57.8668 	0.0462986 	-2.05476e-05
0.241033 	57.8384 	0.0453426 	-1.53506e-05
0.241287 	57.8115 	0.0444628 	-2.00833e-05
0.241542 	57.7859 	0.044154 	-1.75297e-05
0.241796 	57.761 	0.0435463 	-4.41256e-05
0.24205 	57.7361 	0.0429387 	-7.07216e-05
0.242304 	57.7112 	0.042331 	-9.73175e-05
0.242559 	57.6863 	0.0417233 	-0.000101843
0.242813 	57.6614 	0.0411156 	-7.5359e-05
0.243067 	57.6366 	0.0405079 	-4.88748e-05
0.243321 	57.6117 	0.0399002 	-2.23905e-05
0.243576 	57.5871 	0.0390619 	-8.69869e-06
0.24383 	57.5642 	0.0379484 	-2.3597e-05
0.244084 	57.5424 	0.0378741 	-1.39685e-05
0.244338 	57.5213 	0.037325 	-3.79735e-05
0.244593 	57.5002 	0.036776 	-6.19786e-05
0.244847 	57.4792 	0.0362269 	-8.59837e-05
0.245101 	57.4581 	0.0356779 	-9.44866e-05
0.245355 	57.437 	0.0351288 	-7.05602e-05
0.24561 	57.4159 	0.0345797 	-4.66339e-05
0.245864 	57.3949 	0.0340307 	-2.27075e-05
0.246118 	57.3739 	0.033396 	-2.73082e-06
0.246372 	57.3546 	0.0320272 	-2.67878e-05
0.246627 	57.3363 	0.0322435 	-1.00714e-05
0.246881 	57.3187 	0.0317837 	-3.01579e-05
0.247135 	57.3011 	0.0313239 	-5.02444e-05
0.247389 	57.2835 	0.0308641 	-7.03308e-05
0.247644 	57.2659 	0.0304043 	-8.1147e-05
0.247898 	57.2483 	0.0299445 	-6.11077e-05
0.248152 	57.2307 	0.0294847 	-4.10684e-05
0.248406 	57.2131 	0.0290249 	-2.10291e-05
0.248661 	57.1955 	0.0285651 	-9.89751e-07
0.248915 	57.1794 	0.0270235 	-2.99425e-05
0.249169 	57.1614 	0.0275904 	-6.17346e-06
0.249423 	57.1402 	0.0272518 	-2.09561e-05
0.249678 	57.1191 	0.0269132 	-3.57387e-05
0.249932 	57.0979 	0.0265746 	-5.05213e-05
0.250186 	57.0768 	0.026236 	-6.12083e-05
0.25044 	57.0557 	0.0258974 	-4.64465e-05
0.250695 	57.0345 	0.0255588 	-3.16848e-05
0.250949 	57.0134 	0.0252202 	-1.69231e-05
0.251203 	56.9922 	0.0248816 	-2.16132e-06
0.251457 	56.9667 	0.0232736 	-3.33774e-05
0.251712 	56.9448 	0.0241675 	-6.2919e-06
0.251966 	56.9316 	0.0237314 	-2.53252e-05
0.25222 	56.9185 	0.0232954 	-4.43586e-05
0.252474 	56.9053 	0.0228594 	-6.33919e-05
0.252729 	56.8922 	0.0224234 	-8.06628e-05
0.252983 	56.879 	0.0219874 	-6.16414e-05
0.253237 	56.8659 	0.0215513 	-4.262e-05
0.253491 	56.8527 	0.0211153 	-2.35986e-05
0.253746 	56.8396 	0.0206793 	-4.57716e-06
0.254 	56.8364 	0.0189113 	-1.41098e-05
