0 	31.9353 	-2.73799e-07 	2.20153e-18
0.000254254 	31.9411 	-2.74152e-07 	4.51162e-15
0.000508509 	31.9468 	-2.74152e-07 	4.51162e-15
0.000762763 	31.9526 	-2.74152e-07 	4.51162e-15
0.00101702 	31.9584 	-2.74152e-07 	4.51162e-15
0.00127127 	31.9642 	-2.74152e-07 	4.51162e-15
0.00152553 	31.97 	-2.74152e-07 	4.51162e-15
0.00177978 	31.9757 	-2.74152e-07 	4.51162e-15
0.00203403 	31.9815 	-2.74152e-07 	4.51162e-15
0.00228829 	31.9873 	-2.74152e-07 	4.51162e-15
0.00254254 	31.9931 	-2.74152e-07 	4.51162e-15
0.0027968 	32.0065 	-2.79593e-07 	4.51498e-15
0.00305105 	32.0207 	-2.79593e-07 	4.51498e-15
0.00330531 	32.035 	-2.79593e-07 	4.51498e-15
0.00355956 	32.0492 	-2.79593e-07 	4.51498e-15
0.00381381 	32.0634 	-2.79593e-07 	4.51498e-15
0.00406807 	32.0776 	-2.79593e-07 	4.51498e-15
0.00432232 	32.0918 	-2.79593e-07 	4.51498e-15
0.00457658 	32.106 	-2.79593e-07 	4.51498e-15
0.00483083 	32.1202 	-2.79593e-07 	4.51498e-15
0.00508509 	32.1345 	-2.79593e-07 	4.51497e-15
0.00533934 	32.1512 	-3.02969e-07 	4.56245e-15
0.00559359 	32.1685 	-3.02969e-07 	4.56245e-15
0.00584785 	32.1858 	-3.02969e-07 	4.56245e-15
0.0061021 	32.2031 	-3.02969e-07 	4.56245e-15
0.00635636 	32.2204 	-3.02969e-07 	4.56245e-15
0.00661061 	32.2377 	-3.02969e-07 	4.56245e-15
0.00686486 	32.255 	-3.02969e-07 	4.56245e-15
0.00711912 	32.2723 	-3.02969e-07 	4.56244e-15
0.00737337 	32.2896 	-3.02969e-07 	4.56244e-15
0.00762763 	32.3069 	-3.02969e-07 	4.56244e-15
0.00788188 	32.325 	-3.43366e-07 	4.57783e-15
0.00813614 	32.3433 	-3.43366e-07 	4.57783e-15
0.00839039 	32.3616 	-3.43366e-07 	4.57783e-15
0.00864464 	32.3799 	-3.43366e-07 	4.57783e-15
0.0088989 	32.3983 	-3.43366e-07 	4.57783e-15
0.00915315 	32.4166 	-3.43366e-07 	4.57783e-15
0.00940741 	32.4349 	-3.43366e-07 	4.57782e-15
0.00966166 	32.4533 	-3.43366e-07 	4.57782e-15
0.00991592 	32.4716 	-3.43366e-07 	4.57782e-15
0.0101702 	32.4899 	-3.43366e-07 	4.57782e-15
0.0104244 	32.5094 	-3.96921e-07 	4.63055e-15
0.0106787 	32.5296 	-3.96921e-07 	4.63054e-15
0.0109329 	32.5498 	-3.96921e-07 	4.63054e-15
0.0111872 	32.5699 	-3.96921e-07 	4.63054e-15
0.0114414 	32.5901 	-3.96921e-07 	4.63054e-15
0.0116957 	32.6103 	-3.96921e-07 	4.63054e-15
0.0119499 	32.6305 	-3.96921e-07 	4.63054e-15
0.0122042 	32.6506 	-3.96921e-07 	4.63054e-15
0.0124585 	32.6708 	-3.96921e-07 	4.63054e-15
0.0127127 	32.691 	-3.96921e-07 	4.63053e-15
0.012967 	32.7127 	-4.60161e-07 	4.70871e-15
0.0132212 	32.7358 	-4.60161e-07 	4.70871e-15
0.0134755 	32.7589 	-4.60161e-07 	4.70871e-15
0.0137297 	32.782 	-4.60161e-07 	4.70871e-15
0.013984 	32.8051 	-4.60161e-07 	4.70871e-15
0.0142382 	32.8282 	-4.60161e-07 	4.7087e-15
0.0144925 	32.8513 	-4.60161e-07 	4.7087e-15
0.0147467 	32.8744 	-4.60161e-07 	4.7087e-15
0.015001 	32.8975 	-4.60161e-07 	4.7087e-15
0.0152553 	32.9206 	-4.60161e-07 	4.7087e-15
0.0155095 	32.9453 	-5.30458e-07 	4.73742e-15
0.0157638 	32.972 	-5.30458e-07 	4.73742e-15
0.016018 	32.9987 	-5.30458e-07 	4.73742e-15
0.0162723 	33.0255 	-5.30458e-07 	4.73742e-15
0.0165265 	33.0522 	-5.30458e-07 	4.73742e-15
0.0167808 	33.0789 	-5.30458e-07 	4.73742e-15
0.017035 	33.1056 	-5.30458e-07 	4.73741e-15
0.0172893 	33.1323 	-5.30458e-07 	4.73741e-15
0.0175435 	33.159 	-5.30458e-07 	4.73741e-15
0.0177978 	33.1857 	-5.30458e-07 	4.73741e-15
0.0180521 	33.2139 	-6.05975e-07 	4.7736e-15
0.0183063 	33.2446 	-6.05975e-07 	4.7736e-15
0.0185606 	33.2753 	-6.05975e-07 	4.77359e-15
0.0188148 	33.306 	-6.05975e-07 	4.77359e-15
0.0190691 	33.3367 	-6.05975e-07 	4.77359e-15
0.0193233 	33.3674 	-6.05975e-07 	4.77359e-15
0.0195776 	33.3981 	-6.05975e-07 	4.77359e-15
0.0198318 	33.4288 	-6.05975e-07 	4.77358e-15
0.0200861 	33.4595 	-6.05975e-07 	4.77358e-15
0.0203403 	33.4902 	-6.05975e-07 	4.77358e-15
0.0205946 	33.5221 	-6.85555e-07 	4.81648e-15
0.0208488 	33.557 	-6.85555e-07 	4.81648e-15
0.0211031 	33.5919 	-6.85555e-07 	4.81648e-15
0.0213574 	33.6269 	-6.85555e-07 	4.81647e-15
0.0216116 	33.6618 	-6.85555e-07 	4.81647e-15
0.0218659 	33.6967 	-6.85555e-07 	4.81647e-15
0.0221201 	33.7317 	-6.85555e-07 	4.81647e-15
0.0223744 	33.7666 	-6.85555e-07 	4.81646e-15
0.0226286 	33.8015 	-6.85555e-07 	4.81646e-15
0.0228829 	33.8365 	-6.85555e-07 	4.81646e-15
0.0231371 	33.8722 	-7.68531e-07 	4.86672e-15
0.0233914 	33.9115 	-7.68531e-07 	4.86672e-15
0.0236456 	33.9509 	-7.68531e-07 	4.86671e-15
0.0238999 	33.9902 	-7.68531e-07 	4.86671e-15
0.0241542 	34.0296 	-7.68531e-07 	4.86671e-15
0.0244084 	34.0689 	-7.68531e-07 	4.86671e-15
0.0246627 	34.1083 	-7.68531e-07 	4.8667e-15
0.0249169 	34.1476 	-7.68531e-07 	4.8667e-15
0.0251712 	34.187 	-7.68531e-07 	4.8667e-15
0.0254254 	34.2263 	-7.68531e-07 	4.8667e-15
0.0256797 	34.2661 	-8.54356e-07 	4.92441e-15
0.0259339 	34.31 	-8.54356e-07 	4.92441e-15
0.0261882 	34.354 	-8.54356e-07 	4.92441e-15
0.0264424 	34.3979 	-8.54356e-07 	4.92441e-15
0.0266967 	34.4419 	-8.54356e-07 	4.9244e-15
0.026951 	34.4858 	-8.54356e-07 	4.9244e-15
0.0272052 	34.5297 	-8.54356e-07 	4.9244e-15
0.0274595 	34.5737 	-8.54356e-07 	4.92439e-15
0.0277137 	34.6176 	-8.54356e-07 	4.92439e-15
0.027968 	34.6616 	-8.54356e-07 	4.92439e-15
0.0282222 	34.7055 	-9.92627e-07 	6.41237e-19
0.0284765 	34.7542 	-9.41682e-07 	4.98987e-15
0.0287307 	34.803 	-9.41682e-07 	4.98986e-15
0.028985 	34.8517 	-9.41682e-07 	4.98986e-15
0.0292392 	34.9004 	-9.41682e-07 	4.98986e-15
0.0294935 	34.9491 	-9.41682e-07 	4.98985e-15
0.0297477 	34.9978 	-9.41682e-07 	4.98985e-15
0.030002 	35.0465 	-9.41682e-07 	4.98985e-15
0.0302563 	35.0953 	-9.41682e-07 	4.98984e-15
0.0305105 	35.144 	-9.41682e-07 	4.98984e-15
0.0307648 	35.1927 	-9.41682e-07 	4.98984e-15
0.031019 	35.2459 	-1.02841e-06 	5.10311e-15
0.0312733 	35.2996 	-1.02841e-06 	5.10311e-15
0.0315275 	35.3533 	-1.02841e-06 	5.1031e-15
0.0317818 	35.407 	-1.02841e-06 	5.1031e-15
0.032036 	35.4606 	-1.02841e-06 	5.1031e-15
0.0322903 	35.5143 	-1.02841e-06 	5.10309e-15
0.0325445 	35.568 	-1.02841e-06 	5.10309e-15
0.0327988 	35.6217 	-1.02841e-06 	5.10309e-15
0.0330531 	35.6753 	-1.02841e-06 	5.10308e-15
0.0333073 	35.729 	-1.02841e-06 	5.10308e-15
0.0335616 	35.7869 	-1.11676e-06 	5.13981e-15
0.0338158 	35.8457 	-1.11676e-06 	5.1398e-15
0.0340701 	35.9045 	-1.11676e-06 	5.1398e-15
0.0343243 	35.9634 	-1.11676e-06 	5.1398e-15
0.0345786 	36.0222 	-1.11676e-06 	5.13979e-15
0.0348328 	36.081 	-1.11676e-06 	5.13979e-15
0.0350871 	36.1398 	-1.11676e-06 	5.13979e-15
0.0353413 	36.1986 	-1.11676e-06 	5.13978e-15
0.0355956 	36.2575 	-1.11676e-06 	5.13978e-15
0.0358498 	36.3163 	-1.11676e-06 	5.13977e-15
0.0361041 	36.379 	-1.20769e-06 	5.27802e-15
0.0363584 	36.4432 	-1.20769e-06 	5.27802e-15
0.0366126 	36.5073 	-1.20769e-06 	5.27802e-15
0.0368669 	36.5715 	-1.20769e-06 	5.27801e-15
0.0371211 	36.6356 	-1.20769e-06 	5.27801e-15
0.0373754 	36.6998 	-1.20769e-06 	5.278e-15
0.0376296 	36.764 	-1.20769e-06 	5.278e-15
0.0378839 	36.8281 	-1.20769e-06 	5.278e-15
0.0381381 	36.8923 	-1.20769e-06 	5.27799e-15
0.0383924 	36.9564 	-1.20769e-06 	5.27799e-15
0.0386466 	37.0241 	-1.30299e-06 	5.42323e-15
0.0389009 	37.0938 	-1.30299e-06 	5.42322e-15
0.0391552 	37.1636 	-1.30299e-06 	5.42322e-15
0.0394094 	37.2333 	-1.30299e-06 	5.42321e-15
0.0396637 	37.303 	-1.30299e-06 	5.42321e-15
0.0399179 	37.3727 	-1.30299e-06 	5.4232e-15
0.0401722 	37.4424 	-1.30299e-06 	5.4232e-15
0.0404264 	37.5121 	-1.30299e-06 	5.42319e-15
0.0406807 	37.5818 	-1.30299e-06 	5.42319e-15
0.0409349 	37.6515 	-1.30299e-06 	5.42319e-15
0.0411892 	37.7244 	-1.402e-06 	5.57364e-15
0.0414434 	37.7998 	-1.402e-06 	5.57363e-15
0.0416977 	37.8753 	-1.402e-06 	5.57363e-15
0.041952 	37.9508 	-1.402e-06 	5.57362e-15
0.0422062 	38.0262 	-1.402e-06 	5.57362e-15
0.0424605 	38.1017 	-1.402e-06 	5.57361e-15
0.0427147 	38.1772 	-1.402e-06 	5.57361e-15
0.042969 	38.2526 	-1.402e-06 	5.5736e-15
0.0432232 	38.3281 	-1.402e-06 	5.5736e-15
0.0434775 	38.4036 	-1.402e-06 	5.57359e-15
0.0437317 	38.4818 	-1.50442e-06 	5.69005e-15
0.043986 	38.5632 	-1.50442e-06 	5.69004e-15
0.0442402 	38.6447 	-1.50442e-06 	5.69004e-15
0.0444945 	38.7261 	-1.50442e-06 	5.69003e-15
0.0447487 	38.8076 	-1.50442e-06 	5.69003e-15
0.045003 	38.8891 	-1.50442e-06 	5.69002e-15
0.0452573 	38.9705 	-1.50442e-06 	5.69002e-15
0.0455115 	39.052 	-1.50442e-06 	5.69001e-15
0.0457658 	39.1334 	-1.50442e-06 	5.69001e-15
0.04602 	39.2149 	-1.50442e-06 	5.69e-15
0.0462743 	39.2986 	-1.61019e-06 	5.76895e-15
0.0465285 	39.3863 	-1.61019e-06 	5.76894e-15
0.0467828 	39.474 	-1.61019e-06 	5.76894e-15
0.047037 	39.5617 	-1.61019e-06 	5.76893e-15
0.0472913 	39.6494 	-1.61019e-06 	5.76893e-15
0.0475455 	39.7371 	-1.61019e-06 	5.76892e-15
0.0477998 	39.8247 	-1.61019e-06 	5.76891e-15
0.0480541 	39.9124 	-1.61019e-06 	5.76891e-15
0.0483083 	40.0001 	-1.61019e-06 	5.7689e-15
0.0485626 	40.0878 	-1.61019e-06 	5.7689e-15
0.0488168 	40.1773 	-1.71913e-06 	5.86407e-15
0.0490711 	40.2714 	-1.71913e-06 	5.86406e-15
0.0493253 	40.3656 	-1.71913e-06 	5.86405e-15
0.0495796 	40.4597 	-1.71913e-06 	5.86405e-15
0.0498338 	40.5539 	-1.71913e-06 	5.86404e-15
0.0500881 	40.6481 	-1.71913e-06 	5.86404e-15
0.0503423 	40.7422 	-1.71913e-06 	5.86403e-15
0.0505966 	40.8364 	-1.71913e-06 	5.86402e-15
0.0508509 	40.9305 	-1.71913e-06 	5.86402e-15
0.0511051 	41.0247 	-1.71913e-06 	5.86401e-15
0.0513594 	41.1201 	-1.83098e-06 	6.01134e-15
0.0516136 	41.221 	-1.83098e-06 	6.01133e-15
0.0518679 	41.3219 	-1.83098e-06 	6.01132e-15
0.0521221 	41.4227 	-1.83098e-06 	6.01132e-15
0.0523764 	41.5236 	-1.83098e-06 	6.01131e-15
0.0526306 	41.6245 	-1.83098e-06 	6.0113e-15
0.0528849 	41.7254 	-1.83098e-06 	6.0113e-15
0.0531391 	41.8263 	-1.83098e-06 	6.01129e-15
0.0533934 	41.9272 	-1.83098e-06 	6.01128e-15
0.0536476 	42.0281 	-1.83098e-06 	6.01128e-15
0.0539019 	42.1296 	-1.94527e-06 	6.10739e-15
0.0541562 	42.2374 	-1.94527e-06 	6.10738e-15
0.0544104 	42.3453 	-1.94527e-06 	6.10737e-15
0.0546647 	42.4532 	-1.94527e-06 	6.10737e-15
0.0549189 	42.561 	-1.94527e-06 	6.10736e-15
0.0551732 	42.6689 	-1.94527e-06 	6.10735e-15
0.0554274 	42.7768 	-1.94527e-06 	6.10735e-15
0.0556817 	42.8846 	-1.94527e-06 	6.10734e-15
0.0559359 	42.9925 	-1.94527e-06 	6.10733e-15
0.0561902 	43.1004 	-1.94527e-06 	6.10732e-15
0.0564444 	43.2082 	-2.31549e-06 	1.28579e-19
0.0566987 	43.3233 	-2.06124e-06 	6.27191e-15
0.056953 	43.4384 	-2.06124e-06 	6.27191e-15
0.0572072 	43.5536 	-2.06124e-06 	6.2719e-15
0.0574615 	43.6687 	-2.06124e-06 	6.27189e-15
0.0577157 	43.7838 	-2.06124e-06 	6.27188e-15
0.05797 	43.8989 	-2.06124e-06 	6.27188e-15
0.0582242 	44.014 	-2.06124e-06 	6.27187e-15
0.0584785 	44.1291 	-2.06124e-06 	6.27186e-15
0.0587327 	44.2442 	-2.06124e-06 	6.27186e-15
0.058987 	44.3593 	-2.06124e-06 	6.27185e-15
0.0592412 	44.4812 	-2.17785e-06 	6.44502e-15
0.0594955 	44.6038 	-2.17785e-06 	6.44502e-15
0.0597497 	44.7264 	-2.17785e-06 	6.44501e-15
0.060004 	44.849 	-2.17785e-06 	6.445e-15
0.0602583 	44.9716 	-2.17785e-06 	6.44499e-15
0.0605125 	45.0942 	-2.17785e-06 	6.44498e-15
0.0607668 	45.2168 	-2.17785e-06 	6.44498e-15
0.061021 	45.3393 	-2.17785e-06 	6.44497e-15
0.0612753 	45.4619 	-2.17785e-06 	6.44496e-15
0.0615295 	45.5845 	-2.17785e-06 	6.44495e-15
0.0617838 	45.7135 	-2.29511e-06 	6.67953e-15
0.062038 	45.8438 	-2.29511e-06 	6.67952e-15
0.0622923 	45.9741 	-2.29511e-06 	6.67951e-15
0.0625465 	46.1044 	-2.29511e-06 	6.6795e-15
0.0628008 	46.2348 	-2.29511e-06 	6.67949e-15
0.0630551 	46.3651 	-2.29511e-06 	6.67948e-15
0.0633093 	46.4954 	-2.29511e-06 	6.67948e-15
0.0635636 	46.6257 	-2.29511e-06 	6.67947e-15
0.0638178 	46.756 	-2.29511e-06 	6.67946e-15
0.0640721 	46.8864 	-2.29511e-06 	6.67945e-15
0.0643263 	47.0225 	-2.41245e-06 	6.81298e-15
0.0645806 	47.1608 	-2.41245e-06 	6.81297e-15
0.0648348 	47.299 	-2.41245e-06 	6.81296e-15
0.0650891 	47.4373 	-2.41245e-06 	6.81295e-15
0.0653433 	47.5756 	-2.41245e-06 	6.81294e-15
0.0655976 	47.7139 	-2.41245e-06 	6.81293e-15
0.0658519 	47.8522 	-2.41245e-06 	6.81292e-15
0.0661061 	47.9904 	-2.41245e-06 	6.81292e-15
0.0663604 	48.1287 	-2.41245e-06 	6.81291e-15
0.0666146 	48.267 	-2.41245e-06 	6.8129e-15
0.0668689 	48.4105 	-2.5285e-06 	7.02165e-15
0.0671231 	48.557 	-2.5285e-06 	7.02164e-15
0.0673774 	48.7034 	-2.5285e-06 	7.02163e-15
0.0676316 	48.8499 	-2.5285e-06 	7.02162e-15
0.0678859 	48.9964 	-2.5285e-06 	7.02161e-15
0.0681401 	49.1429 	-2.5285e-06 	7.02161e-15
0.0683944 	49.2893 	-2.5285e-06 	7.0216e-15
0.0686486 	49.4358 	-2.5285e-06 	7.02159e-15
0.0689029 	49.5823 	-2.5285e-06 	7.02158e-15
0.0691572 	49.7288 	-2.5285e-06 	7.02157e-15
0.0694114 	49.8798 	-2.64252e-06 	7.23846e-15
0.0696657 	50.0348 	-2.64252e-06 	7.23845e-15
0.0699199 	50.1897 	-2.64252e-06 	7.23844e-15
0.0701742 	50.3446 	-2.64252e-06 	7.23843e-15
0.0704284 	50.4995 	-2.64252e-06 	7.23842e-15
0.0706827 	50.6544 	-2.64252e-06 	7.23841e-15
0.0709369 	50.8093 	-2.64252e-06 	7.2384e-15
0.0711912 	50.9643 	-2.64252e-06 	7.23839e-15
0.0714454 	51.1192 	-2.64252e-06 	7.23838e-15
0.0716997 	51.2741 	-2.64252e-06 	7.23837e-15
0.071954 	51.4329 	-2.74305e-06 	7.46673e-15
0.0722082 	51.5965 	-2.74305e-06 	7.46672e-15
0.0724625 	51.7601 	-2.74305e-06 	7.46671e-15
0.0727167 	51.9236 	-2.74305e-06 	7.46669e-15
0.072971 	52.0872 	-2.74305e-06 	7.46668e-15
0.0732252 	52.2507 	-2.74305e-06 	7.46667e-15
0.0734795 	52.4143 	-2.74305e-06 	7.46666e-15
0.0737337 	52.5778 	-2.74305e-06 	7.46665e-15
0.073988 	52.7414 	-2.74305e-06 	7.46664e-15
0.0742422 	52.9049 	-2.74305e-06 	7.46663e-15
0.0744965 	53.0716 	-2.82237e-06 	7.70314e-15
0.0747508 	53.2439 	-2.82237e-06 	7.70313e-15
0.075005 	53.4162 	-2.82237e-06 	7.70312e-15
0.0752593 	53.5884 	-2.82237e-06 	7.70311e-15
0.0755135 	53.7607 	-2.82237e-06 	7.7031e-15
0.0757678 	53.9329 	-2.82237e-06 	7.70309e-15
0.076022 	54.1052 	-2.82237e-06 	7.70308e-15
0.0762763 	54.2775 	-2.82237e-06 	7.70307e-15
0.0765305 	54.4497 	-2.82237e-06 	7.70306e-15
0.0767848 	54.622 	-2.82237e-06 	7.70305e-15
0.077039 	54.7966 	-2.88612e-06 	7.89766e-15
0.0772933 	54.9775 	-2.88612e-06 	7.89765e-15
0.0775475 	55.1585 	-2.88612e-06 	7.89764e-15
0.0778018 	55.3394 	-2.88612e-06 	7.89762e-15
0.0780561 	55.5204 	-2.88612e-06 	7.89761e-15
0.0783103 	55.7013 	-2.88612e-06 	7.8976e-15
0.0785646 	55.8823 	-2.88612e-06 	7.89759e-15
0.0788188 	56.0632 	-2.88612e-06 	7.89758e-15
0.0790731 	56.2441 	-2.88612e-06 	7.89757e-15
0.0793273 	56.4251 	-2.88612e-06 	7.89755e-15
0.0795816 	56.6076 	-2.92377e-06 	8.14602e-15
0.0798358 	56.7971 	-2.92377e-06 	8.14601e-15
0.0800901 	56.9866 	-2.92377e-06 	8.146e-15
0.0803443 	57.1761 	-2.92377e-06 	8.14599e-15
0.0805986 	57.3656 	-2.92377e-06 	8.14597e-15
0.0808529 	57.5551 	-2.92377e-06 	8.14596e-15
0.0811071 	57.7446 	-2.92377e-06 	8.14595e-15
0.0813614 	57.9341 	-2.92377e-06 	8.14594e-15
0.0816156 	58.1236 	-2.92377e-06 	8.14593e-15
0.0818699 	58.3131 	-2.92377e-06 	8.14591e-15
0.0821241 	58.5034 	-2.93567e-06 	8.39719e-15
0.0823784 	58.7013 	-2.93567e-06 	8.39718e-15
0.0826326 	58.8991 	-2.93567e-06 	8.39717e-15
0.0828869 	59.097 	-2.93567e-06 	8.39715e-15
0.0831411 	59.2949 	-2.93567e-06 	8.39714e-15
0.0833954 	59.4928 	-2.93567e-06 	8.39713e-15
0.0836496 	59.6906 	-2.93567e-06 	8.39712e-15
0.0839039 	59.8885 	-2.93567e-06 	8.3971e-15
0.0841582 	60.0864 	-2.93567e-06 	8.39709e-15
0.0844124 	60.2842 	-2.93567e-06 	8.39708e-15
0.0846667 	60.4821 	-3.85238e-06 	2.36804e-17
0.0849209 	60.6881 	-2.93416e-06 	8.65122e-15
0.0851752 	60.894 	-2.93416e-06 	8.65121e-15
0.0854294 	61.1 	-2.93416e-06 	8.65119e-15
0.0856837 	61.306 	-2.93416e-06 	8.65118e-15
0.0859379 	61.5119 	-2.93416e-06 	8.65117e-15
0.0861922 	61.7179 	-2.93416e-06 	8.65115e-15
0.0864464 	61.9239 	-2.93416e-06 	8.65114e-15
0.0867007 	62.1298 	-2.93416e-06 	8.65113e-15
0.086955 	62.3358 	-2.93416e-06 	8.65111e-15
0.0872092 	62.5418 	-2.93416e-06 	8.6511e-15
0.0874635 	62.7547 	-2.93921e-06 	8.90648e-15
0.0877177 	62.9684 	-2.93921e-06 	8.90646e-15
0.087972 	63.182 	-2.93921e-06 	8.90645e-15
0.0882262 	63.3956 	-2.93921e-06 	8.90644e-15
0.0884805 	63.6093 	-2.93921e-06 	8.90642e-15
0.0887347 	63.8229 	-2.93921e-06 	8.90641e-15
0.088989 	64.0366 	-2.93921e-06 	8.90639e-15
0.0892432 	64.2502 	-2.93921e-06 	8.90638e-15
0.0894975 	64.4638 	-2.93921e-06 	8.90637e-15
0.0897518 	64.6775 	-2.93921e-06 	8.90635e-15
0.090006 	64.8969 	-2.95352e-06 	9.16227e-15
0.0902603 	65.1176 	-2.95352e-06 	9.16226e-15
0.0905145 	65.3383 	-2.95352e-06 	9.16224e-15
0.0907688 	65.5591 	-2.95352e-06 	9.16223e-15
0.091023 	65.7798 	-2.95352e-06 	9.16221e-15
0.0912773 	66.0005 	-2.95352e-06 	9.1622e-15
0.0915315 	66.2212 	-2.95352e-06 	9.16218e-15
0.0917858 	66.4419 	-2.95352e-06 	9.16217e-15
0.09204 	66.6626 	-2.95352e-06 	9.16216e-15
0.0922943 	66.8833 	-2.95352e-06 	9.16214e-15
0.0925485 	67.1086 	-2.94762e-06 	9.41733e-15
0.0928028 	67.3356 	-2.94762e-06 	9.41732e-15
0.0930571 	67.5626 	-2.94762e-06 	9.4173e-15
0.0933113 	67.7897 	-2.94762e-06 	9.41729e-15
0.0935656 	68.0167 	-2.94762e-06 	9.41727e-15
0.0938198 	68.2437 	-2.94762e-06 	9.41726e-15
0.0940741 	68.4707 	-2.94762e-06 	9.41724e-15
0.0943283 	68.6977 	-2.94762e-06 	9.41723e-15
0.0945826 	68.9247 	-2.94762e-06 	9.41721e-15
0.0948368 	69.1517 	-2.94762e-06 	9.4172e-15
0.0950911 	69.3821 	-2.90102e-06 	9.62184e-15
0.0953453 	69.6143 	-2.90102e-06 	9.62183e-15
0.0955996 	69.8466 	-2.90102e-06 	9.62181e-15
0.0958539 	70.0788 	-2.90102e-06 	9.6218e-15
0.0961081 	70.3111 	-2.90102e-06 	9.62178e-15
0.0963624 	70.5434 	-2.90102e-06 	9.62177e-15
0.0966166 	70.7756 	-2.90102e-06 	9.62175e-15
0.0968709 	71.0079 	-2.90102e-06 	9.62174e-15
0.0971251 	71.2402 	-2.90102e-06 	9.62172e-15
0.0973794 	71.4724 	-2.90102e-06 	9.62171e-15
0.0976336 	71.7068 	-2.82399e-06 	9.9019e-15
0.0978879 	71.9428 	-2.82399e-06 	9.90188e-15
0.0981421 	72.1789 	-2.82399e-06 	9.90187e-15
0.0983964 	72.415 	-2.82399e-06 	9.90185e-15
0.0986507 	72.6511 	-2.82399e-06 	9.90184e-15
0.0989049 	72.8871 	-2.82399e-06 	9.90182e-15
0.0991592 	73.1232 	-2.82399e-06 	9.90181e-15
0.0994134 	73.3593 	-2.82399e-06 	9.90179e-15
0.0996677 	73.5953 	-2.82399e-06 	9.90178e-15
0.0999219 	73.8314 	-2.82399e-06 	9.90176e-15
0.100176 	74.0684 	-2.71034e-06 	1.01963e-14
0.10043 	74.3064 	-2.71034e-06 	1.01963e-14
0.100685 	74.5445 	-2.71034e-06 	1.01962e-14
0.100939 	74.7826 	-2.71034e-06 	1.01962e-14
0.101193 	75.0206 	-2.71034e-06 	1.01962e-14
0.101447 	75.2587 	-2.71034e-06 	1.01962e-14
0.101702 	75.4968 	-2.71034e-06 	1.01962e-14
0.101956 	75.7348 	-2.71034e-06 	1.01962e-14
0.10221 	75.9729 	-2.71034e-06 	1.01961e-14
0.102464 	76.211 	-2.71034e-06 	1.01961e-14
0.102719 	76.449 	-2.53258e-06 	1.04317e-14
0.102973 	76.6869 	-2.53258e-06 	1.04316e-14
0.103227 	76.9248 	-2.53258e-06 	1.04316e-14
0.103481 	77.1627 	-2.53258e-06 	1.04316e-14
0.103736 	77.4006 	-2.53258e-06 	1.04316e-14
0.10399 	77.6385 	-2.53258e-06 	1.04316e-14
0.104244 	77.8764 	-2.53258e-06 	1.04316e-14
0.104498 	78.1143 	-2.53258e-06 	1.04316e-14
0.104753 	78.3522 	-2.53258e-06 	1.04315e-14
0.105007 	78.5901 	-2.53258e-06 	1.04315e-14
0.105261 	78.8273 	-2.34084e-06 	1.06925e-14
0.105516 	79.0626 	-2.34084e-06 	1.06925e-14
0.10577 	79.2979 	-2.34084e-06 	1.06925e-14
0.106024 	79.5333 	-2.34084e-06 	1.06924e-14
0.106278 	79.7686 	-2.34084e-06 	1.06924e-14
0.106533 	80.0039 	-2.34084e-06 	1.06924e-14
0.106787 	80.2392 	-2.34084e-06 	1.06924e-14
0.107041 	80.4746 	-2.34084e-06 	1.06924e-14
0.107295 	80.7099 	-2.34084e-06 	1.06924e-14
0.10755 	80.9452 	-2.34084e-06 	1.06923e-14
0.107804 	81.1796 	-2.0533e-06 	1.09215e-14
0.108058 	81.4098 	-2.0533e-06 	1.09215e-14
0.108312 	81.64 	-2.0533e-06 	1.09215e-14
0.108567 	81.8702 	-2.0533e-06 	1.09215e-14
0.108821 	82.1003 	-2.0533e-06 	1.09215e-14
0.109075 	82.3305 	-2.0533e-06 	1.09215e-14
0.109329 	82.5607 	-2.0533e-06 	1.09214e-14
0.109584 	82.7909 	-2.0533e-06 	1.09214e-14
0.109838 	83.0211 	-2.0533e-06 	1.09214e-14
0.110092 	83.2512 	-2.0533e-06 	1.09214e-14
0.110346 	83.4807 	-1.75238e-06 	1.10928e-14
0.110601 	83.7029 	-1.75238e-06 	1.10928e-14
0.110855 	83.9251 	-1.75238e-06 	1.10928e-14
0.111109 	84.1473 	-1.75238e-06 	1.10928e-14
0.111363 	84.3695 	-1.75238e-06 	1.10928e-14
0.111618 	84.5917 	-1.75238e-06 	1.10927e-14
0.111872 	84.8139 	-1.75238e-06 	1.10927e-14
0.112126 	85.0361 	-1.75238e-06 	1.10927e-14
0.11238 	85.2583 	-1.75238e-06 	1.10927e-14
0.112635 	85.4805 	-1.75238e-06 	1.10927e-14
0.112889 	85.7027 	-2.86567e-06 	4.34945e-17
0.113143 	85.9138 	-1.40747e-06 	1.12336e-14
0.113397 	86.1249 	-1.40747e-06 	1.12336e-14
0.113652 	86.3361 	-1.40747e-06 	1.12336e-14
0.113906 	86.5472 	-1.40747e-06 	1.12336e-14
0.11416 	86.7583 	-1.40747e-06 	1.12335e-14
0.114414 	86.9694 	-1.40747e-06 	1.12335e-14
0.114669 	87.1805 	-1.40747e-06 	1.12335e-14
0.114923 	87.3917 	-1.40747e-06 	1.12335e-14
0.115177 	87.6028 	-1.40747e-06 	1.12335e-14
0.115431 	87.8139 	-1.40747e-06 	1.12335e-14
0.115686 	88.0119 	-1.00977e-06 	1.13372e-14
0.11594 	88.2086 	-1.00977e-06 	1.13372e-14
0.116194 	88.4054 	-1.00977e-06 	1.13372e-14
0.116448 	88.6021 	-1.00977e-06 	1.13372e-14
0.116703 	88.7988 	-1.00977e-06 	1.13372e-14
0.116957 	88.9955 	-1.00977e-06 	1.13372e-14
0.117211 	89.1922 	-1.00977e-06 	1.13372e-14
0.117465 	89.3889 	-1.00977e-06 	1.13372e-14
0.11772 	89.5857 	-1.00977e-06 	1.13371e-14
0.117974 	89.7824 	-1.00977e-06 	1.13371e-14
0.118228 	89.9645 	-6.02095e-07 	1.14078e-14
0.118482 	90.1433 	-6.02095e-07 	1.14078e-14
0.118737 	90.3222 	-6.02095e-07 	1.14078e-14
0.118991 	90.501 	-6.02095e-07 	1.14078e-14
0.119245 	90.6799 	-6.02095e-07 	1.14078e-14
0.119499 	90.8587 	-6.02095e-07 	1.14078e-14
0.119754 	91.0376 	-6.02095e-07 	1.14078e-14
0.120008 	91.2165 	-6.02095e-07 	1.14078e-14
0.120262 	91.3953 	-6.02095e-07 	1.14077e-14
0.120517 	91.5742 	-6.02095e-07 	1.14077e-14
0.120771 	91.7376 	-1.91434e-07 	1.1445e-14
0.121025 	91.8952 	-1.91434e-07 	1.1445e-14
0.121279 	92.0528 	-1.91434e-07 	1.1445e-14
0.121534 	92.2104 	-1.91434e-07 	1.1445e-14
0.121788 	92.368 	-1.91434e-07 	1.1445e-14
0.122042 	92.5256 	-1.91434e-07 	1.1445e-14
0.122296 	92.6833 	-1.91434e-07 	1.1445e-14
0.122551 	92.8409 	-1.91434e-07 	1.1445e-14
0.122805 	92.9985 	-1.91434e-07 	1.14449e-14
0.123059 	93.1561 	-1.91434e-07 	1.14449e-14
0.123313 	93.2983 	2.21921e-07 	1.14489e-14
0.123568 	93.4317 	2.21921e-07 	1.14489e-14
0.123822 	93.5651 	2.21921e-07 	1.14488e-14
0.124076 	93.6985 	2.21921e-07 	1.14488e-14
0.12433 	93.8319 	2.21921e-07 	1.14488e-14
0.124585 	93.9653 	2.21921e-07 	1.14488e-14
0.124839 	94.0987 	2.21921e-07 	1.14488e-14
0.125093 	94.2321 	2.21921e-07 	1.14488e-14
0.125347 	94.3655 	2.21921e-07 	1.14488e-14
0.125602 	94.4989 	2.21921e-07 	1.14488e-14
0.125856 	94.6178 	5.97096e-07 	1.14222e-14
0.12611 	94.7247 	5.97096e-07 	1.14222e-14
0.126364 	94.8316 	5.97096e-07 	1.14222e-14
0.126619 	94.9384 	5.97096e-07 	1.14222e-14
0.126873 	95.0453 	5.97096e-07 	1.14222e-14
0.127127 	95.1522 	5.97096e-07 	1.14222e-14
0.127381 	95.2591 	5.97096e-07 	1.14222e-14
0.127636 	95.366 	5.97096e-07 	1.14222e-14
0.12789 	95.4728 	5.97096e-07 	1.14222e-14
0.128144 	95.5797 	5.97096e-07 	1.14221e-14
0.128398 	95.674 	9.26025e-07 	1.13718e-14
0.128653 	95.7531 	9.26025e-07 	1.13718e-14
0.128907 	95.8322 	9.26025e-07 	1.13718e-14
0.129161 	95.9113 	9.26025e-07 	1.13718e-14
0.129415 	95.9904 	9.26025e-07 	1.13718e-14
0.12967 	96.0695 	9.26025e-07 	1.13718e-14
0.129924 	96.1486 	9.26025e-07 	1.13718e-14
0.130178 	96.2277 	9.26025e-07 	1.13718e-14
0.130432 	96.3068 	9.26025e-07 	1.13718e-14
0.130687 	96.3859 	9.26025e-07 	1.13718e-14
0.130941 	96.4548 	1.20541e-06 	1.13043e-14
0.131195 	96.5061 	1.20541e-06 	1.13043e-14
0.131449 	96.5573 	1.20541e-06 	1.13043e-14
0.131704 	96.6085 	1.20541e-06 	1.13043e-14
0.131958 	96.6598 	1.20541e-06 	1.13043e-14
0.132212 	96.711 	1.20541e-06 	1.13043e-14
0.132466 	96.7622 	1.20541e-06 	1.13043e-14
0.132721 	96.8134 	1.20541e-06 	1.13043e-14
0.132975 	96.8647 	1.20541e-06 	1.13043e-14
0.133229 	96.9159 	1.20541e-06 	1.13042e-14
0.133483 	96.9598 	1.42641e-06 	1.12232e-14
0.133738 	96.9841 	1.42641e-06 	1.12232e-14
0.133992 	97.0084 	1.42641e-06 	1.12232e-14
0.134246 	97.0327 	1.42641e-06 	1.12232e-14
0.134501 	97.057 	1.42641e-06 	1.12232e-14
0.134755 	97.0813 	1.42641e-06 	1.12232e-14
0.135009 	97.1056 	1.42641e-06 	1.12232e-14
0.135263 	97.1299 	1.42641e-06 	1.12232e-14
0.135518 	97.1542 	1.42641e-06 	1.12232e-14
0.135772 	97.1786 	1.42641e-06 	1.12232e-14
0.136026 	97.1983 	1.62504e-06 	1.11772e-14
0.13628 	97.1973 	1.62504e-06 	1.11772e-14
0.136535 	97.1964 	1.62504e-06 	1.11772e-14
0.136789 	97.1955 	1.62504e-06 	1.11772e-14
0.137043 	97.1945 	1.62504e-06 	1.11772e-14
0.137297 	97.1936 	1.62504e-06 	1.11772e-14
0.137552 	97.1927 	1.62504e-06 	1.11772e-14
0.137806 	97.1917 	1.62504e-06 	1.11772e-14
0.13806 	97.1908 	1.62504e-06 	1.11772e-14
0.138314 	97.1899 	1.62504e-06 	1.11772e-14
0.138569 	97.1868 	1.78147e-06 	1.10263e-14
0.138823 	97.1627 	1.78147e-06 	1.10263e-14
0.139077 	97.1385 	1.78147e-06 	1.10263e-14
0.139331 	97.1144 	1.78147e-06 	1.10263e-14
0.139586 	97.0902 	1.78147e-06 	1.10263e-14
0.13984 	97.0661 	1.78147e-06 	1.10263e-14
0.140094 	97.042 	1.78147e-06 	1.10263e-14
0.140348 	97.0178 	1.78147e-06 	1.10263e-14
0.140603 	96.9937 	1.78147e-06 	1.10263e-14
0.140857 	96.9695 	1.78147e-06 	1.10263e-14
0.141111 	96.9454 	9.679e-07 	3.02713e-17
0.141365 	96.9002 	1.90686e-06 	1.09106e-14
0.14162 	96.855 	1.90686e-06 	1.09106e-14
0.141874 	96.8098 	1.90686e-06 	1.09106e-14
0.142128 	96.7646 	1.90686e-06 	1.09106e-14
0.142382 	96.7194 	1.90686e-06 	1.09106e-14
0.142637 	96.6742 	1.90686e-06 	1.09106e-14
0.142891 	96.629 	1.90686e-06 	1.09106e-14
0.143145 	96.5837 	1.90686e-06 	1.09106e-14
0.143399 	96.5385 	1.90686e-06 	1.09106e-14
0.143654 	96.4933 	1.90686e-06 	1.09106e-14
0.143908 	96.4309 	2.02411e-06 	1.07359e-14
0.144162 	96.3668 	2.02411e-06 	1.0736e-14
0.144416 	96.3027 	2.02411e-06 	1.0736e-14
0.144671 	96.2386 	2.02411e-06 	1.0736e-14
0.144925 	96.1745 	2.02411e-06 	1.0736e-14
0.145179 	96.1104 	2.02411e-06 	1.0736e-14
0.145433 	96.0463 	2.02411e-06 	1.0736e-14
0.145688 	95.9822 	2.02411e-06 	1.0736e-14
0.145942 	95.918 	2.02411e-06 	1.0736e-14
0.146196 	95.8539 	2.02411e-06 	1.0736e-14
0.14645 	95.776 	2.13014e-06 	1.05683e-14
0.146705 	95.695 	2.13014e-06 	1.05683e-14
0.146959 	95.614 	2.13014e-06 	1.05683e-14
0.147213 	95.5331 	2.13014e-06 	1.05683e-14
0.147467 	95.4521 	2.13014e-06 	1.05683e-14
0.147722 	95.3711 	2.13014e-06 	1.05683e-14
0.147976 	95.2901 	2.13014e-06 	1.05683e-14
0.14823 	95.2091 	2.13014e-06 	1.05683e-14
0.148484 	95.1281 	2.13014e-06 	1.05683e-14
0.148739 	95.0471 	2.13014e-06 	1.05683e-14
0.148993 	94.9553 	2.23102e-06 	1.04288e-14
0.149247 	94.8593 	2.23102e-06 	1.04288e-14
0.149502 	94.7633 	2.23102e-06 	1.04288e-14
0.149756 	94.6674 	2.23102e-06 	1.04288e-14
0.15001 	94.5714 	2.23102e-06 	1.04288e-14
0.150264 	94.4754 	2.23102e-06 	1.04288e-14
0.150519 	94.3795 	2.23102e-06 	1.04288e-14
0.150773 	94.2835 	2.23102e-06 	1.04289e-14
0.151027 	94.1875 	2.23102e-06 	1.04289e-14
0.151281 	94.0916 	2.23102e-06 	1.04289e-14
0.151536 	93.9872 	2.32683e-06 	1.0287e-14
0.15179 	93.8781 	2.32683e-06 	1.0287e-14
0.152044 	93.769 	2.32683e-06 	1.0287e-14
0.152298 	93.6598 	2.32683e-06 	1.0287e-14
0.152553 	93.5507 	2.32683e-06 	1.0287e-14
0.152807 	93.4416 	2.32683e-06 	1.0287e-14
0.153061 	93.3325 	2.32683e-06 	1.0287e-14
0.153315 	93.2233 	2.32683e-06 	1.0287e-14
0.15357 	93.1142 	2.32683e-06 	1.0287e-14
0.153824 	93.0051 	2.32683e-06 	1.02871e-14
0.154078 	92.8897 	2.41427e-06 	1.01372e-14
0.154332 	92.7693 	2.41427e-06 	1.01372e-14
0.154587 	92.6488 	2.41427e-06 	1.01372e-14
0.154841 	92.5283 	2.41427e-06 	1.01372e-14
0.155095 	92.4078 	2.41427e-06 	1.01372e-14
0.155349 	92.2873 	2.41427e-06 	1.01372e-14
0.155604 	92.1668 	2.41427e-06 	1.01372e-14
0.155858 	92.0463 	2.41427e-06 	1.01372e-14
0.156112 	91.9259 	2.41427e-06 	1.01372e-14
0.156366 	91.8054 	2.41427e-06 	1.01372e-14
0.156621 	91.6806 	2.49e-06 	9.9809e-15
0.156875 	91.5506 	2.49e-06 	9.98091e-15
0.157129 	91.4206 	2.49e-06 	9.98092e-15
0.157383 	91.2906 	2.49e-06 	9.98092e-15
0.157638 	91.1606 	2.49e-06 	9.98093e-15
0.157892 	91.0306 	2.49e-06 	9.98094e-15
0.158146 	90.9006 	2.49e-06 	9.98095e-15
0.1584 	90.7706 	2.49e-06 	9.98096e-15
0.158655 	90.6406 	2.49e-06 	9.98097e-15
0.158909 	90.5106 	2.49e-06 	9.98097e-15
0.159163 	90.3778 	2.55183e-06 	9.88391e-15
0.159417 	90.2402 	2.55183e-06 	9.88392e-15
0.159672 	90.1025 	2.55183e-06 	9.88392e-15
0.159926 	89.9649 	2.55183e-06 	9.88393e-15
0.16018 	89.8273 	2.55183e-06 	9.88394e-15
0.160434 	89.6897 	2.55183e-06 	9.88395e-15
0.160689 	89.552 	2.55183e-06 	9.88396e-15
0.160943 	89.4144 	2.55183e-06 	9.88397e-15
0.161197 	89.2768 	2.55183e-06 	9.88398e-15
0.161451 	89.1392 	2.55183e-06 	9.88399e-15
0.161706 	89 	2.59908e-06 	9.76015e-15
0.16196 	88.8566 	2.59908e-06 	9.76016e-15
0.162214 	88.7132 	2.59908e-06 	9.76017e-15
0.162468 	88.5698 	2.59908e-06 	9.76018e-15
0.162723 	88.4264 	2.59908e-06 	9.76019e-15
0.162977 	88.2831 	2.59908e-06 	9.7602e-15
0.163231 	88.1397 	2.59908e-06 	9.7602e-15
0.163485 	87.9963 	2.59908e-06 	9.76021e-15
0.16374 	87.8529 	2.59908e-06 	9.76022e-15
0.163994 	87.7096 	2.59908e-06 	9.76023e-15
0.164248 	87.5655 	2.63215e-06 	9.58591e-15
0.164503 	87.4181 	2.63215e-06 	9.58592e-15
0.164757 	87.2708 	2.63215e-06 	9.58593e-15
0.165011 	87.1235 	2.63215e-06 	9.58594e-15
0.165265 	86.9762 	2.63215e-06 	9.58595e-15
0.16552 	86.8289 	2.63215e-06 	9.58596e-15
0.165774 	86.6815 	2.63215e-06 	9.58597e-15
0.166028 	86.5342 	2.63215e-06 	9.58597e-15
0.166282 	86.3869 	2.63215e-06 	9.58598e-15
0.166537 	86.2396 	2.63215e-06 	9.58599e-15
0.166791 	86.0921 	2.65189e-06 	9.41956e-15
0.167045 	85.9425 	2.65189e-06 	9.41957e-15
0.167299 	85.7929 	2.65189e-06 	9.41958e-15
0.167554 	85.6433 	2.65189e-06 	9.41959e-15
0.167808 	85.4937 	2.65189e-06 	9.4196e-15
0.168062 	85.3442 	2.65189e-06 	9.41961e-15
0.168316 	85.1946 	2.65189e-06 	9.41962e-15
0.168571 	85.045 	2.65189e-06 	9.41963e-15
0.168825 	84.8954 	2.65189e-06 	9.41964e-15
0.169079 	84.7458 	2.65189e-06 	9.41965e-15
0.169333 	84.5963 	2.01281e-06 	1.74843e-17
0.169588 	84.4459 	2.65907e-06 	9.30031e-15
0.169842 	84.2956 	2.65907e-06 	9.30032e-15
0.170096 	84.1453 	2.65907e-06 	9.30033e-15
0.17035 	83.9949 	2.65907e-06 	9.30034e-15
0.170605 	83.8446 	2.65907e-06 	9.30035e-15
0.170859 	83.6943 	2.65907e-06 	9.30036e-15
0.171113 	83.5439 	2.65907e-06 	9.30037e-15
0.171367 	83.3936 	2.65907e-06 	9.30038e-15
0.171622 	83.2433 	2.65907e-06 	9.30039e-15
0.171876 	83.093 	2.65907e-06 	9.3004e-15
0.17213 	82.9431 	2.65471e-06 	9.12809e-15
0.172384 	82.7934 	2.65471e-06 	9.1281e-15
0.172639 	82.6436 	2.65471e-06 	9.12811e-15
0.172893 	82.4938 	2.65471e-06 	9.12812e-15
0.173147 	82.344 	2.65471e-06 	9.12813e-15
0.173401 	82.1943 	2.65471e-06 	9.12814e-15
0.173656 	82.0445 	2.65471e-06 	9.12815e-15
0.17391 	81.8947 	2.65471e-06 	9.12816e-15
0.174164 	81.7449 	2.65471e-06 	9.12817e-15
0.174418 	81.5952 	2.65471e-06 	9.12818e-15
0.174673 	81.4468 	2.63938e-06 	9.01533e-15
0.174927 	81.2987 	2.63938e-06 	9.01534e-15
0.175181 	81.1505 	2.63938e-06 	9.01535e-15
0.175435 	81.0024 	2.63938e-06 	9.01536e-15
0.17569 	80.8543 	2.63938e-06 	9.01537e-15
0.175944 	80.7062 	2.63938e-06 	9.01537e-15
0.176198 	80.5581 	2.63938e-06 	9.01538e-15
0.176452 	80.41 	2.63938e-06 	9.01539e-15
0.176707 	80.2619 	2.63938e-06 	9.0154e-15
0.176961 	80.1138 	2.63938e-06 	9.01541e-15
0.177215 	79.9676 	2.61444e-06 	8.89102e-15
0.177469 	79.822 	2.61444e-06 	8.89103e-15
0.177724 	79.6765 	2.61444e-06 	8.89104e-15
0.177978 	79.531 	2.61444e-06 	8.89105e-15
0.178232 	79.3854 	2.61444e-06 	8.89106e-15
0.178486 	79.2399 	2.61444e-06 	8.89107e-15
0.178741 	79.0944 	2.61444e-06 	8.89108e-15
0.178995 	78.9488 	2.61444e-06 	8.89109e-15
0.179249 	78.8033 	2.61444e-06 	8.8911e-15
0.179504 	78.6578 	2.61444e-06 	8.8911e-15
0.179758 	78.5143 	2.58018e-06 	8.72874e-15
0.180012 	78.3721 	2.58018e-06 	8.72875e-15
0.180266 	78.2299 	2.58018e-06 	8.72876e-15
0.180521 	78.0877 	2.58018e-06 	8.72876e-15
0.180775 	77.9454 	2.58018e-06 	8.72877e-15
0.181029 	77.8032 	2.58018e-06 	8.72878e-15
0.181283 	77.661 	2.58018e-06 	8.72879e-15
0.181538 	77.5188 	2.58018e-06 	8.7288e-15
0.181792 	77.3765 	2.58018e-06 	8.72881e-15
0.182046 	77.2343 	2.58018e-06 	8.72882e-15
0.1823 	77.0942 	2.53672e-06 	8.55869e-15
0.182555 	76.9559 	2.53672e-06 	8.55869e-15
0.182809 	76.8175 	2.53672e-06 	8.5587e-15
0.183063 	76.6792 	2.53672e-06 	8.55871e-15
0.183317 	76.5408 	2.53672e-06 	8.55872e-15
0.183572 	76.4025 	2.53672e-06 	8.55873e-15
0.183826 	76.2641 	2.53672e-06 	8.55874e-15
0.18408 	76.1258 	2.53672e-06 	8.55875e-15
0.184334 	75.9875 	2.53672e-06 	8.55876e-15
0.184589 	75.8491 	2.53672e-06 	8.55877e-15
0.184843 	75.7127 	2.48502e-06 	8.3937e-15
0.185097 	75.5787 	2.48502e-06 	8.39371e-15
0.185351 	75.4447 	2.48502e-06 	8.39372e-15
0.185606 	75.3107 	2.48502e-06 	8.39373e-15
0.18586 	75.1767 	2.48502e-06 	8.39373e-15
0.186114 	75.0427 	2.48502e-06 	8.39374e-15
0.186368 	74.9087 	2.48502e-06 	8.39375e-15
0.186623 	74.7747 	2.48502e-06 	8.39376e-15
0.186877 	74.6406 	2.48502e-06 	8.39377e-15
0.187131 	74.5066 	2.48502e-06 	8.39378e-15
0.187385 	74.3743 	2.42333e-06 	8.16796e-15
0.18764 	74.245 	2.42333e-06 	8.16797e-15
0.187894 	74.1156 	2.42333e-06 	8.16798e-15
0.188148 	73.9863 	2.42333e-06 	8.16799e-15
0.188402 	73.857 	2.42333e-06 	8.16799e-15
0.188657 	73.7276 	2.42333e-06 	8.168e-15
0.188911 	73.5983 	2.42333e-06 	8.16801e-15
0.189165 	73.4689 	2.42333e-06 	8.16802e-15
0.189419 	73.3396 	2.42333e-06 	8.16803e-15
0.189674 	73.2102 	2.42333e-06 	8.16804e-15
0.189928 	73.0822 	2.3523e-06 	8.02248e-15
0.190182 	72.9578 	2.3523e-06 	8.02249e-15
0.190436 	72.8334 	2.3523e-06 	8.0225e-15
0.190691 	72.709 	2.3523e-06 	8.02251e-15
0.190945 	72.5846 	2.3523e-06 	8.02251e-15
0.191199 	72.4601 	2.3523e-06 	8.02252e-15
0.191453 	72.3357 	2.3523e-06 	8.02253e-15
0.191708 	72.2113 	2.3523e-06 	8.02254e-15
0.191962 	72.0869 	2.3523e-06 	8.02255e-15
0.192216 	71.9625 	2.3523e-06 	8.02255e-15
0.19247 	71.839 	2.27118e-06 	7.83069e-15
0.192725 	71.7196 	2.27118e-06 	7.83069e-15
0.192979 	71.6003 	2.27118e-06 	7.8307e-15
0.193233 	71.481 	2.27118e-06 	7.83071e-15
0.193487 	71.3617 	2.27118e-06 	7.83072e-15
0.193742 	71.2424 	2.27118e-06 	7.83073e-15
0.193996 	71.123 	2.27118e-06 	7.83073e-15
0.19425 	71.0037 	2.27118e-06 	7.83074e-15
0.194505 	70.8844 	2.27118e-06 	7.83075e-15
0.194759 	70.7651 	2.27118e-06 	7.83076e-15
0.195013 	70.6462 	2.17574e-06 	7.75135e-15
0.195267 	70.5321 	2.17574e-06 	7.75135e-15
0.195522 	70.418 	2.17574e-06 	7.75136e-15
0.195776 	70.3038 	2.17574e-06 	7.75137e-15
0.19603 	70.1897 	2.17574e-06 	7.75138e-15
0.196284 	70.0756 	2.17574e-06 	7.75138e-15
0.196539 	69.9615 	2.17574e-06 	7.75139e-15
0.196793 	69.8474 	2.17574e-06 	7.7514e-15
0.197047 	69.7332 	2.17574e-06 	7.75141e-15
0.197301 	69.6191 	2.17574e-06 	7.75141e-15
0.197556 	69.505 	1.6578e-06 	9.76764e-18
0.19781 	69.3962 	2.07823e-06 	7.60548e-15
0.198064 	69.2873 	2.07823e-06 	7.60549e-15
0.198318 	69.1785 	2.07823e-06 	7.6055e-15
0.198573 	69.0696 	2.07823e-06 	7.6055e-15
0.198827 	68.9608 	2.07823e-06 	7.60551e-15
0.199081 	68.852 	2.07823e-06 	7.60552e-15
0.199335 	68.7431 	2.07823e-06 	7.60552e-15
0.19959 	68.6343 	2.07823e-06 	7.60553e-15
0.199844 	68.5254 	2.07823e-06 	7.60554e-15
0.200098 	68.4166 	2.07823e-06 	7.60554e-15
0.200352 	68.3126 	1.98247e-06 	7.4704e-15
0.200607 	68.2091 	1.98247e-06 	7.47041e-15
0.200861 	68.1056 	1.98247e-06 	7.47042e-15
0.201115 	68.0021 	1.98247e-06 	7.47042e-15
0.201369 	67.8986 	1.98247e-06 	7.47043e-15
0.201624 	67.795 	1.98247e-06 	7.47044e-15
0.201878 	67.6915 	1.98247e-06 	7.47044e-15
0.202132 	67.588 	1.98247e-06 	7.47045e-15
0.202386 	67.4845 	1.98247e-06 	7.47046e-15
0.202641 	67.381 	1.98247e-06 	7.47046e-15
0.202895 	67.2819 	1.88801e-06 	7.34565e-15
0.203149 	67.1837 	1.88801e-06 	7.34565e-15
0.203403 	67.0855 	1.88801e-06 	7.34566e-15
0.203658 	66.9874 	1.88801e-06 	7.34567e-15
0.203912 	66.8892 	1.88801e-06 	7.34567e-15
0.204166 	66.791 	1.88801e-06 	7.34568e-15
0.20442 	66.6929 	1.88801e-06 	7.34569e-15
0.204675 	66.5947 	1.88801e-06 	7.34569e-15
0.204929 	66.4965 	1.88801e-06 	7.3457e-15
0.205183 	66.3984 	1.88801e-06 	7.34571e-15
0.205437 	66.3041 	1.7881e-06 	7.22796e-15
0.205692 	66.2113 	1.7881e-06 	7.22797e-15
0.205946 	66.1184 	1.7881e-06 	7.22798e-15
0.2062 	66.0256 	1.7881e-06 	7.22798e-15
0.206454 	65.9328 	1.7881e-06 	7.22799e-15
0.206709 	65.8399 	1.7881e-06 	7.22799e-15
0.206963 	65.7471 	1.7881e-06 	7.228e-15
0.207217 	65.6543 	1.7881e-06 	7.22801e-15
0.207471 	65.5614 	1.7881e-06 	7.22801e-15
0.207726 	65.4686 	1.7881e-06 	7.22802e-15
0.20798 	65.3791 	1.68e-06 	7.06373e-15
0.208234 	65.2916 	1.68e-06 	7.06374e-15
0.208488 	65.204 	1.68e-06 	7.06374e-15
0.208743 	65.1165 	1.68e-06 	7.06375e-15
0.208997 	65.029 	1.68e-06 	7.06375e-15
0.209251 	64.9414 	1.68e-06 	7.06376e-15
0.209506 	64.8539 	1.68e-06 	7.06376e-15
0.20976 	64.7664 	1.68e-06 	7.06377e-15
0.210014 	64.6788 	1.68e-06 	7.06377e-15
0.210268 	64.5913 	1.68e-06 	7.06378e-15
0.210523 	64.5066 	1.5675e-06 	7.02247e-15
0.210777 	64.4243 	1.5675e-06 	7.02248e-15
0.211031 	64.342 	1.5675e-06 	7.02248e-15
0.211285 	64.2597 	1.5675e-06 	7.02249e-15
0.21154 	64.1775 	1.5675e-06 	7.02249e-15
0.211794 	64.0952 	1.5675e-06 	7.0225e-15
0.212048 	64.0129 	1.5675e-06 	7.02251e-15
0.212302 	63.9306 	1.5675e-06 	7.02251e-15
0.212557 	63.8483 	1.5675e-06 	7.02252e-15
0.212811 	63.766 	1.5675e-06 	7.02252e-15
0.213065 	63.6861 	1.45293e-06 	6.91691e-15
0.213319 	63.609 	1.45293e-06 	6.91692e-15
0.213574 	63.5319 	1.45293e-06 	6.91692e-15
0.213828 	63.4549 	1.45293e-06 	6.91693e-15
0.214082 	63.3778 	1.45293e-06 	6.91693e-15
0.214336 	63.3007 	1.45293e-06 	6.91694e-15
0.214591 	63.2236 	1.45293e-06 	6.91694e-15
0.214845 	63.1465 	1.45293e-06 	6.91695e-15
0.215099 	63.0694 	1.45293e-06 	6.91695e-15
0.215353 	62.9923 	1.45293e-06 	6.91696e-15
0.215608 	62.9171 	1.33779e-06 	6.87593e-15
0.215862 	62.8452 	1.33779e-06 	6.87593e-15
0.216116 	62.7733 	1.33779e-06 	6.87594e-15
0.21637 	62.7013 	1.33779e-06 	6.87594e-15
0.216625 	62.6294 	1.33779e-06 	6.87595e-15
0.216879 	62.5574 	1.33779e-06 	6.87595e-15
0.217133 	62.4855 	1.33779e-06 	6.87596e-15
0.217387 	62.4135 	1.33779e-06 	6.87596e-15
0.217642 	62.3416 	1.33779e-06 	6.87597e-15
0.217896 	62.2697 	1.33779e-06 	6.87597e-15
0.21815 	62.1991 	1.22283e-06 	6.74025e-15
0.218404 	62.1322 	1.22283e-06 	6.74025e-15
0.218659 	62.0654 	1.22283e-06 	6.74026e-15
0.218913 	61.9985 	1.22283e-06 	6.74026e-15
0.219167 	61.9316 	1.22283e-06 	6.74026e-15
0.219421 	61.8648 	1.22283e-06 	6.74027e-15
0.219676 	61.7979 	1.22283e-06 	6.74027e-15
0.21993 	61.7311 	1.22283e-06 	6.74028e-15
0.220184 	61.6642 	1.22283e-06 	6.74028e-15
0.220438 	61.5973 	1.22283e-06 	6.74029e-15
0.220693 	61.5314 	1.10873e-06 	6.71292e-15
0.220947 	61.4695 	1.10873e-06 	6.71292e-15
0.221201 	61.4077 	1.10873e-06 	6.71293e-15
0.221455 	61.3458 	1.10873e-06 	6.71293e-15
0.22171 	61.284 	1.10873e-06 	6.71293e-15
0.221964 	61.2221 	1.10873e-06 	6.71294e-15
0.222218 	61.1603 	1.10873e-06 	6.71294e-15
0.222472 	61.0984 	1.10873e-06 	6.71295e-15
0.222727 	61.0366 	1.10873e-06 	6.71295e-15
0.222981 	60.9747 	1.10873e-06 	6.71295e-15
0.223235 	60.9133 	9.95592e-07 	6.59438e-15
0.223489 	60.8564 	9.95592e-07 	6.59438e-15
0.223744 	60.7995 	9.95592e-07 	6.59438e-15
0.223998 	60.7426 	9.95592e-07 	6.59439e-15
0.224252 	60.6857 	9.95592e-07 	6.59439e-15
0.224507 	60.6288 	9.95592e-07 	6.59439e-15
0.224761 	60.5719 	9.95592e-07 	6.5944e-15
0.225015 	60.515 	9.95592e-07 	6.5944e-15
0.225269 	60.4581 	9.95592e-07 	6.5944e-15
0.225524 	60.4012 	9.95592e-07 	6.59441e-15
0.225778 	60.3443 	8.95111e-07 	3.35076e-18
0.226032 	60.2923 	8.83156e-07 	6.56914e-15
0.226286 	60.2403 	8.83156e-07 	6.56915e-15
0.226541 	60.1882 	8.83156e-07 	6.56915e-15
0.226795 	60.1362 	8.83156e-07 	6.56915e-15
0.227049 	60.0842 	8.83156e-07 	6.56916e-15
0.227303 	60.0322 	8.83156e-07 	6.56916e-15
0.227558 	59.9801 	8.83156e-07 	6.56916e-15
0.227812 	59.9281 	8.83156e-07 	6.56917e-15
0.228066 	59.8761 	8.83156e-07 	6.56917e-15
0.22832 	59.8241 	8.83156e-07 	6.56917e-15
0.228575 	59.7764 	7.71174e-07 	6.55994e-15
0.228829 	59.7292 	7.71174e-07 	6.55994e-15
0.229083 	59.682 	7.71174e-07 	6.55995e-15
0.229337 	59.6347 	7.71174e-07 	6.55995e-15
0.229592 	59.5875 	7.71174e-07 	6.55995e-15
0.229846 	59.5403 	7.71174e-07 	6.55996e-15
0.2301 	59.493 	7.71174e-07 	6.55996e-15
0.230354 	59.4458 	7.71174e-07 	6.55996e-15
0.230609 	59.3986 	7.71174e-07 	6.55996e-15
0.230863 	59.3514 	7.71174e-07 	6.55997e-15
0.231117 	59.308 	6.60707e-07 	6.50696e-15
0.231371 	59.2655 	6.60707e-07 	6.50696e-15
0.231626 	59.2229 	6.60707e-07 	6.50697e-15
0.23188 	59.1804 	6.60707e-07 	6.50697e-15
0.232134 	59.1379 	6.60707e-07 	6.50697e-15
0.232388 	59.0954 	6.60707e-07 	6.50697e-15
0.232643 	59.0529 	6.60707e-07 	6.50698e-15
0.232897 	59.0103 	6.60707e-07 	6.50698e-15
0.233151 	58.9678 	6.60707e-07 	6.50698e-15
0.233405 	58.9253 	6.60707e-07 	6.50698e-15
0.23366 	58.8861 	5.54712e-07 	6.45549e-15
0.233914 	58.8482 	5.54712e-07 	6.45549e-15
0.234168 	58.8103 	5.54712e-07 	6.45549e-15
0.234422 	58.7724 	5.54712e-07 	6.4555e-15
0.234677 	58.7345 	5.54712e-07 	6.4555e-15
0.234931 	58.6965 	5.54712e-07 	6.4555e-15
0.235185 	58.6586 	5.54712e-07 	6.4555e-15
0.235439 	58.6207 	5.54712e-07 	6.45551e-15
0.235694 	58.5828 	5.54712e-07 	6.45551e-15
0.235948 	58.5449 	5.54712e-07 	6.45551e-15
0.236202 	58.5098 	4.54808e-07 	6.41156e-15
0.236456 	58.4764 	4.54808e-07 	6.41156e-15
0.236711 	58.443 	4.54808e-07 	6.41156e-15
0.236965 	58.4095 	4.54808e-07 	6.41157e-15
0.237219 	58.3761 	4.54808e-07 	6.41157e-15
0.237473 	58.3427 	4.54808e-07 	6.41157e-15
0.237728 	58.3092 	4.54808e-07 	6.41157e-15
0.237982 	58.2758 	4.54808e-07 	6.41157e-15
0.238236 	58.2424 	4.54808e-07 	6.41158e-15
0.23849 	58.2089 	4.54808e-07 	6.41158e-15
0.238745 	58.1779 	3.66349e-07 	6.37454e-15
0.238999 	58.1488 	3.66349e-07 	6.37454e-15
0.239253 	58.1197 	3.66349e-07 	6.37454e-15
0.239508 	58.0906 	3.66349e-07 	6.37454e-15
0.239762 	58.0615 	3.66349e-07 	6.37454e-15
0.240016 	58.0324 	3.66349e-07 	6.37455e-15
0.24027 	58.0033 	3.66349e-07 	6.37455e-15
0.240525 	57.9742 	3.66349e-07 	6.37455e-15
0.240779 	57.9451 	3.66349e-07 	6.37455e-15
0.241033 	57.916 	3.66349e-07 	6.37455e-15
0.241287 	57.8888 	2.89353e-07 	6.28988e-15
0.241542 	57.8638 	2.89353e-07 	6.28988e-15
0.241796 	57.8388 	2.89353e-07 	6.28988e-15
0.24205 	57.8139 	2.89353e-07 	6.28989e-15
0.242304 	57.7889 	2.89353e-07 	6.28989e-15
0.242559 	57.7639 	2.89353e-07 	6.28989e-15
0.242813 	57.7389 	2.89353e-07 	6.28989e-15
0.243067 	57.714 	2.89353e-07 	6.28989e-15
0.243321 	57.689 	2.89353e-07 	6.28989e-15
0.243576 	57.664 	2.89353e-07 	6.2899e-15
0.24383 	57.6404 	2.21071e-07 	6.26553e-15
0.244084 	57.6193 	2.21071e-07 	6.26553e-15
0.244338 	57.5982 	2.21071e-07 	6.26553e-15
0.244593 	57.577 	2.21071e-07 	6.26553e-15
0.244847 	57.5559 	2.21071e-07 	6.26554e-15
0.245101 	57.5347 	2.21071e-07 	6.26554e-15
0.245355 	57.5136 	2.21071e-07 	6.26554e-15
0.24561 	57.4925 	2.21071e-07 	6.26554e-15
0.245864 	57.4713 	2.21071e-07 	6.26554e-15
0.246118 	57.4502 	2.21071e-07 	6.26554e-15
0.246372 	57.43 	1.62292e-07 	6.29747e-15
0.246627 	57.4123 	1.62292e-07 	6.29747e-15
0.246881 	57.3947 	1.62292e-07 	6.29747e-15
0.247135 	57.377 	1.62292e-07 	6.29747e-15
0.247389 	57.3593 	1.62292e-07 	6.29748e-15
0.247644 	57.3417 	1.62292e-07 	6.29748e-15
0.247898 	57.324 	1.62292e-07 	6.29748e-15
0.248152 	57.3064 	1.62292e-07 	6.29748e-15
0.248406 	57.2887 	1.62292e-07 	6.29748e-15
0.248661 	57.271 	1.62292e-07 	6.29748e-15
0.248915 	57.2527 	1.15185e-07 	6.27467e-15
0.249169 	57.2314 	1.15185e-07 	6.27467e-15
0.249423 	57.2102 	1.15185e-07 	6.27467e-15
0.249678 	57.1889 	1.15185e-07 	6.27467e-15
0.249932 	57.1676 	1.15185e-07 	6.27467e-15
0.250186 	57.1464 	1.15185e-07 	6.27467e-15
0.25044 	57.1251 	1.15185e-07 	6.27468e-15
0.250695 	57.1038 	1.15185e-07 	6.27468e-15
0.250949 	57.0826 	1.15185e-07 	6.27468e-15
0.251203 	57.0613 	1.15185e-07 	6.27468e-15
0.251457 	57.0408 	8.25438e-08 	6.26091e-15
0.251712 	57.0275 	8.25438e-08 	6.26091e-15
0.251966 	57.0142 	8.25438e-08 	6.26091e-15
0.25222 	57.001 	8.25438e-08 	6.26091e-15
0.252474 	56.9877 	8.25438e-08 	6.26091e-15
0.252729 	56.9745 	8.25438e-08 	6.26091e-15
0.252983 	56.9612 	8.25438e-08 	6.26092e-15
0.253237 	56.9479 	8.25438e-08 	6.26092e-15
0.253491 	56.9347 	8.25438e-08 	6.26092e-15
0.253746 	56.9214 	8.25438e-08 	6.26092e-15
0.254 	56.9082 	1.92553e-07 	2.96061e-18
