0 	31.9367 	-2.73811e-07 	2.94947e-18
0.000254254 	31.9424 	-2.74175e-07 	5.62652e-15
0.000508509 	31.9482 	-2.74175e-07 	5.62652e-15
0.000762763 	31.954 	-2.74175e-07 	5.62652e-15
0.00101702 	31.9598 	-2.74175e-07 	5.62652e-15
0.00127127 	31.9656 	-2.74175e-07 	5.62652e-15
0.00152553 	31.9713 	-2.74175e-07 	5.62652e-15
0.00177978 	31.9771 	-2.74175e-07 	5.62652e-15
0.00203403 	31.9829 	-2.74175e-07 	5.62652e-15
0.00228829 	31.9887 	-2.74175e-07 	5.62652e-15
0.00254254 	31.9945 	-2.74175e-07 	5.62652e-15
0.0027968 	32.0079 	-2.79615e-07 	5.63142e-15
0.00305105 	32.0221 	-2.79615e-07 	5.63142e-15
0.00330531 	32.0363 	-2.79615e-07 	5.63142e-15
0.00355956 	32.0505 	-2.79615e-07 	5.63142e-15
0.00381381 	32.0648 	-2.79615e-07 	5.63142e-15
0.00406807 	32.079 	-2.79615e-07 	5.63142e-15
0.00432232 	32.0932 	-2.79615e-07 	5.63142e-15
0.00457658 	32.1074 	-2.79615e-07 	5.63142e-15
0.00483083 	32.1216 	-2.79615e-07 	5.63142e-15
0.00508509 	32.1358 	-2.79615e-07 	5.63142e-15
0.00533934 	32.1526 	-3.02991e-07 	5.68042e-15
0.00559359 	32.1699 	-3.02991e-07 	5.68041e-15
0.00584785 	32.1872 	-3.02991e-07 	5.68041e-15
0.0061021 	32.2045 	-3.02991e-07 	5.68041e-15
0.00635636 	32.2218 	-3.02991e-07 	5.68041e-15
0.00661061 	32.2391 	-3.02991e-07 	5.68041e-15
0.00686486 	32.2564 	-3.02991e-07 	5.68041e-15
0.00711912 	32.2737 	-3.02991e-07 	5.68041e-15
0.00737337 	32.291 	-3.02991e-07 	5.68041e-15
0.00762763 	32.3083 	-3.02991e-07 	5.68041e-15
0.00788188 	32.3263 	-3.43389e-07 	5.7044e-15
0.00813614 	32.3447 	-3.43389e-07 	5.70439e-15
0.00839039 	32.363 	-3.43389e-07 	5.70439e-15
0.00864464 	32.3813 	-3.43389e-07 	5.70439e-15
0.0088989 	32.3997 	-3.43389e-07 	5.70439e-15
0.00915315 	32.418 	-3.43389e-07 	5.70439e-15
0.00940741 	32.4363 	-3.43389e-07 	5.70439e-15
0.00966166 	32.4547 	-3.43389e-07 	5.70439e-15
0.00991592 	32.473 	-3.43389e-07 	5.70439e-15
0.0101702 	32.4913 	-3.43389e-07 	5.70439e-15
0.0104244 	32.5108 	-3.96945e-07 	5.77387e-15
0.0106787 	32.531 	-3.96945e-07 	5.77387e-15
0.0109329 	32.5512 	-3.96945e-07 	5.77387e-15
0.0111872 	32.5713 	-3.96945e-07 	5.77387e-15
0.0114414 	32.5915 	-3.96945e-07 	5.77387e-15
0.0116957 	32.6117 	-3.96945e-07 	5.77387e-15
0.0119499 	32.6319 	-3.96945e-07 	5.77387e-15
0.0122042 	32.652 	-3.96945e-07 	5.77387e-15
0.0124585 	32.6722 	-3.96945e-07 	5.77386e-15
0.0127127 	32.6924 	-3.96945e-07 	5.77386e-15
0.012967 	32.7141 	-4.60187e-07 	5.85452e-15
0.0132212 	32.7372 	-4.60187e-07 	5.85452e-15
0.0134755 	32.7603 	-4.60187e-07 	5.85452e-15
0.0137297 	32.7834 	-4.60187e-07 	5.85452e-15
0.013984 	32.8065 	-4.60187e-07 	5.85452e-15
0.0142382 	32.8296 	-4.60187e-07 	5.85452e-15
0.0144925 	32.8527 	-4.60187e-07 	5.85452e-15
0.0147467 	32.8758 	-4.60187e-07 	5.85451e-15
0.015001 	32.8989 	-4.60187e-07 	5.85451e-15
0.0152553 	32.922 	-4.60187e-07 	5.85451e-15
0.0155095 	32.9467 	-5.30487e-07 	5.88941e-15
0.0157638 	32.9734 	-5.30487e-07 	5.88941e-15
0.016018 	33.0002 	-5.30487e-07 	5.88941e-15
0.0162723 	33.0269 	-5.30487e-07 	5.88941e-15
0.0165265 	33.0536 	-5.30487e-07 	5.88941e-15
0.0167808 	33.0803 	-5.30487e-07 	5.8894e-15
0.017035 	33.107 	-5.30487e-07 	5.8894e-15
0.0172893 	33.1337 	-5.30487e-07 	5.8894e-15
0.0175435 	33.1604 	-5.30487e-07 	5.8894e-15
0.0177978 	33.1871 	-5.30487e-07 	5.8894e-15
0.0180521 	33.2153 	-6.06007e-07 	5.93455e-15
0.0183063 	33.246 	-6.06007e-07 	5.93455e-15
0.0185606 	33.2767 	-6.06007e-07 	5.93454e-15
0.0188148 	33.3074 	-6.06007e-07 	5.93454e-15
0.0190691 	33.3381 	-6.06007e-07 	5.93454e-15
0.0193233 	33.3688 	-6.06007e-07 	5.93454e-15
0.0195776 	33.3995 	-6.06007e-07 	5.93454e-15
0.0198318 	33.4302 	-6.06007e-07 	5.93454e-15
0.0200861 	33.4609 	-6.06007e-07 	5.93453e-15
0.0203403 	33.4917 	-6.06007e-07 	5.93453e-15
0.0205946 	33.5235 	-6.8559e-07 	5.98881e-15
0.0208488 	33.5584 	-6.8559e-07 	5.98881e-15
0.0211031 	33.5934 	-6.8559e-07 	5.9888e-15
0.0213574 	33.6283 	-6.8559e-07 	5.9888e-15
0.0216116 	33.6632 	-6.8559e-07 	5.9888e-15
0.0218659 	33.6982 	-6.8559e-07 	5.9888e-15
0.0221201 	33.7331 	-6.8559e-07 	5.98879e-15
0.0223744 	33.768 	-6.8559e-07 	5.98879e-15
0.0226286 	33.803 	-6.8559e-07 	5.98879e-15
0.0228829 	33.8379 	-6.8559e-07 	5.98879e-15
0.0231371 	33.8736 	-7.6857e-07 	6.05258e-15
0.0233914 	33.913 	-7.6857e-07 	6.05258e-15
0.0236456 	33.9523 	-7.6857e-07 	6.05257e-15
0.0238999 	33.9917 	-7.6857e-07 	6.05257e-15
0.0241542 	34.031 	-7.6857e-07 	6.05257e-15
0.0244084 	34.0704 	-7.6857e-07 	6.05257e-15
0.0246627 	34.1097 	-7.6857e-07 	6.05256e-15
0.0249169 	34.1491 	-7.6857e-07 	6.05256e-15
0.0251712 	34.1884 	-7.6857e-07 	6.05256e-15
0.0254254 	34.2278 	-7.6857e-07 	6.05256e-15
0.0256797 	34.2675 	-8.54399e-07 	6.12616e-15
0.0259339 	34.3115 	-8.54399e-07 	6.12616e-15
0.0261882 	34.3554 	-8.54399e-07 	6.12615e-15
0.0264424 	34.3994 	-8.54399e-07 	6.12615e-15
0.0266967 	34.4433 	-8.54399e-07 	6.12615e-15
0.026951 	34.4873 	-8.54399e-07 	6.12615e-15
0.0272052 	34.5312 	-8.54399e-07 	6.12614e-15
0.0274595 	34.5752 	-8.54399e-07 	6.12614e-15
0.0277137 	34.6191 	-8.54399e-07 	6.12614e-15
0.027968 	34.6631 	-8.54399e-07 	6.12614e-15
0.0282222 	34.707 	-9.92668e-07 	1.54418e-18
0.0284765 	34.7557 	-9.41729e-07 	6.20973e-15
0.0287307 	34.8044 	-9.41729e-07 	6.20973e-15
0.028985 	34.8532 	-9.41729e-07 	6.20973e-15
0.0292392 	34.9019 	-9.41729e-07 	6.20972e-15
0.0294935 	34.9506 	-9.41729e-07 	6.20972e-15
0.0297477 	34.9993 	-9.41729e-07 	6.20972e-15
0.030002 	35.048 	-9.41729e-07 	6.20971e-15
0.0302563 	35.0968 	-9.41729e-07 	6.20971e-15
0.0305105 	35.1455 	-9.41729e-07 	6.20971e-15
0.0307648 	35.1942 	-9.41729e-07 	6.2097e-15
0.031019 	35.2474 	-1.02846e-06 	6.35004e-15
0.0312733 	35.3011 	-1.02846e-06 	6.35003e-15
0.0315275 	35.3548 	-1.02846e-06 	6.35003e-15
0.0317818 	35.4085 	-1.02846e-06 	6.35003e-15
0.032036 	35.4621 	-1.02846e-06 	6.35002e-15
0.0322903 	35.5158 	-1.02846e-06 	6.35002e-15
0.0325445 	35.5695 	-1.02846e-06 	6.35002e-15
0.0327988 	35.6232 	-1.02846e-06 	6.35001e-15
0.0330531 	35.6769 	-1.02846e-06 	6.35001e-15
0.0333073 	35.7305 	-1.02846e-06 	6.35001e-15
0.0335616 	35.7884 	-1.11681e-06 	6.40292e-15
0.0338158 	35.8473 	-1.11681e-06 	6.40291e-15
0.0340701 	35.9061 	-1.11681e-06 	6.40291e-15
0.0343243 	35.9649 	-1.11681e-06 	6.40291e-15
0.0345786 	36.0237 	-1.11681e-06 	6.4029e-15
0.0348328 	36.0825 	-1.11681e-06 	6.4029e-15
0.0350871 	36.1414 	-1.11681e-06 	6.40289e-15
0.0353413 	36.2002 	-1.11681e-06 	6.40289e-15
0.0355956 	36.259 	-1.11681e-06 	6.40289e-15
0.0358498 	36.3178 	-1.11681e-06 	6.40288e-15
0.0361041 	36.3805 	-1.20776e-06 	6.56688e-15
0.0363584 	36.4447 	-1.20776e-06 	6.56688e-15
0.0366126 	36.5089 	-1.20776e-06 	6.56687e-15
0.0368669 	36.573 	-1.20776e-06 	6.56687e-15
0.0371211 	36.6372 	-1.20776e-06 	6.56686e-15
0.0373754 	36.7014 	-1.20776e-06 	6.56686e-15
0.0376296 	36.7655 	-1.20776e-06 	6.56686e-15
0.0378839 	36.8297 	-1.20776e-06 	6.56685e-15
0.0381381 	36.8939 	-1.20776e-06 	6.56685e-15
0.0383924 	36.958 	-1.20776e-06 	6.56684e-15
0.0386466 	37.0257 	-1.30306e-06 	6.73346e-15
0.0389009 	37.0954 	-1.30306e-06 	6.73346e-15
0.0391552 	37.1651 	-1.30306e-06 	6.73345e-15
0.0394094 	37.2348 	-1.30306e-06 	6.73345e-15
0.0396637 	37.3046 	-1.30306e-06 	6.73344e-15
0.0399179 	37.3743 	-1.30306e-06 	6.73344e-15
0.0401722 	37.444 	-1.30306e-06 	6.73343e-15
0.0404264 	37.5137 	-1.30306e-06 	6.73343e-15
0.0406807 	37.5834 	-1.30306e-06 	6.73342e-15
0.0409349 	37.6531 	-1.30306e-06 	6.73342e-15
0.0411892 	37.726 	-1.40209e-06 	6.92064e-15
0.0414434 	37.8014 	-1.40209e-06 	6.92064e-15
0.0416977 	37.8769 	-1.40209e-06 	6.92063e-15
0.041952 	37.9524 	-1.40209e-06 	6.92063e-15
0.0422062 	38.0279 	-1.40209e-06 	6.92062e-15
0.0424605 	38.1033 	-1.40209e-06 	6.92062e-15
0.0427147 	38.1788 	-1.40209e-06 	6.92061e-15
0.042969 	38.2543 	-1.40209e-06 	6.92061e-15
0.0432232 	38.3297 	-1.40209e-06 	6.9206e-15
0.0434775 	38.4052 	-1.40209e-06 	6.9206e-15
0.0437317 	38.4834 	-1.50454e-06 	7.06926e-15
0.043986 	38.5649 	-1.50454e-06 	7.06925e-15
0.0442402 	38.6463 	-1.50454e-06 	7.06924e-15
0.0444945 	38.7278 	-1.50454e-06 	7.06924e-15
0.0447487 	38.8093 	-1.50454e-06 	7.06923e-15
0.045003 	38.8907 	-1.50454e-06 	7.06923e-15
0.0452573 	38.9722 	-1.50454e-06 	7.06922e-15
0.0455115 	39.0537 	-1.50454e-06 	7.06922e-15
0.0457658 	39.1351 	-1.50454e-06 	7.06921e-15
0.04602 	39.2166 	-1.50454e-06 	7.06921e-15
0.0462743 	39.3003 	-1.61033e-06 	7.18479e-15
0.0465285 	39.388 	-1.61033e-06 	7.18478e-15
0.0467828 	39.4757 	-1.61033e-06 	7.18477e-15
0.047037 	39.5634 	-1.61033e-06 	7.18477e-15
0.0472913 	39.6511 	-1.61033e-06 	7.18476e-15
0.0475455 	39.7388 	-1.61033e-06 	7.18476e-15
0.0477998 	39.8264 	-1.61033e-06 	7.18475e-15
0.0480541 	39.9141 	-1.61033e-06 	7.18475e-15
0.0483083 	40.0018 	-1.61033e-06 	7.18474e-15
0.0485626 	40.0895 	-1.61033e-06 	7.18473e-15
0.0488168 	40.179 	-1.7193e-06 	7.30725e-15
0.0490711 	40.2731 	-1.7193e-06 	7.30725e-15
0.0493253 	40.3673 	-1.7193e-06 	7.30724e-15
0.0495796 	40.4615 	-1.7193e-06 	7.30723e-15
0.0498338 	40.5556 	-1.7193e-06 	7.30723e-15
0.0500881 	40.6498 	-1.7193e-06 	7.30722e-15
0.0503423 	40.744 	-1.7193e-06 	7.30722e-15
0.0505966 	40.8381 	-1.7193e-06 	7.30721e-15
0.0508509 	40.9323 	-1.7193e-06 	7.3072e-15
0.0511051 	41.0264 	-1.7193e-06 	7.3072e-15
0.0513594 	41.1218 	-1.83115e-06 	7.49447e-15
0.0516136 	41.2227 	-1.83115e-06 	7.49447e-15
0.0518679 	41.3236 	-1.83115e-06 	7.49446e-15
0.0521221 	41.4245 	-1.83115e-06 	7.49446e-15
0.0523764 	41.5254 	-1.83115e-06 	7.49445e-15
0.0526306 	41.6263 	-1.83115e-06 	7.49444e-15
0.0528849 	41.7272 	-1.83115e-06 	7.49444e-15
0.0531391 	41.8281 	-1.83115e-06 	7.49443e-15
0.0533934 	41.929 	-1.83115e-06 	7.49442e-15
0.0536476 	42.0298 	-1.83115e-06 	7.49442e-15
0.0539019 	42.1314 	-1.94542e-06 	7.63753e-15
0.0541562 	42.2392 	-1.94542e-06 	7.63752e-15
0.0544104 	42.3471 	-1.94542e-06 	7.63751e-15
0.0546647 	42.455 	-1.94542e-06 	7.6375e-15
0.0549189 	42.5628 	-1.94542e-06 	7.6375e-15
0.0551732 	42.6707 	-1.94542e-06 	7.63749e-15
0.0554274 	42.7786 	-1.94542e-06 	7.63748e-15
0.0556817 	42.8865 	-1.94542e-06 	7.63748e-15
0.0559359 	42.9943 	-1.94542e-06 	7.63747e-15
0.0561902 	43.1022 	-1.94542e-06 	7.63746e-15
0.0564444 	43.2101 	-2.31561e-06 	8.60641e-19
0.0566987 	43.3252 	-2.06139e-06 	7.85218e-15
0.056953 	43.4403 	-2.06139e-06 	7.85217e-15
0.0572072 	43.5554 	-2.06139e-06 	7.85216e-15
0.0574615 	43.6705 	-2.06139e-06 	7.85216e-15
0.0577157 	43.7856 	-2.06139e-06 	7.85215e-15
0.05797 	43.9007 	-2.06139e-06 	7.85214e-15
0.0582242 	44.0158 	-2.06139e-06 	7.85213e-15
0.0584785 	44.1309 	-2.06139e-06 	7.85213e-15
0.0587327 	44.2461 	-2.06139e-06 	7.85212e-15
0.058987 	44.3612 	-2.06139e-06 	7.85211e-15
0.0592412 	44.4831 	-2.17799e-06 	8.07449e-15
0.0594955 	44.6057 	-2.17799e-06 	8.07448e-15
0.0597497 	44.7283 	-2.17799e-06 	8.07448e-15
0.060004 	44.8509 	-2.17799e-06 	8.07447e-15
0.0602583 	44.9735 	-2.17799e-06 	8.07446e-15
0.0605125 	45.0961 	-2.17799e-06 	8.07445e-15
0.0607668 	45.2187 	-2.17799e-06 	8.07445e-15
0.061021 	45.3413 	-2.17799e-06 	8.07444e-15
0.0612753 	45.4639 	-2.17799e-06 	8.07443e-15
0.0615295 	45.5865 	-2.17799e-06 	8.07442e-15
0.0617838 	45.7154 	-2.29524e-06 	8.34732e-15
0.062038 	45.8457 	-2.29524e-06 	8.34731e-15
0.0622923 	45.9761 	-2.29524e-06 	8.3473e-15
0.0625465 	46.1064 	-2.29524e-06 	8.3473e-15
0.0628008 	46.2367 	-2.29524e-06 	8.34729e-15
0.0630551 	46.3671 	-2.29524e-06 	8.34728e-15
0.0633093 	46.4974 	-2.29524e-06 	8.34727e-15
0.0635636 	46.6277 	-2.29524e-06 	8.34726e-15
0.0638178 	46.758 	-2.29524e-06 	8.34725e-15
0.0640721 	46.8884 	-2.29524e-06 	8.34725e-15
0.0643263 	47.0245 	-2.41255e-06 	8.56169e-15
0.0645806 	47.1628 	-2.41255e-06 	8.56168e-15
0.0648348 	47.3011 	-2.41255e-06 	8.56167e-15
0.0650891 	47.4393 	-2.41255e-06 	8.56166e-15
0.0653433 	47.5776 	-2.41255e-06 	8.56165e-15
0.0655976 	47.7159 	-2.41255e-06 	8.56164e-15
0.0658519 	47.8542 	-2.41255e-06 	8.56163e-15
0.0661061 	47.9925 	-2.41255e-06 	8.56163e-15
0.0663604 	48.1308 	-2.41255e-06 	8.56162e-15
0.0666146 	48.2691 	-2.41255e-06 	8.56161e-15
0.0668689 	48.4126 	-2.52858e-06 	8.81315e-15
0.0671231 	48.5591 	-2.52858e-06 	8.81314e-15
0.0673774 	48.7055 	-2.52858e-06 	8.81313e-15
0.0676316 	48.852 	-2.52858e-06 	8.81312e-15
0.0678859 	48.9985 	-2.52858e-06 	8.81311e-15
0.0681401 	49.145 	-2.52858e-06 	8.8131e-15
0.0683944 	49.2915 	-2.52858e-06 	8.8131e-15
0.0686486 	49.4379 	-2.52858e-06 	8.81309e-15
0.0689029 	49.5844 	-2.52858e-06 	8.81308e-15
0.0691572 	49.7309 	-2.52858e-06 	8.81307e-15
0.0694114 	49.882 	-2.64254e-06 	9.0851e-15
0.0696657 	50.0369 	-2.64254e-06 	9.08509e-15
0.0699199 	50.1919 	-2.64254e-06 	9.08508e-15
0.0701742 	50.3468 	-2.64254e-06 	9.08507e-15
0.0704284 	50.5017 	-2.64254e-06 	9.08506e-15
0.0706827 	50.6567 	-2.64254e-06 	9.08505e-15
0.0709369 	50.8116 	-2.64254e-06 	9.08504e-15
0.0711912 	50.9665 	-2.64254e-06 	9.08503e-15
0.0714454 	51.1214 	-2.64254e-06 	9.08502e-15
0.0716997 	51.2764 	-2.64254e-06 	9.08501e-15
0.071954 	51.4352 	-2.74214e-06 	9.37014e-15
0.0722082 	51.5988 	-2.74214e-06 	9.37013e-15
0.0724625 	51.7623 	-2.74214e-06 	9.37012e-15
0.0727167 	51.9259 	-2.74214e-06 	9.3701e-15
0.072971 	52.0895 	-2.74214e-06 	9.37009e-15
0.0732252 	52.253 	-2.74214e-06 	9.37008e-15
0.0734795 	52.4166 	-2.74214e-06 	9.37007e-15
0.0737337 	52.5802 	-2.74214e-06 	9.37006e-15
0.073988 	52.7437 	-2.74214e-06 	9.37005e-15
0.0742422 	52.9073 	-2.74214e-06 	9.37004e-15
0.0744965 	53.074 	-2.82177e-06 	9.66728e-15
0.0747508 	53.2463 	-2.82177e-06 	9.66727e-15
0.075005 	53.4185 	-2.82177e-06 	9.66726e-15
0.0752593 	53.5908 	-2.82177e-06 	9.66725e-15
0.0755135 	53.7631 	-2.82177e-06 	9.66723e-15
0.0757678 	53.9353 	-2.82177e-06 	9.66722e-15
0.076022 	54.1076 	-2.82177e-06 	9.66721e-15
0.0762763 	54.2799 	-2.82177e-06 	9.6672e-15
0.0765305 	54.4521 	-2.82177e-06 	9.66719e-15
0.0767848 	54.6244 	-2.82177e-06 	9.66718e-15
0.077039 	54.799 	-2.88552e-06 	9.9305e-15
0.0772933 	54.98 	-2.88552e-06 	9.93049e-15
0.0775475 	55.1609 	-2.88552e-06 	9.93047e-15
0.0778018 	55.3419 	-2.88552e-06 	9.93046e-15
0.0780561 	55.5228 	-2.88552e-06 	9.93045e-15
0.0783103 	55.7037 	-2.88552e-06 	9.93044e-15
0.0785646 	55.8847 	-2.88552e-06 	9.93043e-15
0.0788188 	56.0656 	-2.88552e-06 	9.93042e-15
0.0790731 	56.2466 	-2.88552e-06 	9.9304e-15
0.0793273 	56.4275 	-2.88552e-06 	9.93039e-15
0.0795816 	56.61 	-2.92176e-06 	1.02372e-14
0.0798358 	56.7995 	-2.92176e-06 	1.02372e-14
0.0800901 	56.989 	-2.92176e-06 	1.02371e-14
0.0803443 	57.1786 	-2.92176e-06 	1.02371e-14
0.0805986 	57.3681 	-2.92176e-06 	1.02371e-14
0.0808529 	57.5576 	-2.92176e-06 	1.02371e-14
0.0811071 	57.7471 	-2.92176e-06 	1.02371e-14
0.0813614 	57.9366 	-2.92176e-06 	1.02371e-14
0.0816156 	58.1261 	-2.92176e-06 	1.02371e-14
0.0818699 	58.3156 	-2.92176e-06 	1.02371e-14
0.0821241 	58.5059 	-2.92703e-06 	1.05569e-14
0.0823784 	58.7038 	-2.92703e-06 	1.05569e-14
0.0826326 	58.9017 	-2.92703e-06 	1.05569e-14
0.0828869 	59.0996 	-2.92703e-06 	1.05569e-14
0.0831411 	59.2975 	-2.92703e-06 	1.05569e-14
0.0833954 	59.4954 	-2.92703e-06 	1.05568e-14
0.0836496 	59.6933 	-2.92703e-06 	1.05568e-14
0.0839039 	59.8912 	-2.92703e-06 	1.05568e-14
0.0841582 	60.0891 	-2.92703e-06 	1.05568e-14
0.0844124 	60.287 	-2.92703e-06 	1.05568e-14
0.0846667 	60.4849 	-3.84856e-06 	3.0782e-17
0.0849209 	60.6909 	-2.92921e-06 	1.08807e-14
0.0851752 	60.8969 	-2.92921e-06 	1.08807e-14
0.0854294 	61.1029 	-2.92921e-06 	1.08807e-14
0.0856837 	61.3088 	-2.92921e-06 	1.08807e-14
0.0859379 	61.5148 	-2.92921e-06 	1.08807e-14
0.0861922 	61.7208 	-2.92921e-06 	1.08806e-14
0.0864464 	61.9268 	-2.92921e-06 	1.08806e-14
0.0867007 	62.1328 	-2.92921e-06 	1.08806e-14
0.086955 	62.3388 	-2.92921e-06 	1.08806e-14
0.0872092 	62.5448 	-2.92921e-06 	1.08806e-14
0.0874635 	62.7577 	-2.94713e-06 	1.12071e-14
0.0877177 	62.9714 	-2.94713e-06 	1.12071e-14
0.087972 	63.185 	-2.94713e-06 	1.12071e-14
0.0882262 	63.3986 	-2.94713e-06 	1.12071e-14
0.0884805 	63.6123 	-2.94713e-06 	1.12071e-14
0.0887347 	63.8259 	-2.94713e-06 	1.1207e-14
0.088989 	64.0395 	-2.94713e-06 	1.1207e-14
0.0892432 	64.2532 	-2.94713e-06 	1.1207e-14
0.0894975 	64.4668 	-2.94713e-06 	1.1207e-14
0.0897518 	64.6805 	-2.94713e-06 	1.1207e-14
0.090006 	64.8999 	-2.95954e-06 	1.15344e-14
0.0902603 	65.1206 	-2.95954e-06 	1.15344e-14
0.0905145 	65.3413 	-2.95954e-06 	1.15344e-14
0.0907688 	65.562 	-2.95954e-06 	1.15344e-14
0.091023 	65.7827 	-2.95954e-06 	1.15343e-14
0.0912773 	66.0034 	-2.95954e-06 	1.15343e-14
0.0915315 	66.2242 	-2.95954e-06 	1.15343e-14
0.0917858 	66.4449 	-2.95954e-06 	1.15343e-14
0.09204 	66.6656 	-2.95954e-06 	1.15343e-14
0.0922943 	66.8863 	-2.95954e-06 	1.15343e-14
0.0925485 	67.1116 	-2.94449e-06 	1.18604e-14
0.0928028 	67.3386 	-2.94449e-06 	1.18604e-14
0.0930571 	67.5657 	-2.94449e-06 	1.18604e-14
0.0933113 	67.7927 	-2.94449e-06 	1.18603e-14
0.0935656 	68.0197 	-2.94449e-06 	1.18603e-14
0.0938198 	68.2468 	-2.94449e-06 	1.18603e-14
0.0940741 	68.4738 	-2.94449e-06 	1.18603e-14
0.0943283 	68.7008 	-2.94449e-06 	1.18603e-14
0.0945826 	68.9279 	-2.94449e-06 	1.18603e-14
0.0948368 	69.1549 	-2.94449e-06 	1.18603e-14
0.0950911 	69.3853 	-2.89686e-06 	1.21299e-14
0.0953453 	69.6176 	-2.89686e-06 	1.21299e-14
0.0955996 	69.8498 	-2.89686e-06 	1.21299e-14
0.0958539 	70.0821 	-2.89686e-06 	1.21299e-14
0.0961081 	70.3144 	-2.89686e-06 	1.21299e-14
0.0963624 	70.5467 	-2.89686e-06 	1.21298e-14
0.0966166 	70.779 	-2.89686e-06 	1.21298e-14
0.0968709 	71.0113 	-2.89686e-06 	1.21298e-14
0.0971251 	71.2436 	-2.89686e-06 	1.21298e-14
0.0973794 	71.4759 	-2.89686e-06 	1.21298e-14
0.0976336 	71.7102 	-2.82329e-06 	1.25009e-14
0.0978879 	71.9463 	-2.82329e-06 	1.25009e-14
0.0981421 	72.1824 	-2.82329e-06 	1.25009e-14
0.0983964 	72.4185 	-2.82329e-06 	1.25009e-14
0.0986507 	72.6546 	-2.82329e-06 	1.25008e-14
0.0989049 	72.8907 	-2.82329e-06 	1.25008e-14
0.0991592 	73.1267 	-2.82329e-06 	1.25008e-14
0.0994134 	73.3628 	-2.82329e-06 	1.25008e-14
0.0996677 	73.5989 	-2.82329e-06 	1.25008e-14
0.0999219 	73.835 	-2.82329e-06 	1.25008e-14
0.100176 	74.072 	-2.71113e-06 	1.28608e-14
0.10043 	74.3101 	-2.71113e-06 	1.28608e-14
0.100685 	74.5482 	-2.71113e-06 	1.28608e-14
0.100939 	74.7862 	-2.71113e-06 	1.28608e-14
0.101193 	75.0243 	-2.71113e-06 	1.28607e-14
0.101447 	75.2624 	-2.71113e-06 	1.28607e-14
0.101702 	75.5005 	-2.71113e-06 	1.28607e-14
0.101956 	75.7386 	-2.71113e-06 	1.28607e-14
0.10221 	75.9766 	-2.71113e-06 	1.28607e-14
0.102464 	76.2147 	-2.71113e-06 	1.28607e-14
0.102719 	76.4528 	-2.53311e-06 	1.31408e-14
0.102973 	76.6907 	-2.53311e-06 	1.31408e-14
0.103227 	76.9286 	-2.53311e-06 	1.31408e-14
0.103481 	77.1665 	-2.53311e-06 	1.31407e-14
0.103736 	77.4045 	-2.53311e-06 	1.31407e-14
0.10399 	77.6424 	-2.53311e-06 	1.31407e-14
0.104244 	77.8803 	-2.53311e-06 	1.31407e-14
0.104498 	78.1182 	-2.53311e-06 	1.31407e-14
0.104753 	78.3562 	-2.53311e-06 	1.31407e-14
0.105007 	78.5941 	-2.53311e-06 	1.31407e-14
0.105261 	78.8313 	-2.3496e-06 	1.3466e-14
0.105516 	79.0667 	-2.3496e-06 	1.34659e-14
0.10577 	79.302 	-2.3496e-06 	1.34659e-14
0.106024 	79.5374 	-2.3496e-06 	1.34659e-14
0.106278 	79.7727 	-2.3496e-06 	1.34659e-14
0.106533 	80.008 	-2.3496e-06 	1.34659e-14
0.106787 	80.2434 	-2.3496e-06 	1.34659e-14
0.107041 	80.4787 	-2.3496e-06 	1.34659e-14
0.107295 	80.7141 	-2.3496e-06 	1.34658e-14
0.10755 	80.9494 	-2.3496e-06 	1.34658e-14
0.107804 	81.1838 	-2.06439e-06 	1.37522e-14
0.108058 	81.414 	-2.06439e-06 	1.37522e-14
0.108312 	81.6442 	-2.06439e-06 	1.37522e-14
0.108567 	81.8744 	-2.06439e-06 	1.37522e-14
0.108821 	82.1046 	-2.06439e-06 	1.37522e-14
0.109075 	82.3348 	-2.06439e-06 	1.37521e-14
0.109329 	82.565 	-2.06439e-06 	1.37521e-14
0.109584 	82.7953 	-2.06439e-06 	1.37521e-14
0.109838 	83.0255 	-2.06439e-06 	1.37521e-14
0.110092 	83.2557 	-2.06439e-06 	1.37521e-14
0.110346 	83.4851 	-1.76958e-06 	1.39524e-14
0.110601 	83.7073 	-1.76958e-06 	1.39524e-14
0.110855 	83.9296 	-1.76958e-06 	1.39524e-14
0.111109 	84.1518 	-1.76958e-06 	1.39524e-14
0.111363 	84.374 	-1.76958e-06 	1.39523e-14
0.111618 	84.5962 	-1.76958e-06 	1.39523e-14
0.111872 	84.8184 	-1.76958e-06 	1.39523e-14
0.112126 	85.0406 	-1.76958e-06 	1.39523e-14
0.11238 	85.2628 	-1.76958e-06 	1.39523e-14
0.112635 	85.4851 	-1.76958e-06 	1.39523e-14
0.112889 	85.7073 	-2.87627e-06 	5.61204e-17
0.113143 	85.9184 	-1.43091e-06 	1.41293e-14
0.113397 	86.1295 	-1.43091e-06 	1.41293e-14
0.113652 	86.3407 	-1.43091e-06 	1.41293e-14
0.113906 	86.5518 	-1.43091e-06 	1.41292e-14
0.11416 	86.7629 	-1.43091e-06 	1.41292e-14
0.114414 	86.974 	-1.43091e-06 	1.41292e-14
0.114669 	87.1852 	-1.43091e-06 	1.41292e-14
0.114923 	87.3963 	-1.43091e-06 	1.41292e-14
0.115177 	87.6074 	-1.43091e-06 	1.41292e-14
0.115431 	87.8185 	-1.43091e-06 	1.41292e-14
0.115686 	88.0166 	-1.01668e-06 	1.42653e-14
0.11594 	88.2133 	-1.01668e-06 	1.42653e-14
0.116194 	88.4101 	-1.01668e-06 	1.42653e-14
0.116448 	88.6068 	-1.01668e-06 	1.42653e-14
0.116703 	88.8035 	-1.01668e-06 	1.42652e-14
0.116957 	89.0003 	-1.01668e-06 	1.42652e-14
0.117211 	89.197 	-1.01668e-06 	1.42652e-14
0.117465 	89.3938 	-1.01668e-06 	1.42652e-14
0.11772 	89.5905 	-1.01668e-06 	1.42652e-14
0.117974 	89.7873 	-1.01668e-06 	1.42652e-14
0.118228 	89.9694 	-6.03536e-07 	1.43588e-14
0.118482 	90.1483 	-6.03536e-07 	1.43588e-14
0.118737 	90.3272 	-6.03536e-07 	1.43588e-14
0.118991 	90.5061 	-6.03536e-07 	1.43588e-14
0.119245 	90.6849 	-6.03536e-07 	1.43588e-14
0.119499 	90.8638 	-6.03536e-07 	1.43588e-14
0.119754 	91.0427 	-6.03536e-07 	1.43588e-14
0.120008 	91.2216 	-6.03536e-07 	1.43588e-14
0.120262 	91.4005 	-6.03536e-07 	1.43587e-14
0.120517 	91.5794 	-6.03536e-07 	1.43587e-14
0.120771 	91.7428 	-1.91673e-07 	1.4409e-14
0.121025 	91.9004 	-1.91673e-07 	1.4409e-14
0.121279 	92.0581 	-1.91673e-07 	1.4409e-14
0.121534 	92.2157 	-1.91673e-07 	1.4409e-14
0.121788 	92.3734 	-1.91673e-07 	1.4409e-14
0.122042 	92.531 	-1.91673e-07 	1.4409e-14
0.122296 	92.6887 	-1.91673e-07 	1.4409e-14
0.122551 	92.8463 	-1.91673e-07 	1.44089e-14
0.122805 	93.0039 	-1.91673e-07 	1.44089e-14
0.123059 	93.1616 	-1.91673e-07 	1.44089e-14
0.123313 	93.3038 	2.21804e-07 	1.44155e-14
0.123568 	93.4372 	2.21804e-07 	1.44155e-14
0.123822 	93.5706 	2.21804e-07 	1.44155e-14
0.124076 	93.7041 	2.21804e-07 	1.44155e-14
0.12433 	93.8375 	2.21804e-07 	1.44154e-14
0.124585 	93.9709 	2.21804e-07 	1.44154e-14
0.124839 	94.1043 	2.21804e-07 	1.44154e-14
0.125093 	94.2377 	2.21804e-07 	1.44154e-14
0.125347 	94.3711 	2.21804e-07 	1.44154e-14
0.125602 	94.5046 	2.21804e-07 	1.44154e-14
0.125856 	94.6235 	5.97006e-07 	1.43824e-14
0.12611 	94.7304 	5.97006e-07 	1.43824e-14
0.126364 	94.8373 	5.97006e-07 	1.43824e-14
0.126619 	94.9442 	5.97006e-07 	1.43824e-14
0.126873 	95.0511 	5.97006e-07 	1.43824e-14
0.127127 	95.158 	5.97006e-07 	1.43824e-14
0.127381 	95.2649 	5.97006e-07 	1.43824e-14
0.127636 	95.3718 	5.97006e-07 	1.43824e-14
0.12789 	95.4787 	5.97006e-07 	1.43823e-14
0.128144 	95.5856 	5.97006e-07 	1.43823e-14
0.128398 	95.6799 	9.25939e-07 	1.43201e-14
0.128653 	95.759 	9.25939e-07 	1.43201e-14
0.128907 	95.8381 	9.25939e-07 	1.43201e-14
0.129161 	95.9172 	9.25939e-07 	1.43201e-14
0.129415 	95.9964 	9.25939e-07 	1.43201e-14
0.12967 	96.0755 	9.25939e-07 	1.43201e-14
0.129924 	96.1546 	9.25939e-07 	1.43201e-14
0.130178 	96.2337 	9.25939e-07 	1.43201e-14
0.130432 	96.3128 	9.25939e-07 	1.43201e-14
0.130687 	96.3919 	9.25939e-07 	1.43201e-14
0.130941 	96.4609 	1.20534e-06 	1.42373e-14
0.131195 	96.5122 	1.20534e-06 	1.42373e-14
0.131449 	96.5634 	1.20534e-06 	1.42373e-14
0.131704 	96.6147 	1.20534e-06 	1.42373e-14
0.131958 	96.6659 	1.20534e-06 	1.42373e-14
0.132212 	96.7172 	1.20534e-06 	1.42373e-14
0.132466 	96.7684 	1.20534e-06 	1.42373e-14
0.132721 	96.8196 	1.20534e-06 	1.42373e-14
0.132975 	96.8709 	1.20534e-06 	1.42373e-14
0.133229 	96.9221 	1.20534e-06 	1.42373e-14
0.133483 	96.966 	1.42635e-06 	1.41381e-14
0.133738 	96.9904 	1.42635e-06 	1.41381e-14
0.133992 	97.0147 	1.42635e-06 	1.41381e-14
0.134246 	97.039 	1.42635e-06 	1.41381e-14
0.134501 	97.0633 	1.42635e-06 	1.41381e-14
0.134755 	97.0876 	1.42635e-06 	1.41381e-14
0.135009 	97.1119 	1.42635e-06 	1.41381e-14
0.135263 	97.1363 	1.42635e-06 	1.41381e-14
0.135518 	97.1606 	1.42635e-06 	1.41381e-14
0.135772 	97.1849 	1.42635e-06 	1.41381e-14
0.136026 	97.2046 	1.62499e-06 	1.4064e-14
0.13628 	97.2037 	1.62499e-06 	1.4064e-14
0.136535 	97.2028 	1.62499e-06 	1.4064e-14
0.136789 	97.2018 	1.62499e-06 	1.4064e-14
0.137043 	97.2009 	1.62499e-06 	1.4064e-14
0.137297 	97.2 	1.62499e-06 	1.4064e-14
0.137552 	97.1991 	1.62499e-06 	1.4064e-14
0.137806 	97.1981 	1.62499e-06 	1.4064e-14
0.13806 	97.1972 	1.62499e-06 	1.4064e-14
0.138314 	97.1963 	1.62499e-06 	1.4064e-14
0.138569 	97.1933 	1.78144e-06 	1.38917e-14
0.138823 	97.1691 	1.78144e-06 	1.38917e-14
0.139077 	97.145 	1.78144e-06 	1.38917e-14
0.139331 	97.1208 	1.78144e-06 	1.38917e-14
0.139586 	97.0967 	1.78144e-06 	1.38917e-14
0.13984 	97.0726 	1.78144e-06 	1.38917e-14
0.140094 	97.0484 	1.78144e-06 	1.38917e-14
0.140348 	97.0243 	1.78144e-06 	1.38918e-14
0.140603 	97.0001 	1.78144e-06 	1.38918e-14
0.140857 	96.976 	1.78144e-06 	1.38918e-14
0.141111 	96.9519 	9.68014e-07 	3.9756e-17
0.141365 	96.9066 	1.90682e-06 	1.3747e-14
0.14162 	96.8614 	1.90682e-06 	1.3747e-14
0.141874 	96.8162 	1.90682e-06 	1.3747e-14
0.142128 	96.771 	1.90682e-06 	1.3747e-14
0.142382 	96.7258 	1.90682e-06 	1.3747e-14
0.142637 	96.6806 	1.90682e-06 	1.37471e-14
0.142891 	96.6354 	1.90682e-06 	1.37471e-14
0.143145 	96.5902 	1.90682e-06 	1.37471e-14
0.143399 	96.545 	1.90682e-06 	1.37471e-14
0.143654 	96.4998 	1.90682e-06 	1.37471e-14
0.143908 	96.4374 	2.02409e-06 	1.35392e-14
0.144162 	96.3733 	2.02409e-06 	1.35392e-14
0.144416 	96.3092 	2.02409e-06 	1.35392e-14
0.144671 	96.2451 	2.02409e-06 	1.35392e-14
0.144925 	96.1809 	2.02409e-06 	1.35392e-14
0.145179 	96.1168 	2.02409e-06 	1.35392e-14
0.145433 	96.0527 	2.02409e-06 	1.35392e-14
0.145688 	95.9886 	2.02409e-06 	1.35392e-14
0.145942 	95.9245 	2.02409e-06 	1.35392e-14
0.146196 	95.8604 	2.02409e-06 	1.35392e-14
0.14645 	95.7824 	2.13012e-06 	1.33237e-14
0.146705 	95.7014 	2.13012e-06 	1.33237e-14
0.146959 	95.6204 	2.13012e-06 	1.33237e-14
0.147213 	95.5394 	2.13012e-06 	1.33237e-14
0.147467 	95.4584 	2.13012e-06 	1.33237e-14
0.147722 	95.3774 	2.13012e-06 	1.33237e-14
0.147976 	95.2965 	2.13012e-06 	1.33237e-14
0.14823 	95.2155 	2.13012e-06 	1.33237e-14
0.148484 	95.1345 	2.13012e-06 	1.33237e-14
0.148739 	95.0535 	2.13012e-06 	1.33238e-14
0.148993 	94.9616 	2.231e-06 	1.31505e-14
0.149247 	94.8656 	2.231e-06 	1.31505e-14
0.149502 	94.7696 	2.231e-06 	1.31505e-14
0.149756 	94.6736 	2.231e-06 	1.31505e-14
0.15001 	94.5777 	2.231e-06 	1.31505e-14
0.150264 	94.4817 	2.231e-06 	1.31505e-14
0.150519 	94.3857 	2.231e-06 	1.31505e-14
0.150773 	94.2897 	2.231e-06 	1.31505e-14
0.151027 	94.1938 	2.231e-06 	1.31505e-14
0.151281 	94.0978 	2.231e-06 	1.31505e-14
0.151536 	93.9934 	2.32682e-06 	1.29702e-14
0.15179 	93.8843 	2.32682e-06 	1.29702e-14
0.152044 	93.7751 	2.32682e-06 	1.29702e-14
0.152298 	93.666 	2.32682e-06 	1.29702e-14
0.152553 	93.5568 	2.32682e-06 	1.29702e-14
0.152807 	93.4477 	2.32682e-06 	1.29702e-14
0.153061 	93.3386 	2.32682e-06 	1.29702e-14
0.153315 	93.2294 	2.32682e-06 	1.29702e-14
0.15357 	93.1203 	2.32682e-06 	1.29703e-14
0.153824 	93.0111 	2.32682e-06 	1.29703e-14
0.154078 	92.8958 	2.41427e-06 	1.27846e-14
0.154332 	92.7753 	2.41427e-06 	1.27846e-14
0.154587 	92.6548 	2.41427e-06 	1.27846e-14
0.154841 	92.5343 	2.41427e-06 	1.27846e-14
0.155095 	92.4138 	2.41427e-06 	1.27846e-14
0.155349 	92.2933 	2.41427e-06 	1.27846e-14
0.155604 	92.1728 	2.41427e-06 	1.27846e-14
0.155858 	92.0523 	2.41427e-06 	1.27846e-14
0.156112 	91.9318 	2.41427e-06 	1.27846e-14
0.156366 	91.8112 	2.41427e-06 	1.27846e-14
0.156621 	91.6864 	2.49e-06 	1.25926e-14
0.156875 	91.5564 	2.49e-06 	1.25926e-14
0.157129 	91.4264 	2.49e-06 	1.25926e-14
0.157383 	91.2964 	2.49e-06 	1.25927e-14
0.157638 	91.1664 	2.49e-06 	1.25927e-14
0.157892 	91.0363 	2.49e-06 	1.25927e-14
0.158146 	90.9063 	2.49e-06 	1.25927e-14
0.1584 	90.7763 	2.49e-06 	1.25927e-14
0.158655 	90.6463 	2.49e-06 	1.25927e-14
0.158909 	90.5163 	2.49e-06 	1.25927e-14
0.159163 	90.3835 	2.55185e-06 	1.24451e-14
0.159417 	90.2458 	2.55185e-06 	1.24451e-14
0.159672 	90.1082 	2.55185e-06 	1.24452e-14
0.159926 	89.9705 	2.55185e-06 	1.24452e-14
0.16018 	89.8329 	2.55185e-06 	1.24452e-14
0.160434 	89.6952 	2.55185e-06 	1.24452e-14
0.160689 	89.5576 	2.55185e-06 	1.24452e-14
0.160943 	89.4199 	2.55185e-06 	1.24452e-14
0.161197 	89.2823 	2.55185e-06 	1.24452e-14
0.161451 	89.1446 	2.55185e-06 	1.24452e-14
0.161706 	89.0054 	2.59911e-06 	1.2295e-14
0.16196 	88.862 	2.59911e-06 	1.2295e-14
0.162214 	88.7186 	2.59911e-06 	1.2295e-14
0.162468 	88.5752 	2.59911e-06 	1.2295e-14
0.162723 	88.4318 	2.59911e-06 	1.2295e-14
0.162977 	88.2884 	2.59911e-06 	1.22951e-14
0.163231 	88.145 	2.59911e-06 	1.22951e-14
0.163485 	88.0016 	2.59911e-06 	1.22951e-14
0.16374 	87.8582 	2.59911e-06 	1.22951e-14
0.163994 	87.7148 	2.59911e-06 	1.22951e-14
0.164248 	87.5707 	2.63218e-06 	1.20917e-14
0.164503 	87.4234 	2.63218e-06 	1.20917e-14
0.164757 	87.276 	2.63218e-06 	1.20918e-14
0.165011 	87.1287 	2.63218e-06 	1.20918e-14
0.165265 	86.9813 	2.63218e-06 	1.20918e-14
0.16552 	86.834 	2.63218e-06 	1.20918e-14
0.165774 	86.6866 	2.63218e-06 	1.20918e-14
0.166028 	86.5393 	2.63218e-06 	1.20918e-14
0.166282 	86.392 	2.63218e-06 	1.20918e-14
0.166537 	86.2446 	2.63218e-06 	1.20918e-14
0.166791 	86.0971 	2.65193e-06 	1.188e-14
0.167045 	85.9475 	2.65193e-06 	1.188e-14
0.167299 	85.7979 	2.65193e-06 	1.188e-14
0.167554 	85.6483 	2.65193e-06 	1.188e-14
0.167808 	85.4987 	2.65193e-06 	1.188e-14
0.168062 	85.3491 	2.65193e-06 	1.188e-14
0.168316 	85.1995 	2.65193e-06 	1.188e-14
0.168571 	85.0499 	2.65193e-06 	1.188e-14
0.168825 	84.9003 	2.65193e-06 	1.188e-14
0.169079 	84.7507 	2.65193e-06 	1.188e-14
0.169333 	84.6011 	2.01295e-06 	2.34318e-17
0.169588 	84.4507 	2.65912e-06 	1.17146e-14
0.169842 	84.3004 	2.65912e-06 	1.17147e-14
0.170096 	84.15 	2.65912e-06 	1.17147e-14
0.17035 	83.9997 	2.65912e-06 	1.17147e-14
0.170605 	83.8493 	2.65912e-06 	1.17147e-14
0.170859 	83.699 	2.65912e-06 	1.17147e-14
0.171113 	83.5486 	2.65912e-06 	1.17147e-14
0.171367 	83.3982 	2.65912e-06 	1.17147e-14
0.171622 	83.2479 	2.65912e-06 	1.17147e-14
0.171876 	83.0975 	2.65912e-06 	1.17147e-14
0.17213 	82.9477 	2.65476e-06 	1.15003e-14
0.172384 	82.7979 	2.65476e-06 	1.15003e-14
0.172639 	82.6481 	2.65476e-06 	1.15003e-14
0.172893 	82.4983 	2.65476e-06 	1.15003e-14
0.173147 	82.3485 	2.65476e-06 	1.15003e-14
0.173401 	82.1987 	2.65476e-06 	1.15003e-14
0.173656 	82.0489 	2.65476e-06 	1.15003e-14
0.17391 	81.8991 	2.65476e-06 	1.15003e-14
0.174164 	81.7494 	2.65476e-06 	1.15003e-14
0.174418 	81.5996 	2.65476e-06 	1.15003e-14
0.174673 	81.4511 	2.63944e-06 	1.13396e-14
0.174927 	81.303 	2.63944e-06 	1.13396e-14
0.175181 	81.1549 	2.63944e-06 	1.13397e-14
0.175435 	81.0067 	2.63944e-06 	1.13397e-14
0.17569 	80.8586 	2.63944e-06 	1.13397e-14
0.175944 	80.7105 	2.63944e-06 	1.13397e-14
0.176198 	80.5624 	2.63944e-06 	1.13397e-14
0.176452 	80.4142 	2.63944e-06 	1.13397e-14
0.176707 	80.2661 	2.63944e-06 	1.13397e-14
0.176961 	80.118 	2.63944e-06 	1.13397e-14
0.177215 	79.9717 	2.6145e-06 	1.11695e-14
0.177469 	79.8262 	2.6145e-06 	1.11695e-14
0.177724 	79.6806 	2.6145e-06 	1.11695e-14
0.177978 	79.5351 	2.6145e-06 	1.11695e-14
0.178232 	79.3895 	2.6145e-06 	1.11695e-14
0.178486 	79.244 	2.6145e-06 	1.11695e-14
0.178741 	79.0984 	2.6145e-06 	1.11696e-14
0.178995 	78.9529 	2.6145e-06 	1.11696e-14
0.179249 	78.8073 	2.6145e-06 	1.11696e-14
0.179504 	78.6618 	2.6145e-06 	1.11696e-14
0.179758 	78.5183 	2.58025e-06 	1.09624e-14
0.180012 	78.3761 	2.58025e-06 	1.09624e-14
0.180266 	78.2339 	2.58025e-06 	1.09624e-14
0.180521 	78.0916 	2.58025e-06 	1.09624e-14
0.180775 	77.9494 	2.58025e-06 	1.09624e-14
0.181029 	77.8071 	2.58025e-06 	1.09624e-14
0.181283 	77.6649 	2.58025e-06 	1.09625e-14
0.181538 	77.5226 	2.58025e-06 	1.09625e-14
0.181792 	77.3804 	2.58025e-06 	1.09625e-14
0.182046 	77.2381 	2.58025e-06 	1.09625e-14
0.1823 	77.098 	2.53679e-06 	1.07579e-14
0.182555 	76.9597 	2.53679e-06 	1.07579e-14
0.182809 	76.8213 	2.53679e-06 	1.07579e-14
0.183063 	76.683 	2.53679e-06 	1.07579e-14
0.183317 	76.5446 	2.53679e-06 	1.07579e-14
0.183572 	76.4062 	2.53679e-06 	1.0758e-14
0.183826 	76.2679 	2.53679e-06 	1.0758e-14
0.18408 	76.1295 	2.53679e-06 	1.0758e-14
0.184334 	75.9912 	2.53679e-06 	1.0758e-14
0.184589 	75.8528 	2.53679e-06 	1.0758e-14
0.184843 	75.7164 	2.48509e-06 	1.05579e-14
0.185097 	75.5824 	2.48509e-06 	1.05579e-14
0.185351 	75.4484 	2.48509e-06 	1.05579e-14
0.185606 	75.3143 	2.48509e-06 	1.05579e-14
0.18586 	75.1803 	2.48509e-06 	1.05579e-14
0.186114 	75.0463 	2.48509e-06 	1.05579e-14
0.186368 	74.9123 	2.48509e-06 	1.05579e-14
0.186623 	74.7782 	2.48509e-06 	1.05579e-14
0.186877 	74.6442 	2.48509e-06 	1.05579e-14
0.187131 	74.5102 	2.48509e-06 	1.05579e-14
0.187385 	74.3778 	2.42341e-06 	1.03092e-14
0.18764 	74.2485 	2.42341e-06 	1.03092e-14
0.187894 	74.1191 	2.42341e-06 	1.03092e-14
0.188148 	73.9898 	2.42341e-06 	1.03092e-14
0.188402 	73.8604 	2.42341e-06 	1.03092e-14
0.188657 	73.7311 	2.42341e-06 	1.03092e-14
0.188911 	73.6017 	2.42341e-06 	1.03092e-14
0.189165 	73.4724 	2.42341e-06 	1.03092e-14
0.189419 	73.343 	2.42341e-06 	1.03092e-14
0.189674 	73.2137 	2.42341e-06 	1.03092e-14
0.189928 	73.0856 	2.35233e-06 	1.01224e-14
0.190182 	72.9612 	2.35233e-06 	1.01224e-14
0.190436 	72.8368 	2.35233e-06 	1.01224e-14
0.190691 	72.7124 	2.35233e-06 	1.01224e-14
0.190945 	72.5879 	2.35233e-06 	1.01224e-14
0.191199 	72.4635 	2.35233e-06 	1.01224e-14
0.191453 	72.3391 	2.35233e-06 	1.01224e-14
0.191708 	72.2146 	2.35233e-06 	1.01224e-14
0.191962 	72.0902 	2.35233e-06 	1.01225e-14
0.192216 	71.9658 	2.35233e-06 	1.01225e-14
0.19247 	71.8423 	2.26962e-06 	9.88991e-15
0.192725 	71.7229 	2.26962e-06 	9.88992e-15
0.192979 	71.6036 	2.26962e-06 	9.88993e-15
0.193233 	71.4843 	2.26962e-06 	9.88993e-15
0.193487 	71.3649 	2.26962e-06 	9.88994e-15
0.193742 	71.2456 	2.26962e-06 	9.88995e-15
0.193996 	71.1262 	2.26962e-06 	9.88996e-15
0.19425 	71.0069 	2.26962e-06 	9.88996e-15
0.194505 	70.8876 	2.26962e-06 	9.88997e-15
0.194759 	70.7682 	2.26962e-06 	9.88998e-15
0.195013 	70.6494 	2.17388e-06 	9.76043e-15
0.195267 	70.5352 	2.17388e-06 	9.76044e-15
0.195522 	70.4211 	2.17388e-06 	9.76044e-15
0.195776 	70.307 	2.17388e-06 	9.76045e-15
0.19603 	70.1928 	2.17388e-06 	9.76046e-15
0.196284 	70.0787 	2.17388e-06 	9.76047e-15
0.196539 	69.9646 	2.17388e-06 	9.76047e-15
0.196793 	69.8504 	2.17388e-06 	9.76048e-15
0.197047 	69.7363 	2.17388e-06 	9.76049e-15
0.197301 	69.6222 	2.17388e-06 	9.7605e-15
0.197556 	69.508 	1.65728e-06 	1.34778e-17
0.19781 	69.3992 	2.07788e-06 	9.58865e-15
0.198064 	69.2903 	2.07788e-06 	9.58866e-15
0.198318 	69.1815 	2.07788e-06 	9.58866e-15
0.198573 	69.0726 	2.07788e-06 	9.58867e-15
0.198827 	68.9638 	2.07788e-06 	9.58868e-15
0.199081 	68.8549 	2.07788e-06 	9.58868e-15
0.199335 	68.7461 	2.07788e-06 	9.58869e-15
0.19959 	68.6372 	2.07788e-06 	9.5887e-15
0.199844 	68.5284 	2.07788e-06 	9.58871e-15
0.200098 	68.4195 	2.07788e-06 	9.58871e-15
0.200352 	68.3155 	1.98249e-06 	9.42442e-15
0.200607 	68.212 	1.98249e-06 	9.42442e-15
0.200861 	68.1085 	1.98249e-06 	9.42443e-15
0.201115 	68.005 	1.98249e-06 	9.42444e-15
0.201369 	67.9015 	1.98249e-06 	9.42444e-15
0.201624 	67.798 	1.98249e-06 	9.42445e-15
0.201878 	67.6944 	1.98249e-06 	9.42446e-15
0.202132 	67.5909 	1.98249e-06 	9.42446e-15
0.202386 	67.4874 	1.98249e-06 	9.42447e-15
0.202641 	67.3839 	1.98249e-06 	9.42448e-15
0.202895 	67.2847 	1.88806e-06 	9.26825e-15
0.203149 	67.1866 	1.88806e-06 	9.26826e-15
0.203403 	67.0884 	1.88806e-06 	9.26826e-15
0.203658 	66.9902 	1.88806e-06 	9.26827e-15
0.203912 	66.892 	1.88806e-06 	9.26828e-15
0.204166 	66.7939 	1.88806e-06 	9.26828e-15
0.20442 	66.6957 	1.88806e-06 	9.26829e-15
0.204675 	66.5975 	1.88806e-06 	9.2683e-15
0.204929 	66.4994 	1.88806e-06 	9.2683e-15
0.205183 	66.4012 	1.88806e-06 	9.26831e-15
0.205437 	66.3069 	1.78814e-06 	9.11945e-15
0.205692 	66.214 	1.78814e-06 	9.11946e-15
0.205946 	66.1212 	1.78814e-06 	9.11946e-15
0.2062 	66.0284 	1.78814e-06 	9.11947e-15
0.206454 	65.9355 	1.78814e-06 	9.11948e-15
0.206709 	65.8427 	1.78814e-06 	9.11948e-15
0.206963 	65.7498 	1.78814e-06 	9.11949e-15
0.207217 	65.657 	1.78814e-06 	9.11949e-15
0.207471 	65.5642 	1.78814e-06 	9.1195e-15
0.207726 	65.4713 	1.78814e-06 	9.11951e-15
0.20798 	65.3818 	1.68003e-06 	8.92698e-15
0.208234 	65.2943 	1.68003e-06 	8.92699e-15
0.208488 	65.2068 	1.68003e-06 	8.92699e-15
0.208743 	65.1192 	1.68003e-06 	8.927e-15
0.208997 	65.0317 	1.68003e-06 	8.92701e-15
0.209251 	64.9441 	1.68003e-06 	8.92701e-15
0.209506 	64.8566 	1.68003e-06 	8.92702e-15
0.20976 	64.769 	1.68003e-06 	8.92702e-15
0.210014 	64.6815 	1.68003e-06 	8.92703e-15
0.210268 	64.5939 	1.68003e-06 	8.92703e-15
0.210523 	64.5093 	1.56753e-06 	8.8537e-15
0.210777 	64.427 	1.56753e-06 	8.85371e-15
0.211031 	64.3447 	1.56753e-06 	8.85371e-15
0.211285 	64.2624 	1.56753e-06 	8.85372e-15
0.21154 	64.1801 	1.56753e-06 	8.85372e-15
0.211794 	64.0978 	1.56753e-06 	8.85373e-15
0.212048 	64.0155 	1.56753e-06 	8.85373e-15
0.212302 	63.9332 	1.56753e-06 	8.85374e-15
0.212557 	63.8509 	1.56753e-06 	8.85374e-15
0.212811 	63.7686 	1.56753e-06 	8.85375e-15
0.213065 	63.6887 	1.45295e-06 	8.72247e-15
0.213319 	63.6116 	1.45295e-06 	8.72247e-15
0.213574 	63.5345 	1.45295e-06 	8.72248e-15
0.213828 	63.4574 	1.45295e-06 	8.72248e-15
0.214082 	63.3803 	1.45295e-06 	8.72248e-15
0.214336 	63.3032 	1.45295e-06 	8.72249e-15
0.214591 	63.2262 	1.45295e-06 	8.72249e-15
0.214845 	63.1491 	1.45295e-06 	8.7225e-15
0.215099 	63.072 	1.45295e-06 	8.7225e-15
0.215353 	62.9949 	1.45295e-06 	8.72251e-15
0.215608 	62.9197 	1.3378e-06 	8.65507e-15
0.215862 	62.8477 	1.3378e-06 	8.65508e-15
0.216116 	62.7758 	1.3378e-06 	8.65508e-15
0.21637 	62.7038 	1.3378e-06 	8.65508e-15
0.216625 	62.6319 	1.3378e-06 	8.65509e-15
0.216879 	62.5599 	1.3378e-06 	8.65509e-15
0.217133 	62.488 	1.3378e-06 	8.6551e-15
0.217387 	62.416 	1.3378e-06 	8.6551e-15
0.217642 	62.3441 	1.3378e-06 	8.65511e-15
0.217896 	62.2721 	1.3378e-06 	8.65511e-15
0.21815 	62.2016 	1.22284e-06 	8.48923e-15
0.218404 	62.1347 	1.22284e-06 	8.48923e-15
0.218659 	62.0678 	1.22284e-06 	8.48924e-15
0.218913 	62.001 	1.22284e-06 	8.48924e-15
0.219167 	61.9341 	1.22284e-06 	8.48925e-15
0.219421 	61.8672 	1.22284e-06 	8.48925e-15
0.219676 	61.8004 	1.22284e-06 	8.48925e-15
0.21993 	61.7335 	1.22284e-06 	8.48926e-15
0.220184 	61.6666 	1.22284e-06 	8.48926e-15
0.220438 	61.5998 	1.22284e-06 	8.48927e-15
0.220693 	61.5338 	1.10873e-06 	8.43508e-15
0.220947 	61.472 	1.10873e-06 	8.43508e-15
0.221201 	61.4101 	1.10873e-06 	8.43509e-15
0.221455 	61.3482 	1.10873e-06 	8.43509e-15
0.22171 	61.2864 	1.10873e-06 	8.43509e-15
0.221964 	61.2245 	1.10873e-06 	8.4351e-15
0.222218 	61.1627 	1.10873e-06 	8.4351e-15
0.222472 	61.1008 	1.10873e-06 	8.43511e-15
0.222727 	61.039 	1.10873e-06 	8.43511e-15
0.222981 	60.9771 	1.10873e-06 	8.43511e-15
0.223235 	60.9157 	9.95585e-07 	8.29124e-15
0.223489 	60.8588 	9.95585e-07 	8.29124e-15
0.223744 	60.8019 	9.95585e-07 	8.29125e-15
0.223998 	60.745 	9.95585e-07 	8.29125e-15
0.224252 	60.6881 	9.95585e-07 	8.29125e-15
0.224507 	60.6312 	9.95585e-07 	8.29126e-15
0.224761 	60.5743 	9.95585e-07 	8.29126e-15
0.225015 	60.5174 	9.95585e-07 	8.29126e-15
0.225269 	60.4605 	9.95585e-07 	8.29127e-15
0.225524 	60.4036 	9.95585e-07 	8.29127e-15
0.225778 	60.3467 	8.95155e-07 	5.21551e-18
0.226032 	60.2946 	8.83142e-07 	8.26418e-15
0.226286 	60.2426 	8.83142e-07 	8.26418e-15
0.226541 	60.1906 	8.83142e-07 	8.26419e-15
0.226795 	60.1386 	8.83142e-07 	8.26419e-15
0.227049 	60.0865 	8.83142e-07 	8.26419e-15
0.227303 	60.0345 	8.83142e-07 	8.2642e-15
0.227558 	59.9825 	8.83142e-07 	8.2642e-15
0.227812 	59.9304 	8.83142e-07 	8.2642e-15
0.228066 	59.8784 	8.83142e-07 	8.26421e-15
0.22832 	59.8264 	8.83142e-07 	8.26421e-15
0.228575 	59.7787 	7.71153e-07 	8.26043e-15
0.228829 	59.7315 	7.71153e-07 	8.26043e-15
0.229083 	59.6843 	7.71153e-07 	8.26044e-15
0.229337 	59.637 	7.71153e-07 	8.26044e-15
0.229592 	59.5898 	7.71153e-07 	8.26044e-15
0.229846 	59.5426 	7.71153e-07 	8.26045e-15
0.2301 	59.4953 	7.71153e-07 	8.26045e-15
0.230354 	59.4481 	7.71153e-07 	8.26045e-15
0.230609 	59.4009 	7.71153e-07 	8.26045e-15
0.230863 	59.3536 	7.71153e-07 	8.26046e-15
0.231117 	59.3103 	6.60679e-07 	8.19117e-15
0.231371 	59.2677 	6.60679e-07 	8.19118e-15
0.231626 	59.2252 	6.60679e-07 	8.19118e-15
0.23188 	59.1827 	6.60679e-07 	8.19118e-15
0.232134 	59.1402 	6.60679e-07 	8.19118e-15
0.232388 	59.0976 	6.60679e-07 	8.19119e-15
0.232643 	59.0551 	6.60679e-07 	8.19119e-15
0.232897 	59.0126 	6.60679e-07 	8.19119e-15
0.233151 	58.9701 	6.60679e-07 	8.19119e-15
0.233405 	58.9275 	6.60679e-07 	8.1912e-15
0.23366 	58.8884 	5.54677e-07 	8.1317e-15
0.233914 	58.8504 	5.54677e-07 	8.1317e-15
0.234168 	58.8125 	5.54677e-07 	8.1317e-15
0.234422 	58.7746 	5.54677e-07 	8.1317e-15
0.234677 	58.7367 	5.54677e-07 	8.13171e-15
0.234931 	58.6988 	5.54677e-07 	8.13171e-15
0.235185 	58.6609 	5.54677e-07 	8.13171e-15
0.235439 	58.6229 	5.54677e-07 	8.13171e-15
0.235694 	58.585 	5.54677e-07 	8.13172e-15
0.235948 	58.5471 	5.54677e-07 	8.13172e-15
0.236202 	58.512 	4.54765e-07 	8.08154e-15
0.236456 	58.4786 	4.54765e-07 	8.08154e-15
0.236711 	58.4452 	4.54765e-07 	8.08154e-15
0.236965 	58.4117 	4.54765e-07 	8.08154e-15
0.237219 	58.3783 	4.54765e-07 	8.08154e-15
0.237473 	58.3449 	4.54765e-07 	8.08155e-15
0.237728 	58.3114 	4.54765e-07 	8.08155e-15
0.237982 	58.278 	4.54765e-07 	8.08155e-15
0.238236 	58.2446 	4.54765e-07 	8.08155e-15
0.23849 	58.2111 	4.54765e-07 	8.08155e-15
0.238745 	58.1801 	3.66297e-07 	8.03866e-15
0.238999 	58.151 	3.66297e-07 	8.03867e-15
0.239253 	58.1219 	3.66297e-07 	8.03867e-15
0.239508 	58.0928 	3.66297e-07 	8.03867e-15
0.239762 	58.0637 	3.66297e-07 	8.03867e-15
0.240016 	58.0346 	3.66297e-07 	8.03867e-15
0.24027 	58.0055 	3.66297e-07 	8.03868e-15
0.240525 	57.9764 	3.66297e-07 	8.03868e-15
0.240779 	57.9473 	3.66297e-07 	8.03868e-15
0.241033 	57.9182 	3.66297e-07 	8.03868e-15
0.241287 	57.891 	2.89295e-07 	7.9525e-15
0.241542 	57.866 	2.89295e-07 	7.9525e-15
0.241796 	57.841 	2.89295e-07 	7.9525e-15
0.24205 	57.816 	2.89295e-07 	7.9525e-15
0.242304 	57.7911 	2.89295e-07 	7.95251e-15
0.242559 	57.7661 	2.89295e-07 	7.95251e-15
0.242813 	57.7411 	2.89295e-07 	7.95251e-15
0.243067 	57.7161 	2.89295e-07 	7.95251e-15
0.243321 	57.6912 	2.89295e-07 	7.95251e-15
0.243576 	57.6662 	2.89295e-07 	7.95251e-15
0.24383 	57.6426 	2.21009e-07 	7.92265e-15
0.244084 	57.6215 	2.21009e-07 	7.92265e-15
0.244338 	57.6003 	2.21009e-07 	7.92266e-15
0.244593 	57.5792 	2.21009e-07 	7.92266e-15
0.244847 	57.558 	2.21009e-07 	7.92266e-15
0.245101 	57.5369 	2.21009e-07 	7.92266e-15
0.245355 	57.5158 	2.21009e-07 	7.92266e-15
0.24561 	57.4946 	2.21009e-07 	7.92266e-15
0.245864 	57.4735 	2.21009e-07 	7.92266e-15
0.246118 	57.4523 	2.21009e-07 	7.92267e-15
0.246372 	57.4321 	1.62226e-07 	7.95021e-15
0.246627 	57.4145 	1.62226e-07 	7.95021e-15
0.246881 	57.3968 	1.62226e-07 	7.95021e-15
0.247135 	57.3791 	1.62226e-07 	7.95021e-15
0.247389 	57.3615 	1.62226e-07 	7.95021e-15
0.247644 	57.3438 	1.62226e-07 	7.95021e-15
0.247898 	57.3261 	1.62226e-07 	7.95022e-15
0.248152 	57.3085 	1.62226e-07 	7.95022e-15
0.248406 	57.2908 	1.62226e-07 	7.95022e-15
0.248661 	57.2732 	1.62226e-07 	7.95022e-15
0.248915 	57.2548 	1.15116e-07 	7.92704e-15
0.249169 	57.2336 	1.15116e-07 	7.92704e-15
0.249423 	57.2123 	1.15116e-07 	7.92704e-15
0.249678 	57.191 	1.15116e-07 	7.92704e-15
0.249932 	57.1698 	1.15116e-07 	7.92705e-15
0.250186 	57.1485 	1.15116e-07 	7.92705e-15
0.25044 	57.1272 	1.15116e-07 	7.92705e-15
0.250695 	57.1059 	1.15116e-07 	7.92705e-15
0.250949 	57.0847 	1.15116e-07 	7.92705e-15
0.251203 	57.0634 	1.15116e-07 	7.92705e-15
0.251457 	57.0429 	8.24721e-08 	7.90937e-15
0.251712 	57.0296 	8.24721e-08 	7.90937e-15
0.251966 	57.0163 	8.24721e-08 	7.90937e-15
0.25222 	57.0031 	8.24721e-08 	7.90937e-15
0.252474 	56.9898 	8.24721e-08 	7.90937e-15
0.252729 	56.9766 	8.24721e-08 	7.90937e-15
0.252983 	56.9633 	8.24721e-08 	7.90937e-15
0.253237 	56.95 	8.24721e-08 	7.90937e-15
0.253491 	56.9368 	8.24721e-08 	7.90937e-15
0.253746 	56.9235 	8.24721e-08 	7.90937e-15
0.254 	56.9103 	1.92562e-07 	4.18858e-18
