0 	31.9366 	-0.0273811 	4.90916e-13
0.000254254 	31.9366 	-0.0273868 	8.90106e-11
0.000508509 	31.9366 	-0.0273926 	1.7753e-10
0.000762763 	31.9399 	-0.0275591 	-7.16317e-06
0.00101702 	31.9457 	-0.0278472 	-1.97448e-05
0.00127127 	31.9515 	-0.0281354 	-3.23265e-05
0.00152553 	31.9572 	-0.0284236 	-2.09119e-05
0.00177978 	31.963 	-0.0287117 	-8.34035e-06
0.00203403 	31.9707 	-0.0290302 	1.85258e-10
0.00228829 	31.9822 	-0.0294085 	9.6685e-11
0.00254254 	31.9938 	-0.0297869 	8.11182e-12
0.0027968 	32.0053 	-0.0295557 	8.05139e-11
0.00305105 	32.0169 	-0.0292631 	1.69145e-10
0.00330531 	32.0298 	-0.0292111 	-4.30965e-06
0.00355956 	32.044 	-0.0294152 	-1.32046e-05
0.00381381 	32.0581 	-0.0296194 	-2.20996e-05
0.00406807 	32.0723 	-0.0298235 	-1.56706e-05
0.00432232 	32.0865 	-0.0300276 	-6.79171e-06
0.00457658 	32.1013 	-0.0303163 	1.93378e-10
0.00483083 	32.1181 	-0.0308801 	1.04801e-10
0.00508509 	32.1349 	-0.0314438 	1.62235e-11
0.00533934 	32.1518 	-0.0313869 	7.29539e-11
0.00559359 	32.1688 	-0.0311907 	1.62266e-10
0.00584785 	32.1858 	-0.0312487 	-7.60512e-06
0.0061021 	32.2031 	-0.0316777 	-2.63171e-05
0.00635636 	32.2204 	-0.0321067 	-4.50291e-05
0.00661061 	32.2376 	-0.0325357 	-3.49576e-05
0.00686486 	32.2549 	-0.0329647 	-1.63022e-05
0.00711912 	32.2722 	-0.0334363 	2.02954e-10
0.00737337 	32.2898 	-0.0342025 	1.13732e-10
0.00762763 	32.3074 	-0.0349688 	2.45099e-11
0.00788188 	32.3252 	-0.0350836 	6.49461e-11
0.00813614 	32.3431 	-0.0349518 	1.54491e-10
0.00839039 	32.3611 	-0.0350733 	-9.12447e-06
0.00864464 	32.3794 	-0.0356957 	-3.62769e-05
0.0088989 	32.3977 	-0.036318 	-6.34294e-05
0.00915315 	32.416 	-0.0369403 	-5.38195e-05
0.00940741 	32.4343 	-0.0375626 	-2.67818e-05
0.00966166 	32.4526 	-0.0381881 	2.11584e-10
0.00991592 	32.4713 	-0.0391467 	1.22165e-10
0.0101702 	32.4901 	-0.0401052 	3.2747e-11
0.0104244 	32.5091 	-0.0403807 	5.73153e-11
0.0106787 	32.5282 	-0.0402614 	1.4775e-10
0.0109329 	32.5476 	-0.0403846 	-9.1582e-06
0.0111872 	32.5677 	-0.0411524 	-4.26588e-05
0.0114414 	32.5879 	-0.0419202 	-7.61594e-05
0.0116957 	32.608 	-0.042688 	-7.04698e-05
0.0119499 	32.6282 	-0.0434557 	-3.71511e-05
0.0122042 	32.6483 	-0.0442235 	-3.83234e-06
0.0124585 	32.6694 	-0.0453193 	1.31587e-10
0.0127127 	32.6906 	-0.0464578 	4.13163e-11
0.012967 	32.7121 	-0.0468975 	4.95883e-11
0.0132212 	32.7337 	-0.0467476 	1.41028e-10
0.0134755 	32.7556 	-0.0468212 	-8.31919e-06
0.0137297 	32.7787 	-0.0476942 	-4.64033e-05
0.013984 	32.8018 	-0.0485672 	-8.44874e-05
0.0142382 	32.8249 	-0.0494402 	-8.50219e-05
0.0144925 	32.8479 	-0.0503132 	-4.71901e-05
0.0147467 	32.871 	-0.0511863 	-9.35825e-06
0.015001 	32.8952 	-0.0523863 	1.41336e-10
0.0152553 	32.9198 	-0.0536938 	5.0099e-11
0.0155095 	32.9445 	-0.0543161 	4.13337e-11
0.0157638 	32.9695 	-0.054104 	1.33005e-10
0.016018 	32.9948 	-0.0540908 	-7.08671e-06
0.0162723 	33.0216 	-0.0550397 	-4.84603e-05
0.0165265 	33.0483 	-0.0559885 	-8.9834e-05
0.0167808 	33.075 	-0.0569374 	-9.80128e-05
0.017035 	33.1017 	-0.0578862 	-5.69626e-05
0.0172893 	33.1284 	-0.0588351 	-1.59123e-05
0.0175435 	33.1561 	-0.0601022 	1.49989e-10
0.0177978 	33.1845 	-0.0615707 	5.85575e-11
0.0180521 	33.2131 	-0.0624047 	3.30794e-11
0.0183063 	33.242 	-0.0621086 	1.25083e-10
0.0185606 	33.2711 	-0.0619843 	-5.77901e-06
0.0188148 	33.3018 	-0.0629894 	-4.95769e-05
0.0190691 	33.3325 	-0.0639945 	-9.33749e-05
0.0193233 	33.3633 	-0.0649997 	-0.000110067
0.0195776 	33.394 	-0.0660048 	-6.66633e-05
0.0198318 	33.4247 	-0.06701 	-2.32595e-05
0.0200861 	33.4562 	-0.0683027 	1.58845e-10
0.0203403 	33.4887 	-0.0699274 	6.71182e-11
0.0205946 	33.5214 	-0.0710104 	2.47935e-11
0.0208488 	33.5544 	-0.070616 	1.17211e-10
0.0211031 	33.5876 	-0.0703666 	-4.59201e-06
0.0213574 	33.6226 	-0.0714163 	-5.02936e-05
0.0216116 	33.6575 	-0.0724661 	-9.59951e-05
0.0218659 	33.6925 	-0.0735159 	-0.000121786
0.0221201 	33.7274 	-0.0745656 	-7.65497e-05
0.0223744 	33.7623 	-0.0756154 	-3.13134e-05
0.0226286 	33.7979 	-0.0768897 	1.67894e-10
0.0228829 	33.8347 	-0.0786691 	7.57914e-11
0.0231371 	33.8716 	-0.0800443 	1.64553e-11
0.0233914 	33.909 	-0.0795415 	1.09372e-10
0.0236456 	33.9465 	-0.0791612 	-3.64243e-06
0.0238999 	33.9858 	-0.0802498 	-5.09851e-05
0.0241542 	34.0252 	-0.0813384 	-9.83278e-05
0.0244084 	34.0646 	-0.082427 	-0.000133709
0.0246627 	34.1039 	-0.0835157 	-8.69037e-05
0.0249169 	34.1433 	-0.0846043 	-4.00983e-05
0.0251712 	34.1829 	-0.0858143 	1.77165e-10
0.0254254 	34.2243 	-0.0877501 	8.46017e-11
0.0256797 	34.2656 	-0.0894659 	8.04266e-12
0.0259339 	34.3075 	-0.0888434 	1.01545e-10
0.0261882 	34.3495 	-0.0883284 	-3.0052e-06
0.0264424 	34.3935 	-0.0894555 	-5.19577e-05
0.0266967 	34.4375 	-0.0905825 	-0.00010091
0.026951 	34.4814 	-0.0917096 	-0.000146443
0.0272052 	34.5254 	-0.0928366 	-9.81033e-05
0.0274595 	34.5694 	-0.0939637 	-4.97631e-05
0.0277137 	34.6133 	-0.0950908 	-1.42299e-06
0.027968 	34.6593 	-0.0971644 	9.3573e-11
0.0282222 	34.7053 	-0.0992668 	4.61686e-13
0.0284765 	34.7518 	-0.0985072 	9.37085e-11
0.0287307 	34.7985 	-0.0978381 	-2.72951e-06
0.028985 	34.8473 	-0.0990058 	-5.33637e-05
0.0292392 	34.896 	-0.100173 	-0.000103998
0.0294935 	34.9448 	-0.101341 	-0.000154632
0.0297477 	34.9935 	-0.102509 	-0.000110399
0.030002 	35.0422 	-0.103676 	-6.04565e-05
0.0302563 	35.091 	-0.104844 	-1.05139e-05
0.0305105 	35.1414 	-0.106908 	1.02727e-10
0.0307648 	35.1923 	-0.10921 	8.98238e-12
0.031019 	35.2437 	-0.108535 	8.64715e-11
0.0312733 	35.2952 	-0.107663 	-2.85282e-06
0.0315275 	35.3489 	-0.108872 	-5.51395e-05
0.0317818 	35.4026 	-0.110081 	-0.000107426
0.032036 	35.4563 	-0.111289 	-0.000159713
0.0322903 	35.51 	-0.112498 	-0.000123634
0.0325445 	35.5637 	-0.113706 	-7.21209e-05
0.0327988 	35.6174 	-0.114915 	-2.06078e-05
0.0330531 	35.6725 	-0.116939 	1.12914e-10
0.0333073 	35.7284 	-0.119507 	1.77525e-11
0.0335616 	35.7847 	-0.118976 	7.78532e-11
0.0338158 	35.8414 	-0.117893 	-3.41305e-06
0.0340701 	35.9002 	-0.11914 	-5.72201e-05
0.0343243 	35.9591 	-0.120388 	-0.000111027
0.0345786 	36.0179 	-0.121635 	-0.000164834
0.0348328 	36.0768 	-0.122882 	-0.000137572
0.0350871 	36.1356 	-0.12413 	-8.46218e-05
0.0353413 	36.1945 	-0.125377 	-3.16713e-05
0.0355956 	36.2542 	-0.127272 	1.21582e-10
0.0358498 	36.3154 	-0.130132 	2.63843e-11
0.0361041 	36.377 	-0.129838 	7.03806e-11
0.0363584 	36.4389 	-0.128558 	-4.44864e-06
0.0366126 	36.5031 	-0.129842 	-5.96452e-05
0.0368669 	36.5673 	-0.131125 	-0.000114842
0.0371211 	36.6315 	-0.132409 	-0.000170038
0.0373754 	36.6957 	-0.133692 	-0.000152183
0.0376296 	36.7599 	-0.134976 	-9.79258e-05
0.0378839 	36.8241 	-0.136259 	-4.3669e-05
0.0381381 	36.8887 	-0.137909 	1.32399e-10
0.0383924 	36.9553 	-0.141072 	3.55885e-11
0.0386466 	37.0222 	-0.141126 	6.25903e-11
0.0389009 	37.0897 	-0.139699 	-5.99588e-06
0.0391552 	37.1594 	-0.141017 	-6.2488e-05
0.0394094 	37.2292 	-0.142335 	-0.00011898
0.0396637 	37.2989 	-0.143653 	-0.000175472
0.0399179 	37.3687 	-0.14497 	-0.000167535
0.0401722 	37.4384 	-0.146288 	-0.000112066
0.0404264 	37.5081 	-0.147606 	-5.6597e-05
0.0406807 	37.5779 	-0.148924 	-1.12827e-06
0.0409349 	37.65 	-0.152327 	4.50478e-11
0.0411892 	37.7226 	-0.152824 	5.46364e-11
0.0414434 	37.7958 	-0.151299 	-8.09121e-06
0.0416977 	37.8713 	-0.152651 	-6.58378e-05
0.041952 	37.9468 	-0.154002 	-0.000123584
0.0422062 	38.0223 	-0.155354 	-0.000181331
0.0424605 	38.0978 	-0.156705 	-0.000183775
0.0427147 	38.1734 	-0.158057 	-0.000127136
0.042969 	38.2489 	-0.159408 	-7.04975e-05
0.0432232 	38.3244 	-0.16076 	-1.38587e-05
0.0434775 	38.4018 	-0.163902 	5.48894e-11
0.0437317 	38.4801 	-0.164933 	4.60732e-11
0.043986 	38.5594 	-0.163361 	-1.07694e-05
0.0442402 	38.6409 	-0.164746 	-6.97478e-05
0.0444945 	38.7224 	-0.166131 	-0.000128726
0.0447487 	38.8039 	-0.167515 	-0.000187704
0.045003 	38.8854 	-0.1689 	-0.000200975
0.0452573 	38.9669 	-0.170285 	-0.000143189
0.0455115 	39.0484 	-0.17167 	-8.54039e-05
0.0457658 	39.1299 	-0.173055 	-2.76185e-05
0.04602 	39.2128 	-0.175803 	6.46195e-11
0.0462743 	39.2972 	-0.177458 	3.71144e-11
0.0465285 	39.3827 	-0.175895 	-1.40543e-05
0.0467828 	39.4705 	-0.177312 	-7.42027e-05
0.047037 	39.5582 	-0.178729 	-0.000134351
0.0472913 	39.6459 	-0.180147 	-0.000194499
0.0475455 	39.7337 	-0.181564 	-0.000219011
0.0477998 	39.8214 	-0.182981 	-0.00016014
0.0480541 	39.9091 	-0.184398 	-0.00010127
0.0483083 	39.9968 	-0.185816 	-4.23992e-05
0.0485626 	40.0853 	-0.18803 	7.41316e-11
0.0488168 	40.176 	-0.190397 	2.80686e-11
0.0490711 	40.2681 	-0.188906 	-1.7957e-05
0.0493253 	40.3624 	-0.190353 	-7.9174e-05
0.0495796 	40.4566 	-0.191801 	-0.000140391
0.0498338 	40.5508 	-0.193249 	-0.000201608
0.0500881 	40.645 	-0.194696 	-0.000237719
0.0503423 	40.7392 	-0.196144 	-0.000177863
0.0505966 	40.8334 	-0.197592 	-0.000118007
0.0508509 	40.9276 	-0.199039 	-5.81511e-05
0.0511051 	41.0219 	-0.200575 	8.37475e-11
0.0513594 	41.119 	-0.203743 	1.90769e-11
0.0516136 	41.2181 	-0.20239 	-2.24707e-05
0.0518679 	41.319 	-0.203865 	-8.46052e-05
0.0521221 	41.4199 	-0.20534 	-0.00014674
0.0523764 	41.5209 	-0.206815 	-0.000208874
0.0526306 	41.6218 	-0.20829 	-0.000256851
0.0528849 	41.7227 	-0.209764 	-0.000196157
0.0531391 	41.8237 	-0.211239 	-0.000135462
0.0533934 	41.9246 	-0.212714 	-7.47684e-05
0.0536476 	42.0255 	-0.214189 	-1.40743e-05
0.0539019 	42.1288 	-0.217475 	9.77536e-12
0.0541562 	42.235 	-0.216333 	-2.75569e-05
0.0544104 	42.3429 	-0.217831 	-9.03866e-05
0.0546647 	42.4508 	-0.219328 	-0.000153216
0.0549189 	42.5587 	-0.220825 	-0.000216046
0.0551732 	42.6666 	-0.222323 	-0.000276002
0.0554274 	42.7746 	-0.22382 	-0.000214686
0.0556817 	42.8825 	-0.225318 	-0.00015337
0.0559359 	42.9904 	-0.226815 	-9.20544e-05
0.0561902 	43.0983 	-0.228312 	-3.07387e-05
0.0564444 	43.2077 	-0.231561 	3.59275e-13
0.0566987 	43.3214 	-0.230705 	-3.31354e-05
0.056953 	43.4365 	-0.232219 	-9.63511e-05
0.0572072 	43.5517 	-0.233732 	-0.000159567
0.0574615 	43.6668 	-0.235245 	-0.000222783
0.0577157 	43.782 	-0.236758 	-0.000285998
0.05797 	43.8972 	-0.238272 	-0.000232975
0.0582242 	44.0123 	-0.239785 	-0.000171337
0.0584785 	44.1275 	-0.241298 	-0.0001097
0.0587327 	44.2427 	-0.242812 	-4.80621e-05
0.058987 	44.3585 	-0.245167 	9.11592e-12
0.0592412 	44.4798 	-0.24546 	-3.91625e-05
0.0594955 	44.6025 	-0.246983 	-0.000102503
0.0597497 	44.7251 	-0.248507 	-0.000165844
0.060004 	44.8478 	-0.250031 	-0.000229185
0.0602583 	44.9704 	-0.251555 	-0.000292526
0.0605125 	45.0931 	-0.253078 	-0.000250972
0.0607668 	45.2157 	-0.254602 	-0.000189264
0.061021 	45.3384 	-0.256126 	-0.000127556
0.0612753 	45.461 	-0.25765 	-6.58477e-05
0.0615295 	45.5837 	-0.259173 	-4.13966e-06
0.0617838 	45.7127 	-0.260563 	-4.55617e-05
0.062038 	45.8431 	-0.262092 	-0.000108768
0.0622923 	45.9735 	-0.26362 	-0.000171974
0.0625465 	46.1039 	-0.265149 	-0.000235181
0.0628008 	46.2343 	-0.266678 	-0.000298387
0.0630551 	46.3646 	-0.26811 	-0.000267376
0.0633093 	46.4949 	-0.269458 	-0.000203811
0.0635636 	46.6251 	-0.270806 	-0.000140247
0.0638178 	46.7554 	-0.272153 	-7.66821e-05
0.0640721 	46.8857 	-0.273501 	-1.31176e-05
0.0643263 	47.0218 	-0.274914 	-4.10379e-05
0.0645806 	47.16 	-0.276245 	-0.000101679
0.0648348 	47.2983 	-0.277575 	-0.00016232
0.0650891 	47.4365 	-0.278906 	-0.00022296
0.0653433 	47.5747 	-0.280237 	-0.000283601
0.0655976 	47.713 	-0.281568 	-0.000262842
0.0658519 	47.8512 	-0.282899 	-0.000199812
0.0661061 	47.9894 	-0.28423 	-0.000136782
0.0663604 	48.1276 	-0.285561 	-7.37519e-05
0.0666146 	48.2659 	-0.286891 	-1.07217e-05
0.0668689 	48.4094 	-0.288463 	-2.79335e-05
0.0671231 	48.5558 	-0.289795 	-8.87962e-05
0.0673774 	48.7022 	-0.291128 	-0.000149659
0.0676316 	48.8486 	-0.29246 	-0.000210521
0.0678859 	48.9951 	-0.293792 	-0.000271384
0.0681401 	49.1415 	-0.295125 	-0.000261445
0.0683944 	49.2879 	-0.296457 	-0.000198128
0.0686486 	49.4343 	-0.297789 	-0.000134811
0.0689029 	49.5808 	-0.299122 	-7.14932e-05
0.0691572 	49.7272 	-0.300454 	-8.17595e-06
0.0694114 	49.8783 	-0.302248 	-1.45133e-05
0.0696657 	50.0332 	-0.303591 	-7.59106e-05
0.0699199 	50.188 	-0.304934 	-0.000137308
0.0701742 	50.3429 	-0.306277 	-0.000198705
0.0704284 	50.4978 	-0.30762 	-0.000260103
0.0706827 	50.6527 	-0.308963 	-0.000261041
0.0709369 	50.8076 	-0.310306 	-0.000197118
0.0711912 	50.9624 	-0.311649 	-0.000133195
0.0714454 	51.1173 	-0.312992 	-6.9272e-05
0.0716997 	51.2722 	-0.314335 	-5.34889e-06
0.071954 	51.4311 	-0.31641 	-5.56885e-07
0.0722082 	51.5946 	-0.317725 	-6.07111e-05
0.0724625 	51.7581 	-0.31904 	-0.000120865
0.0727167 	51.9216 	-0.320355 	-0.00018102
0.072971 	52.0851 	-0.32167 	-0.000241174
0.0732252 	52.2486 	-0.322985 	-0.000252812
0.0734795 	52.4122 	-0.3243 	-0.000190143
0.0737337 	52.5757 	-0.325615 	-0.000127473
0.073988 	52.7392 	-0.326931 	-6.48041e-05
0.0742422 	52.9027 	-0.328246 	-2.13478e-06
0.0744965 	53.0703 	-0.330433 	6.32397e-05
0.0747508 	53.2417 	-0.331864 	-4.51624e-05
0.075005 	53.4139 	-0.333134 	-0.000103219
0.0752593 	53.5861 	-0.334404 	-0.000161276
0.0755135 	53.7584 	-0.335673 	-0.000219333
0.0757678 	53.9306 	-0.336943 	-0.000240887
0.076022 	54.1028 	-0.338213 	-0.000180373
0.0762763 	54.275 	-0.339482 	-0.000119859
0.0765305 	54.4472 	-0.340752 	-5.93444e-05
0.0767848 	54.6195 	-0.342027 	6.05062e-06
0.077039 	54.7958 	-0.343935 	0.000138663
0.0772933 	54.9751 	-0.345889 	-2.94623e-05
0.0775475 	55.156 	-0.347077 	-8.37496e-05
0.0778018 	55.3369 	-0.348266 	-0.000138037
0.0780561 	55.5178 	-0.349455 	-0.000192324
0.0783103 	55.6987 	-0.350644 	-0.000222112
0.0785646 	55.8796 	-0.351832 	-0.000165508
0.0788188 	56.0605 	-0.353021 	-0.000108904
0.0790731 	56.2414 	-0.35421 	-5.22994e-05
0.0793273 	56.4226 	-0.355333 	2.54001e-05
0.0795816 	56.6074 	-0.356378 	0.000225104
0.0798358 	56.7945 	-0.359368 	-1.44196e-05
0.0800901 	56.984 	-0.360406 	-6.18253e-05
0.0803443 	57.1734 	-0.361444 	-0.000109231
0.0805986 	57.3629 	-0.362482 	-0.000156637
0.0808529 	57.5523 	-0.36352 	-0.000191046
0.0811071 	57.7418 	-0.364558 	-0.000141609
0.0813614 	57.9313 	-0.365596 	-9.21725e-05
0.0816156 	58.1207 	-0.366634 	-4.27359e-05
0.0818699 	58.3107 	-0.367387 	4.75086e-05
0.0821241 	58.5038 	-0.367005 	0.000318149
0.0823784 	58.6985 	-0.37159 	-2.49664e-06
0.0826326 	58.8964 	-0.37246 	-4.2207e-05
0.0828869 	59.0942 	-0.37333 	-8.19174e-05
0.0831411 	59.292 	-0.3742 	-0.000121628
0.0833954 	59.4898 	-0.37507 	-0.000157475
0.0836496 	59.6877 	-0.37594 	-0.000116065
0.0839039 	59.8855 	-0.37681 	-7.46554e-05
0.0841582 	60.0833 	-0.37768 	-3.32457e-05
0.0844124 	60.2818 	-0.377879 	7.16249e-05
0.0846667 	60.4831 	-0.375569 	0.000415436
0.0849209 	60.6858 	-0.381215 	6.35204e-05
0.0851752 	60.8911 	-0.38285 	-2.80568e-05
0.0854294 	61.097 	-0.383602 	-6.22933e-05
0.0856837 	61.3029 	-0.384354 	-9.65298e-05
0.0859379 	61.5088 	-0.385106 	-0.000130766
0.0861922 	61.7147 	-0.385858 	-9.77921e-05
0.0864464 	61.9206 	-0.38661 	-6.20999e-05
0.0867007 	62.1265 	-0.387362 	-2.64077e-05
0.086955 	62.3333 	-0.386937 	9.81571e-05
0.0872092 	62.5426 	-0.383164 	0.000475501
0.0874635 	62.753 	-0.388891 	0.000155438
0.0877177 	62.9652 	-0.391946 	-1.62521e-05
0.087972 	63.1788 	-0.392567 	-4.45233e-05
0.0882262 	63.3924 	-0.393188 	-7.27945e-05
0.0884805 	63.6059 	-0.393809 	-0.000101066
0.0887347 	63.8195 	-0.39443 	-7.88429e-05
0.088989 	64.0331 	-0.395051 	-4.93844e-05
0.0892432 	64.2467 	-0.395671 	-1.99258e-05
0.0894975 	64.4613 	-0.394504 	0.000126587
0.0897518 	64.6781 	-0.389598 	0.000517773
0.090006 	64.8958 	-0.394613 	0.000254108
0.0902603 	65.1145 	-0.399268 	-5.62362e-06
0.0905145 	65.3352 	-0.399633 	-2.26699e-05
0.0907688 	65.5559 	-0.399999 	-3.97162e-05
0.091023 	65.7766 	-0.400365 	-5.67625e-05
0.0912773 	65.9973 	-0.40073 	-4.63852e-05
0.0915315 	66.2179 	-0.401096 	-2.86364e-05
0.0917858 	66.4386 	-0.401461 	-1.08875e-05
0.09204 	66.6605 	-0.399368 	0.000154127
0.0922943 	66.8842 	-0.393371 	0.00055283
0.0925485 	67.1085 	-0.397142 	0.00035362
0.0928028 	67.3333 	-0.403394 	-2.10625e-07
0.0930571 	67.5603 	-0.403425 	-2.67056e-06
0.0933113 	67.7873 	-0.403456 	-5.13049e-06
0.0935656 	68.0143 	-0.403487 	-7.59042e-06
0.0938198 	68.2413 	-0.403518 	-6.52977e-06
0.0940741 	68.4683 	-0.403549 	-3.97107e-06
0.0943283 	68.6953 	-0.40358 	-1.41238e-06
0.0945826 	68.9236 	-0.400497 	0.000178003
0.0948368 	69.1533 	-0.393578 	0.000575389
0.0950911 	69.3834 	-0.395828 	0.000446246
0.0953453 	69.6137 	-0.402548 	6.04208e-05
0.0955996 	69.8457 	-0.403354 	9.82438e-06
0.0958539 	70.0779 	-0.403062 	2.14727e-05
0.0961081 	70.3102 	-0.402769 	3.3121e-05
0.0963624 	70.5425 	-0.402477 	3.01721e-05
0.0966166 	70.7748 	-0.402184 	1.8072e-05
0.0968709 	71.0071 	-0.401891 	5.97198e-06
0.0971251 	71.2405 	-0.397834 	0.000198586
0.0973794 	71.4749 	-0.390109 	0.000590686
0.0976336 	71.7096 	-0.390722 	0.000531909
0.0978879 	71.9444 	-0.397298 	0.00015079
0.0981421 	72.1801 	-0.399521 	1.58721e-05
0.0983964 	72.4162 	-0.398894 	4.21351e-05
0.0986507 	72.6523 	-0.398268 	6.8398e-05
0.0989049 	72.8884 	-0.397641 	6.6437e-05
0.0991592 	73.1245 	-0.397014 	3.91997e-05
0.0994134 	73.3606 	-0.396388 	1.19624e-05
0.0996677 	73.5975 	-0.391305 	0.000215702
0.0999219 	73.8351 	-0.382733 	0.000600323
0.100176 	74.0728 	-0.381528 	0.000610207
0.10043 	74.3105 	-0.387879 	0.000235855
0.100685 	74.5485 	-0.391503 	1.60567e-05
0.100939 	74.7866 	-0.390484 	5.94564e-05
0.101193 	75.0247 	-0.389466 	0.000102856
0.101447 	75.2628 	-0.388447 	0.000107387
0.101702 	75.501 	-0.387429 	6.24639e-05
0.101956 	75.7391 	-0.38641 	1.75405e-05
0.10221 	75.9775 	-0.380291 	0.000225089
0.102464 	76.2161 	-0.370905 	0.000594357
0.102719 	76.4548 	-0.367803 	0.000668926
0.102973 	76.6935 	-0.373968 	0.000308945
0.103227 	76.9321 	-0.379071 	8.04469e-06
0.103481 	77.1701 	-0.377749 	6.47858e-05
0.103736 	77.4081 	-0.376428 	0.000121527
0.10399 	77.6461 	-0.375107 	0.000137647
0.104244 	77.8841 	-0.373786 	7.90452e-05
0.104498 	78.1221 	-0.372465 	2.04436e-05
0.104753 	78.3597 	-0.365413 	0.000230107
0.105007 	78.5971 	-0.35529 	0.000583495
0.105261 	78.8345 	-0.350291 	0.000717401
0.105516 	79.0719 	-0.356474 	0.000372271
0.10577 	79.3092 	-0.362658 	2.71406e-05
0.106024 	79.5448 	-0.361587 	6.73374e-05
0.106278 	79.7803 	-0.359896 	0.000140422
0.106533 	80.0157 	-0.358206 	0.000174364
0.106787 	80.2511 	-0.356516 	9.90768e-05
0.107041 	80.4866 	-0.354826 	2.37891e-05
0.107295 	80.7208 	-0.346668 	0.000226568
0.10755 	80.9545 	-0.335524 	0.000557794
0.107804 	81.1881 	-0.328223 	0.000742201
0.108058 	81.4216 	-0.334234 	0.000418046
0.108312 	81.6551 	-0.340246 	9.38905e-05
0.108567 	81.8863 	-0.340524 	6.3528e-05
0.108821 	82.1166 	-0.338463 	0.000152959
0.109075 	82.3469 	-0.336403 	0.000210679
0.109329 	82.5772 	-0.334342 	0.000118816
0.109584 	82.8075 	-0.332282 	2.69525e-05
0.109838 	83.0357 	-0.323247 	0.000212745
0.110092 	83.2629 	-0.311317 	0.000513826
0.110346 	83.4901 	-0.301798 	0.000735266
0.110601 	83.717 	-0.307926 	0.000439934
0.110855 	83.9439 	-0.314055 	0.000144603
0.111109 	84.1685 	-0.315875 	5.14665e-05
0.111363 	84.3908 	-0.31356 	0.000152307
0.111618 	84.6131 	-0.311246 	0.000235702
0.111872 	84.8355 	-0.308931 	0.000132446
0.112126 	85.0578 	-0.306617 	2.91899e-05
0.11238 	85.2769 	-0.296723 	0.0001961
0.112635 	85.4948 	-0.283843 	0.000469482
0.112889 	85.7127 	-0.271778 	0.000719685
0.113143 	85.9301 	-0.277981 	0.000450847
0.113397 	86.1475 	-0.284184 	0.000182009
0.113652 	86.3629 	-0.287514 	3.79676e-05
0.113906 	86.5742 	-0.284822 	0.00015552
0.11416 	86.7854 	-0.28213 	0.000273073
0.114414 	86.9967 	-0.279437 	0.000154187
0.114669 	87.208 	-0.276745 	3.42314e-05
0.114923 	87.4149 	-0.265962 	0.000172489
0.115177 	87.6202 	-0.251947 	0.000413855
0.115431 	87.8255 	-0.237932 	0.000655222
0.115686 	88.0301 	-0.24331 	0.000440383
0.11594 	88.2347 	-0.249672 	0.000202384
0.116194 	88.4382 	-0.254628 	1.9825e-05
0.116448 	88.6351 	-0.251599 	0.000152302
0.116703 	88.8319 	-0.248569 	0.000284779
0.116957 	89.0288 	-0.24554 	0.000175472
0.117211 	89.2257 	-0.24251 	4.07833e-05
0.117465 	89.4172 	-0.230972 	0.000146963
0.11772 	89.6065 	-0.215737 	0.000357751
0.117974 	89.7957 	-0.200502 	0.000568539
0.118228 	89.9842 	-0.204047 	0.000418633
0.118482 	90.1725 	-0.21064 	0.000210185
0.118737 	90.3609 	-0.217233 	1.73588e-06
0.118991 	90.5399 	-0.214082 	0.000140271
0.119245 	90.7189 	-0.21085 	0.00028172
0.119499 	90.8979 	-0.207617 	0.000191413
0.119754 	91.0769 	-0.204385 	4.81607e-05
0.120008 	91.2498 	-0.192521 	0.000124495
0.120262 	91.4196 	-0.176285 	0.000312042
0.120517 	91.5893 	-0.160048 	0.000499589
0.120771 	91.7582 	-0.161638 	0.00039993
0.121025 	91.9268 	-0.168589 	0.000213902
0.121279 	92.0955 	-0.17554 	2.78741e-05
0.121534 	92.2548 	-0.17373 	0.000124798
0.121788 	92.4126 	-0.170375 	0.00027159
0.122042 	92.5703 	-0.16702 	0.000205297
0.122296 	92.7281 	-0.163666 	5.72343e-05
0.122551 	92.8792 	-0.151952 	0.000101837
0.122805 	93.0261 	-0.134971 	0.000267845
0.123059 	93.1731 	-0.117991 	0.000433852
0.123313 	93.3191 	-0.117529 	0.000375628
0.123568 	93.4648 	-0.124947 	0.000210451
0.123822 	93.6105 	-0.132364 	4.52742e-05
0.124076 	93.7473 	-0.131988 	0.000105333
0.12433 	93.8808 	-0.12867 	0.000250438
0.124585 	94.0143 	-0.125352 	0.000212
0.124839 	94.1478 	-0.122034 	6.62399e-05
0.125093 	94.2747 	-0.111057 	8.02517e-05
0.125347 	94.396 	-0.0937004 	0.000227351
0.125602 	94.5173 	-0.0763439 	0.000374451
0.125856 	94.6379 	-0.0738764 	0.000349569
0.12611 	94.7579 	-0.0819635 	0.000202771
0.126364 	94.878 	-0.0900507 	5.59734e-05
0.126619 	94.9899 	-0.0912174 	8.37301e-05
0.126873 	95.0968 	-0.0881191 	0.000219061
0.127127 	95.2038 	-0.0850208 	0.000208393
0.127381 	95.3107 	-0.0819226 	7.29457e-05
0.127636 	95.4116 	-0.0722072 	6.18151e-05
0.12789 	95.5055 	-0.0547692 	0.000195773
0.128144 	95.5993 	-0.0373312 	0.000329731
0.128398 	95.6926 	-0.0328785 	0.00033154
0.128653 	95.7851 	-0.0417686 	0.000197562
0.128907 	95.8777 	-0.0506587 	6.35842e-05
0.129161 	95.9633 	-0.0534228 	6.34739e-05
0.129415 	96.0424 	-0.0506535 	0.00018428
0.12967 	96.1216 	-0.0478842 	0.000197097
0.129924 	96.2007 	-0.0451149 	7.64429e-05
0.130178 	96.2749 	-0.037029 	4.56223e-05
0.130432 	96.3406 	-0.0197504 	0.000170126
0.130687 	96.4062 	-0.00247183 	0.000294629
0.130941 	96.4714 	0.00396106 	0.000319151
0.131195 	96.536 	-0.00579236 	0.000194458
0.131449 	96.6005 	-0.0155458 	6.97648e-05
0.131704 	96.6592 	-0.0199572 	4.55302e-05
0.131958 	96.7105 	-0.0175839 	0.000148887
0.132212 	96.7617 	-0.0152106 	0.000178905
0.132466 	96.813 	-0.0128373 	7.58301e-05
0.132721 	96.8607 	-0.00661096 	3.10587e-05
0.132975 	96.8987 	0.0103391 	0.00014856
0.133229 	96.9366 	0.0272891 	0.000266062
0.133483 	96.9743 	0.0357351 	0.000310803
0.133738 	97.0113 	0.0251829 	0.000192994
0.133992 	97.0483 	0.0146307 	7.51855e-05
0.134246 	97.0807 	0.00861377 	3.11635e-05
0.134501 	97.1051 	0.0105969 	0.000117297
0.134755 	97.1294 	0.0125801 	0.000158163
0.135009 	97.1537 	0.0145633 	7.23838e-05
0.135263 	97.1761 	0.0188128 	1.70877e-05
0.135518 	97.1877 	0.0353082 	0.000126505
0.135772 	97.1993 	0.0518036 	0.000235923
0.136026 	97.2108 	0.0622523 	0.000297721
0.13628 	97.2217 	0.0509089 	0.000187903
0.136535 	97.2326 	0.0395655 	7.80854e-05
0.136789 	97.2401 	0.0319719 	2.04124e-05
0.137043 	97.2392 	0.0336053 	9.10527e-05
0.137297 	97.2383 	0.0352388 	0.000137547
0.137552 	97.2373 	0.0368723 	6.7292e-05
0.137806 	97.2359 	0.0391184 	4.23112e-06
0.13806 	97.2232 	0.0552783 	0.000104537
0.138314 	97.2104 	0.0714382 	0.000204843
0.138569 	97.1976 	0.0840754 	0.000279973
0.138823 	97.1843 	0.0720988 	0.000179197
0.139077 	97.171 	0.0601222 	7.84219e-05
0.139331 	97.1553 	0.0511015 	1.28598e-05
0.139586 	97.1311 	0.0524504 	7.08329e-05
0.13984 	97.107 	0.0537993 	0.000119623
0.140094 	97.0829 	0.0551482 	6.20415e-05
0.140348 	97.0587 	0.0564971 	4.46032e-06
0.140603 	97.0246 	0.0713203 	8.66127e-05
0.140857 	96.9896 	0.0872748 	0.000180497
0.141111 	96.9547 	0.102287 	0.000268127
0.141365 	96.9193 	0.0898799 	0.000173711
0.14162 	96.8839 	0.0774725 	7.92939e-05
0.141874 	96.847 	0.0672427 	8.12395e-06
0.142128 	96.8018 	0.0684309 	5.88413e-05
0.142382 	96.7566 	0.069619 	0.000109559
0.142637 	96.7114 	0.0708072 	6.04992e-05
0.142891 	96.6662 	0.0719954 	1.01886e-05
0.143145 	96.6132 	0.0849096 	7.04918e-05
0.143399 	96.5582 	0.100801 	0.000158883
0.143654 	96.5032 	0.116693 	0.000247275
0.143908 	96.448 	0.10571 	0.00016872
0.144162 	96.3927 	0.0930486 	7.9743e-05
0.144416 	96.3365 	0.0818162 	4.86834e-06
0.144671 	96.2724 	0.0829222 	5.17747e-05
0.144925 	96.2083 	0.0840282 	9.8681e-05
0.145179 	96.1442 	0.0851342 	6.19361e-05
0.145433 	96.0801 	0.0862402 	1.54625e-05
0.145688 	96.0101 	0.0972038 	5.53936e-05
0.145942 	95.9372 	0.113082 	0.000138406
0.146196 	95.8643 	0.128961 	0.000221418
0.14645 	95.7913 	0.120439 	0.000162896
0.146705 	95.7181 	0.107588 	7.92589e-05
0.146959 	95.6446 	0.0954641 	2.31619e-06
0.147213 	95.5636 	0.0965139 	4.65498e-05
0.147467 	95.4826 	0.0975637 	9.07834e-05
0.147722 	95.4017 	0.0986135 	6.42512e-05
0.147976 	95.3207 	0.0996633 	2.04762e-05
0.14823 	95.2355 	0.108611 	4.15222e-05
0.148484 	95.1467 	0.1245 	0.000119535
0.148739 	95.0579 	0.14039 	0.000197547
0.148993 	94.9689 	0.1344 	0.000156895
0.149247 	94.8799 	0.121401 	7.82283e-05
0.149502 	94.7909 	0.108481 	2.34982e-07
0.149756 	94.6949 	0.109485 	4.22902e-05
0.15001 	94.599 	0.11049 	8.43453e-05
0.150264 	94.503 	0.111495 	6.68225e-05
0.150519 	94.407 	0.112499 	2.52485e-05
0.150773 	94.3083 	0.119343 	2.8497e-05
0.151027 	94.2054 	0.135216 	0.000101064
0.151281 	94.1025 	0.151089 	0.000173631
0.151536 	93.9995 	0.147644 	0.000149171
0.15179 	93.8964 	0.134487 	7.59364e-05
0.152044 	93.7934 	0.12133 	2.70176e-06
0.152298 	93.6845 	0.121751 	3.7599e-05
0.152553 	93.5753 	0.122691 	7.66378e-05
0.152807 	93.4662 	0.123631 	6.7507e-05
0.153061 	93.357 	0.124572 	2.89539e-05
0.153315 	93.2464 	0.129214 	1.66015e-05
0.15357 	93.1311 	0.145024 	8.32747e-05
0.153824 	93.0159 	0.160833 	0.000149948
0.154078 	92.9006 	0.159917 	0.000139751
0.154332 	92.7853 	0.146569 	7.24146e-05
0.154587 	92.67 	0.133222 	5.07819e-06
0.154841 	92.5499 	0.132999 	3.21807e-05
0.155095 	92.4294 	0.133848 	6.69857e-05
0.155349 	92.3089 	0.134696 	6.51938e-05
0.155604 	92.1884 	0.135544 	3.08538e-05
0.155858 	92.0673 	0.137901 	6.16893e-06
0.156112 	91.9416 	0.153603 	6.69281e-05
0.156366 	91.8158 	0.169305 	0.000127687
0.156621 	91.6901 	0.170906 	0.000129588
0.156875 	91.5644 	0.15734 	6.8183e-05
0.157129 	91.4387 	0.143773 	6.77764e-06
0.157383 	91.3092 	0.14293 	2.63685e-05
0.157638 	91.1791 	0.143665 	5.60081e-05
0.157892 	91.0491 	0.1444 	5.98784e-05
0.158146 	90.919 	0.145135 	3.06598e-05
0.1584 	90.789 	0.145869 	1.44121e-06
0.158655 	90.6549 	0.160705 	5.25057e-05
0.158909 	90.5205 	0.176272 	0.000107735
0.159163 	90.3861 	0.180387 	0.000119642
0.159417 	90.2519 	0.166591 	6.37908e-05
0.159672 	90.1176 	0.152796 	7.93987e-06
0.159926 	89.9805 	0.151359 	2.06278e-05
0.16018 	89.8428 	0.151971 	4.46737e-05
0.160434 	89.7051 	0.152582 	5.21837e-05
0.160689 	89.5675 	0.153194 	2.84977e-05
0.160943 	89.4298 	0.153805 	4.81158e-06
0.161197 	89.2894 	0.166215 	4.01098e-05
0.161451 	89.1483 	0.181633 	9.04436e-05
0.161706 	89.0072 	0.188272 	0.000110575
0.16196 	88.8663 	0.174255 	5.96462e-05
0.162214 	88.7254 	0.160239 	8.7176e-06
0.162468 	88.5824 	0.158244 	1.53117e-05
0.162723 	88.439 	0.158732 	3.37853e-05
0.162977 	88.2956 	0.159221 	4.29072e-05
0.163231 	88.1522 	0.159709 	2.47225e-05
0.163485 	88.0088 	0.160197 	6.53776e-06
0.16374 	87.8637 	0.17015 	2.95609e-05
0.163994 	87.7177 	0.185414 	7.57137e-05
0.164248 	87.5718 	0.194589 	0.000102684
0.164503 	87.4261 	0.180372 	5.59627e-05
0.164757 	87.2804 	0.166156 	9.24168e-06
0.165011 	87.1334 	0.163641 	1.05735e-05
0.165265 	86.9861 	0.164012 	2.37539e-05
0.16552 	86.8387 	0.164384 	3.26506e-05
0.165774 	86.6913 	0.164755 	1.9684e-05
0.166028 	86.544 	0.165126 	6.71744e-06
0.166282 	86.3958 	0.172599 	2.05486e-05
0.166537 	86.2467 	0.187707 	6.31833e-05
0.166791 	86.0977 	0.199426 	9.59607e-05
0.167045 	85.949 	0.185038 	5.27829e-05
0.167299 	85.8003 	0.17065 	9.60518e-06
0.167554 	85.6508 	0.167652 	6.39974e-06
0.167808 	85.5012 	0.167913 	1.46301e-05
0.168062 	85.3516 	0.168175 	2.16752e-05
0.168316 	85.202 	0.168436 	1.35825e-05
0.168571 	85.0524 	0.168697 	5.48977e-06
0.168825 	84.9024 	0.173682 	1.27551e-05
0.169079 	84.7519 	0.188626 	5.2407e-05
0.169333 	84.6014 	0.202885 	9.02047e-05
0.169588 	84.4512 	0.188356 	5.00337e-05
0.169842 	84.301 	0.173827 	9.8626e-06
0.170096 	84.1507 	0.170381 	2.76589e-06
0.17035 	84.0003 	0.17054 	6.43147e-06
0.170605 	83.85 	0.1707 	1.0097e-05
0.170859 	83.6996 	0.17086 	6.62928e-06
0.171113 	83.5492 	0.17102 	3.0265e-06
0.171367 	83.3988 	0.173518 	5.93434e-06
0.171622 	83.2482 	0.188292 	4.30179e-05
0.171876 	83.0976 	0.203066 	8.01014e-05
0.17213 	82.9474 	0.190445 	4.76273e-05
0.172384 	82.7972 	0.175813 	1.00474e-05
0.172639 	82.6473 	0.171949 	-3.9889e-07
0.172893 	82.4975 	0.172015 	-9.43663e-07
0.173147 	82.3477 	0.172081 	-1.48844e-06
0.173401 	82.1979 	0.172146 	-1.07168e-06
0.173656 	82.048 	0.172212 	-5.36426e-07
0.17391 	81.8982 	0.172278 	-1.16707e-09
0.174164 	81.7488 	0.186828 	3.47319e-05
0.174418 	81.5993 	0.201415 	6.95547e-05
0.174673 	81.4502 	0.191402 	4.54749e-05
0.174927 	81.3012 	0.176703 	1.01782e-05
0.175181 	81.1528 	0.172451 	-3.07275e-06
0.175435 	81.0047 	0.172432 	-7.39089e-06
0.17569 	80.8565 	0.172413 	-1.1709e-05
0.175944 	80.7084 	0.172394 	-9.18664e-06
0.176198 	80.5603 	0.172375 	-4.94497e-06
0.176452 	80.4121 	0.172356 	-7.03306e-07
0.176707 	80.2647 	0.184359 	2.72782e-05
0.176961 	80.1174 	0.198752 	5.99801e-05
0.177215 	79.9704 	0.191359 	4.3392e-05
0.177469 	79.8236 	0.176644 	1.02397e-05
0.177724 	79.6776 	0.172035 	-5.29468e-06
0.177978 	79.5321 	0.17194 	-1.29558e-05
0.178232 	79.3865 	0.171846 	-2.06169e-05
0.178486 	79.2409 	0.171751 	-1.75265e-05
0.178741 	79.0954 	0.171657 	-1.00023e-05
0.178995 	78.9498 	0.171563 	-2.47805e-06
0.179249 	78.8051 	0.181032 	2.03036e-05
0.179504 	78.6608 	0.195198 	5.05787e-05
0.179758 	78.5167 	0.190416 	4.08005e-05
0.180012 	78.3729 	0.17574 	1.01055e-05
0.180266 	78.2301 	0.170797 	-7.25672e-06
0.180521 	78.0879 	0.17063 	-1.80753e-05
0.180775 	77.9456 	0.170464 	-2.88938e-05
0.181029 	77.8033 	0.170298 	-2.64841e-05
0.181283 	77.6611 	0.170132 	-1.58598e-05
0.181538 	77.5188 	0.169966 	-5.23556e-06
0.181792 	77.3774 	0.176931 	1.3869e-05
0.182046 	77.2367 	0.190825 	4.12133e-05
0.1823 	77.0963 	0.188619 	3.7421e-05
0.182555 	76.956 	0.174036 	9.69635e-06
0.182809 	76.817 	0.168788 	-8.75565e-06
0.183063 	76.6787 	0.168561 	-2.22206e-05
0.183317 	76.5403 	0.168334 	-3.56856e-05
0.183572 	76.4019 	0.168107 	-3.51185e-05
0.183826 	76.2636 	0.16788 	-2.18954e-05
0.18408 	76.1252 	0.167653 	-8.67235e-06
0.184334 	75.9874 	0.172182 	8.07054e-06
0.184589 	75.8509 	0.185775 	3.15217e-05
0.184843 	75.7146 	0.186108 	3.25912e-05
0.185097 	75.5785 	0.171724 	8.81449e-06
0.185351 	75.4437 	0.166217 	-9.81096e-06
0.185606 	75.3096 	0.165941 	-2.54018e-05
0.18586 	75.1756 	0.165664 	-4.09927e-05
0.186114 	75.0416 	0.165388 	-4.31521e-05
0.186368 	74.9075 	0.165111 	-2.78403e-05
0.186623 	74.7735 	0.164834 	-1.25285e-05
0.186877 	74.6398 	0.167012 	3.39068e-06
0.187131 	74.5078 	0.180235 	2.20443e-05
0.187385 	74.3759 	0.183015 	2.63328e-05
0.18764 	74.2444 	0.168928 	7.42165e-06
0.187894 	74.1141 	0.163204 	-1.06284e-05
0.188148 	73.9848 	0.162882 	-2.81223e-05
0.188402 	73.8554 	0.16256 	-4.56162e-05
0.188657 	73.726 	0.162239 	-5.11996e-05
0.188911 	73.5967 	0.161917 	-3.40165e-05
0.189165 	73.4673 	0.161595 	-1.68334e-05
0.189419 	73.338 	0.16154 	2.77782e-07
0.189674 	73.2108 	0.174326 	1.39253e-05
0.189928 	73.0837 	0.179408 	1.95778e-05
0.190182 	72.9569 	0.16571 	5.74373e-06
0.190436 	72.8315 	0.159808 	-1.13521e-05
0.190691 	72.7071 	0.15944 	-3.07634e-05
0.190945 	72.5826 	0.159072 	-5.01748e-05
0.191199 	72.4582 	0.158703 	-5.98786e-05
0.191453 	72.3338 	0.158335 	-4.08081e-05
0.191708 	72.2093 	0.157967 	-2.17376e-05
0.191962 	72.0849 	0.157599 	-2.66718e-06
0.192216 	71.9624 	0.1681 	7.71365e-06
0.19247 	71.8404 	0.175284 	1.30803e-05
0.192725 	71.7186 	0.162051 	3.99162e-06
0.192979 	71.5981 	0.156003 	-1.21045e-05
0.193233 	71.4788 	0.155582 	-3.36879e-05
0.193487 	71.3595 	0.155161 	-5.52713e-05
0.193742 	71.2401 	0.15474 	-6.99641e-05
0.193996 	71.1208 	0.154319 	-4.8754e-05
0.19425 	71.0014 	0.153898 	-2.75439e-05
0.194505 	70.8821 	0.153477 	-6.33384e-06
0.194759 	70.7644 	0.161541 	3.86364e-06
0.195013 	70.6475 	0.170587 	8.175e-06
0.195267 	70.5309 	0.157896 	2.59352e-06
0.195522 	70.4156 	0.151758 	-1.21876e-05
0.195776 	70.3014 	0.151306 	-3.4953e-05
0.19603 	70.1873 	0.150853 	-5.77184e-05
0.196284 	70.0732 	0.150401 	-7.73361e-05
0.196539 	69.959 	0.149949 	-5.4957e-05
0.196793 	69.8449 	0.149497 	-3.25779e-05
0.197047 	69.7308 	0.149045 	-1.01988e-05
0.197301 	69.618 	0.154848 	9.32831e-07
0.197556 	69.5063 	0.16551 	2.5897e-06
0.19781 	69.3949 	0.153457 	8.53838e-07
0.198064 	69.2848 	0.147295 	-1.16375e-05
0.198318 	69.176 	0.146836 	-3.45369e-05
0.198573 	69.0671 	0.146376 	-5.74363e-05
0.198827 	68.9583 	0.145916 	-8.03357e-05
0.199081 	68.8495 	0.145456 	-5.87982e-05
0.199335 	68.7406 	0.144997 	-3.62785e-05
0.19959 	68.6318 	0.144537 	-1.37588e-05
0.199844 	68.5239 	0.148279 	-1.65539e-06
0.200098 	68.4176 	0.158622 	-5.91102e-06
0.200352 	68.3115 	0.148885 	-2.24432e-06
0.200607 	68.2066 	0.14274 	-1.10608e-05
0.200861 	68.1031 	0.142272 	-3.4144e-05
0.201115 	67.9996 	0.141803 	-5.72272e-05
0.201369 	67.8961 	0.141335 	-8.03104e-05
0.201624 	67.7926 	0.140866 	-6.2776e-05
0.201878 	67.689 	0.140397 	-4.00654e-05
0.202132 	67.5855 	0.139929 	-1.73548e-05
0.202386 	67.4826 	0.141834 	-2.85781e-06
0.202641 	67.3816 	0.151431 	-1.4977e-05
0.202895 	67.2808 	0.144161 	-6.77067e-06
0.203149 	67.1812 	0.138068 	-1.06785e-05
0.203403 	67.0831 	0.137578 	-3.45096e-05
0.203658 	66.9849 	0.137088 	-5.83407e-05
0.203912 	66.8867 	0.136597 	-8.21719e-05
0.204166 	66.7885 	0.136107 	-6.83845e-05
0.20442 	66.6904 	0.135617 	-4.49264e-05
0.204675 	66.5922 	0.135126 	-2.14683e-05
0.204929 	66.4942 	0.135425 	-1.73399e-06
0.205183 	66.3986 	0.144232 	-2.21795e-05
0.205437 	66.3031 	0.139162 	-1.21065e-05
0.205692 	66.2087 	0.133152 	-1.04944e-05
0.205946 	66.1159 	0.132624 	-3.57941e-05
0.2062 	66.023 	0.132095 	-6.10937e-05
0.206454 	65.9302 	0.131566 	-8.63934e-05
0.206709 	65.8374 	0.131038 	-7.63422e-05
0.206963 	65.7445 	0.130509 	-5.1425e-05
0.207217 	65.6517 	0.129981 	-2.65077e-05
0.207471 	65.5588 	0.129452 	-1.59051e-06
0.207726 	65.4684 	0.136896 	-2.56454e-05
0.20798 	65.3782 	0.133756 	-1.72015e-05
0.208234 	65.289 	0.127879 	-1.00833e-05
0.208488 	65.2015 	0.127316 	-3.66764e-05
0.208743 	65.1139 	0.126753 	-6.32695e-05
0.208997 	65.0264 	0.126189 	-8.98626e-05
0.209251 	64.9388 	0.125626 	-8.41232e-05
0.209506 	64.8513 	0.125063 	-5.79167e-05
0.20976 	64.7637 	0.1245 	-3.17101e-05
0.210014 	64.6762 	0.123937 	-5.50353e-06
0.210268 	64.5907 	0.129469 	-2.60089e-05
0.210523 	64.5057 	0.127979 	-2.19322e-05
0.210777 	64.4217 	0.122302 	-9.33378e-06
0.211031 	64.3394 	0.121716 	-3.67006e-05
0.211285 	64.2571 	0.12113 	-6.40674e-05
0.21154 	64.1748 	0.120544 	-9.14343e-05
0.211794 	64.0925 	0.119958 	-9.05001e-05
0.212048 	64.0103 	0.119372 	-6.3514e-05
0.212302 	63.928 	0.118786 	-3.65279e-05
0.212557 	63.8457 	0.1182 	-9.54175e-06
0.212811 	63.765 	0.122066 	-2.44251e-05
0.213065 	63.6853 	0.121926 	-2.67128e-05
0.213319 	63.6065 	0.116509 	-8.38018e-06
0.213574 	63.5294 	0.115906 	-3.62805e-05
0.213828 	63.4523 	0.115302 	-6.41809e-05
0.214082 	63.3752 	0.114699 	-9.20812e-05
0.214336 	63.2981 	0.114096 	-9.62045e-05
0.214591 	63.221 	0.113493 	-6.86738e-05
0.214845 	63.1439 	0.11289 	-4.11432e-05
0.215099 	63.0668 	0.112287 	-1.36125e-05
0.215353 	62.991 	0.11474 	-2.1282e-05
0.215608 	62.9165 	0.115638 	-3.15903e-05
0.215862 	62.8427 	0.110536 	-7.30279e-06
0.216116 	62.7707 	0.109916 	-3.5722e-05
0.21637 	62.6988 	0.109296 	-6.41412e-05
0.216625 	62.6268 	0.108676 	-9.25604e-05
0.216879 	62.5549 	0.108056 	-0.000101937
0.217133 	62.4829 	0.107436 	-7.3875e-05
0.217387 	62.411 	0.106816 	-4.58126e-05
0.217642 	62.3391 	0.106197 	-1.77501e-05
0.217896 	62.268 	0.10749 	-1.68213e-05
0.21815 	62.1986 	0.109112 	-3.64656e-05
0.218404 	62.1298 	0.104366 	-6.09611e-06
0.218659 	62.0629 	0.10373 	-3.50168e-05
0.218913 	61.996 	0.103094 	-6.39376e-05
0.219167 	61.9292 	0.102458 	-9.28583e-05
0.219421 	61.8623 	0.101822 	-0.000107677
0.219676 	61.7955 	0.101186 	-7.90978e-05
0.21993 	61.7286 	0.10055 	-5.05191e-05
0.220184 	61.6617 	0.0999145 	-2.19403e-05
0.220438 	61.5954 	0.100297 	-1.13621e-05
0.220693 	61.5311 	0.102353 	-4.1365e-05
0.220947 	61.4671 	0.0980148 	-4.7329e-06
0.221201 	61.4053 	0.0973667 	-3.39954e-05
0.221455 	61.3434 	0.0967187 	-6.32579e-05
0.22171 	61.2816 	0.0960706 	-9.25204e-05
0.221964 	61.2197 	0.0954225 	-0.00011286
0.222218 	61.1579 	0.0947744 	-8.39209e-05
0.222472 	61.096 	0.0941263 	-5.49822e-05
0.222727 	61.0342 	0.0934782 	-2.60435e-05
0.222981 	60.9726 	0.0931888 	-5.17072e-06
0.223235 	60.9132 	0.0953996 	-4.639e-05
0.223489 	60.8541 	0.0915287 	-3.23052e-06
0.223744 	60.7972 	0.0908727 	-3.2665e-05
0.223998 	60.7403 	0.0902167 	-6.20994e-05
0.224252 	60.6834 	0.0895607 	-9.15339e-05
0.224507 	60.6265 	0.0889047 	-0.000117378
0.224761 	60.5696 	0.0882487 	-8.82456e-05
0.225015 	60.5127 	0.0875927 	-5.91137e-05
0.225269 	60.4558 	0.0869367 	-2.99818e-05
0.225524 	60.3989 	0.0862807 	-8.49895e-07
0.225778 	60.3444 	0.0882905 	-5.16463e-05
0.226032 	60.29 	0.0849607 	-1.61395e-06
0.226286 	60.238 	0.0843002 	-3.10855e-05
0.226541 	60.186 	0.0836397 	-6.0557e-05
0.226795 	60.134 	0.0829791 	-9.00285e-05
0.227049 	60.0819 	0.0823186 	-0.0001195
0.227303 	60.0299 	0.0816581 	-9.21118e-05
0.227558 	59.9779 	0.0809976 	-6.29193e-05
0.227812 	59.9259 	0.0803371 	-3.37268e-05
0.228066 	59.8738 	0.0796766 	-4.53424e-06
0.22832 	59.8239 	0.0807217 	-4.7776e-05
0.228575 	59.7742 	0.0783563 	-1.86841e-07
0.228829 	59.727 	0.0776844 	-2.94342e-05
0.229083 	59.6798 	0.0770192 	-5.89654e-05
0.229337 	59.6325 	0.076354 	-8.84966e-05
0.229592 	59.5853 	0.0756888 	-0.000118028
0.229846 	59.5381 	0.0750236 	-9.59778e-05
0.2301 	59.4909 	0.0743584 	-6.67016e-05
0.230354 	59.4436 	0.0736932 	-3.74253e-05
0.230609 	59.3964 	0.073028 	-8.14904e-06
0.230863 	59.3509 	0.0732619 	-4.20615e-05
0.231117 	59.306 	0.0717536 	-3.77935e-06
0.231371 	59.2634 	0.0710029 	-2.76291e-05
0.231626 	59.2208 	0.0703348 	-5.71612e-05
0.23188 	59.1783 	0.0696666 	-8.66934e-05
0.232134 	59.1358 	0.0689985 	-0.000116226
0.232388 	59.0933 	0.0683304 	-9.9576e-05
0.232643 	59.0508 	0.0676623 	-7.02736e-05
0.232897 	59.0083 	0.0669941 	-4.09711e-05
0.233151 	58.9657 	0.066326 	-1.16687e-05
0.233405 	58.9246 	0.0659652 	-3.56807e-05
0.23366 	58.8845 	0.0650055 	-7.67624e-06
0.233914 	58.8463 	0.064266 	-2.54797e-05
0.234168 	58.8083 	0.063602 	-5.47245e-05
0.234422 	58.7704 	0.0629381 	-8.39694e-05
0.234677 	58.7325 	0.0622741 	-0.000113214
0.234931 	58.6946 	0.0616101 	-0.000102082
0.235185 	58.6567 	0.0609461 	-7.30394e-05
0.235439 	58.6188 	0.0602821 	-4.39966e-05
0.235694 	58.5809 	0.0596181 	-1.49537e-05
0.235948 	58.5441 	0.0588734 	-2.90657e-05
0.236202 	58.5085 	0.0581856 	-1.18154e-05
0.236456 	58.4746 	0.0575408 	-2.30735e-05
0.236711 	58.4412 	0.0568871 	-5.17804e-05
0.236965 	58.4078 	0.0562335 	-8.04872e-05
0.237219 	58.3744 	0.0555799 	-0.000109194
0.237473 	58.341 	0.0549262 	-0.000103531
0.237728 	58.3076 	0.0542726 	-7.49968e-05
0.237982 	58.2741 	0.053619 	-4.64627e-05
0.238236 	58.2407 	0.0529653 	-1.79286e-05
0.23849 	58.2081 	0.0520248 	-2.23177e-05
0.238745 	58.1769 	0.0513328 	-1.6097e-05
0.238999 	58.1473 	0.0508396 	-2.05218e-05
0.239253 	58.1182 	0.0502008 	-4.85166e-05
0.239508 	58.0891 	0.0495621 	-7.65113e-05
0.239762 	58.06 	0.0489233 	-0.000104506
0.240016 	58.031 	0.0482846 	-0.000104123
0.24027 	58.0019 	0.0476458 	-7.62719e-05
0.240525 	57.9728 	0.0470071 	-4.84203e-05
0.240779 	57.9437 	0.0463683 	-2.05687e-05
0.241033 	57.9152 	0.0454093 	-1.54031e-05
0.241287 	57.8882 	0.0445284 	-2.0152e-05
0.241542 	57.8626 	0.0442222 	-1.75502e-05
0.241796 	57.8376 	0.0436138 	-4.41773e-05
0.24205 	57.8127 	0.0430054 	-7.08043e-05
0.242304 	57.7877 	0.042397 	-9.74314e-05
0.242559 	57.7627 	0.0417886 	-0.000101962
0.242813 	57.7378 	0.0411802 	-7.54472e-05
0.243067 	57.7128 	0.0405718 	-4.89319e-05
0.243321 	57.6879 	0.0399634 	-2.24167e-05
0.243576 	57.6632 	0.0391227 	-8.7314e-06
0.24383 	57.6402 	0.0380056 	-2.36857e-05
0.244084 	57.6184 	0.0379352 	-1.39867e-05
0.244338 	57.5973 	0.0373854 	-3.8023e-05
0.244593 	57.5761 	0.0368356 	-6.20593e-05
0.244847 	57.555 	0.0362858 	-8.60956e-05
0.245101 	57.5339 	0.0357361 	-9.46096e-05
0.245355 	57.5127 	0.0351863 	-7.06521e-05
0.24561 	57.4916 	0.0346365 	-4.66946e-05
0.245864 	57.4705 	0.0340867 	-2.27371e-05
0.246118 	57.4495 	0.0334507 	-2.74177e-06
0.246372 	57.4301 	0.0320759 	-2.68954e-05
0.246627 	57.4117 	0.0322975 	-1.00854e-05
0.246881 	57.3941 	0.031837 	-3.01999e-05
0.247135 	57.3764 	0.0313766 	-5.03143e-05
0.247389 	57.3588 	0.0309161 	-7.04287e-05
0.247644 	57.3411 	0.0304557 	-8.12599e-05
0.247898 	57.3235 	0.0299952 	-6.11927e-05
0.248152 	57.3058 	0.0295348 	-4.11255e-05
0.248406 	57.2882 	0.0290743 	-2.10583e-05
0.248661 	57.2705 	0.0286139 	-9.91107e-07
0.248915 	57.2544 	0.0270643 	-3.0069e-05
0.249169 	57.2363 	0.027638 	-6.18285e-06
0.249423 	57.2151 	0.0272989 	-2.0988e-05
0.249678 	57.1938 	0.0269598 	-3.57931e-05
0.249932 	57.1726 	0.0266206 	-5.05983e-05
0.250186 	57.1514 	0.0262815 	-6.13016e-05
0.25044 	57.1301 	0.0259424 	-4.65173e-05
0.250695 	57.1089 	0.0256033 	-3.17331e-05
0.250949 	57.0877 	0.0252642 	-1.69488e-05
0.251203 	57.0664 	0.0249251 	-2.16459e-06
0.251457 	57.0408 	0.0233078 	-3.35238e-05
0.251712 	57.0187 	0.0242097 	-6.31177e-06
0.251966 	57.0055 	0.0237723 	-2.54053e-05
0.25222 	56.9923 	0.0233349 	-4.44989e-05
0.252474 	56.9791 	0.0228975 	-6.35924e-05
0.252729 	56.9659 	0.0224601 	-8.09179e-05
0.252983 	56.9526 	0.0220227 	-6.18363e-05
0.253237 	56.9394 	0.0215853 	-4.27547e-05
0.253491 	56.9262 	0.0211479 	-2.36732e-05
0.253746 	56.913 	0.0207105 	-4.59161e-06
0.254 	56.9098 	0.0189316 	-1.41735e-05
