0 	31.937 	-2.73815e-07 	3.69545e-18
0.000254254 	31.9428 	-2.74183e-07 	6.76564e-15
0.000508509 	31.9486 	-2.74183e-07 	6.76564e-15
0.000762763 	31.9543 	-2.74183e-07 	6.76564e-15
0.00101702 	31.9601 	-2.74183e-07 	6.76564e-15
0.00127127 	31.9659 	-2.74183e-07 	6.76564e-15
0.00152553 	31.9717 	-2.74183e-07 	6.76564e-15
0.00177978 	31.9774 	-2.74183e-07 	6.76564e-15
0.00203403 	31.9832 	-2.74183e-07 	6.76564e-15
0.00228829 	31.989 	-2.74183e-07 	6.76564e-15
0.00254254 	31.9948 	-2.74183e-07 	6.76564e-15
0.0027968 	32.0082 	-2.79624e-07 	6.77217e-15
0.00305105 	32.0224 	-2.79624e-07 	6.77217e-15
0.00330531 	32.0367 	-2.79624e-07 	6.77217e-15
0.00355956 	32.0509 	-2.79624e-07 	6.77217e-15
0.00381381 	32.0651 	-2.79624e-07 	6.77217e-15
0.00406807 	32.0793 	-2.79624e-07 	6.77216e-15
0.00432232 	32.0935 	-2.79624e-07 	6.77216e-15
0.00457658 	32.1077 	-2.79624e-07 	6.77216e-15
0.00483083 	32.122 	-2.79624e-07 	6.77216e-15
0.00508509 	32.1362 	-2.79624e-07 	6.77216e-15
0.00533934 	32.1529 	-3.03001e-07 	6.83393e-15
0.00559359 	32.1702 	-3.03001e-07 	6.83393e-15
0.00584785 	32.1875 	-3.03001e-07 	6.83393e-15
0.0061021 	32.2048 	-3.03001e-07 	6.83393e-15
0.00635636 	32.2221 	-3.03001e-07 	6.83393e-15
0.00661061 	32.2394 	-3.03001e-07 	6.83393e-15
0.00686486 	32.2567 	-3.03001e-07 	6.83393e-15
0.00711912 	32.274 	-3.03001e-07 	6.83393e-15
0.00737337 	32.2913 	-3.03001e-07 	6.83393e-15
0.00762763 	32.3086 	-3.03001e-07 	6.83392e-15
0.00788188 	32.3267 	-3.43401e-07 	6.85344e-15
0.00813614 	32.345 	-3.43401e-07 	6.85343e-15
0.00839039 	32.3633 	-3.43401e-07 	6.85343e-15
0.00864464 	32.3817 	-3.43401e-07 	6.85343e-15
0.0088989 	32.4 	-3.43401e-07 	6.85343e-15
0.00915315 	32.4183 	-3.43401e-07 	6.85343e-15
0.00940741 	32.4367 	-3.43401e-07 	6.85343e-15
0.00966166 	32.455 	-3.43401e-07 	6.85343e-15
0.00991592 	32.4733 	-3.43401e-07 	6.85343e-15
0.0101702 	32.4917 	-3.43401e-07 	6.85343e-15
0.0104244 	32.5112 	-3.96957e-07 	6.92343e-15
0.0106787 	32.5313 	-3.96957e-07 	6.92343e-15
0.0109329 	32.5515 	-3.96957e-07 	6.92343e-15
0.0111872 	32.5717 	-3.96957e-07 	6.92343e-15
0.0114414 	32.5918 	-3.96957e-07 	6.92342e-15
0.0116957 	32.612 	-3.96957e-07 	6.92342e-15
0.0119499 	32.6322 	-3.96957e-07 	6.92342e-15
0.0122042 	32.6524 	-3.96957e-07 	6.92342e-15
0.0124585 	32.6725 	-3.96957e-07 	6.92342e-15
0.0127127 	32.6927 	-3.96957e-07 	6.92342e-15
0.012967 	32.7145 	-4.602e-07 	7.00632e-15
0.0132212 	32.7376 	-4.602e-07 	7.00632e-15
0.0134755 	32.7607 	-4.602e-07 	7.00632e-15
0.0137297 	32.7838 	-4.602e-07 	7.00632e-15
0.013984 	32.8068 	-4.602e-07 	7.00632e-15
0.0142382 	32.8299 	-4.602e-07 	7.00632e-15
0.0144925 	32.853 	-4.602e-07 	7.00631e-15
0.0147467 	32.8761 	-4.602e-07 	7.00631e-15
0.015001 	32.8992 	-4.602e-07 	7.00631e-15
0.0152553 	32.9223 	-4.602e-07 	7.00631e-15
0.0155095 	32.9471 	-5.30499e-07 	7.05966e-15
0.0157638 	32.9738 	-5.30499e-07 	7.05966e-15
0.016018 	33.0005 	-5.30499e-07 	7.05966e-15
0.0162723 	33.0272 	-5.30499e-07 	7.05966e-15
0.0165265 	33.0539 	-5.30499e-07 	7.05965e-15
0.0167808 	33.0806 	-5.30499e-07 	7.05965e-15
0.017035 	33.1073 	-5.30499e-07 	7.05965e-15
0.0172893 	33.1341 	-5.30499e-07 	7.05965e-15
0.0175435 	33.1608 	-5.30499e-07 	7.05965e-15
0.0177978 	33.1875 	-5.30499e-07 	7.05965e-15
0.0180521 	33.2156 	-6.06019e-07 	7.11776e-15
0.0183063 	33.2463 	-6.06019e-07 	7.11776e-15
0.0185606 	33.2771 	-6.06019e-07 	7.11776e-15
0.0188148 	33.3078 	-6.06019e-07 	7.11775e-15
0.0190691 	33.3385 	-6.06019e-07 	7.11775e-15
0.0193233 	33.3692 	-6.06019e-07 	7.11775e-15
0.0195776 	33.3999 	-6.06019e-07 	7.11775e-15
0.0198318 	33.4306 	-6.06019e-07 	7.11775e-15
0.0200861 	33.4613 	-6.06019e-07 	7.11774e-15
0.0203403 	33.492 	-6.06019e-07 	7.11774e-15
0.0205946 	33.5238 	-6.85601e-07 	7.18739e-15
0.0208488 	33.5588 	-6.85601e-07 	7.18739e-15
0.0211031 	33.5937 	-6.85601e-07 	7.18739e-15
0.0213574 	33.6286 	-6.85601e-07 	7.18738e-15
0.0216116 	33.6636 	-6.85601e-07 	7.18738e-15
0.0218659 	33.6985 	-6.85601e-07 	7.18738e-15
0.0221201 	33.7334 	-6.85601e-07 	7.18738e-15
0.0223744 	33.7684 	-6.85601e-07 	7.18738e-15
0.0226286 	33.8033 	-6.85601e-07 	7.18737e-15
0.0228829 	33.8382 	-6.85601e-07 	7.18737e-15
0.0231371 	33.874 	-7.68581e-07 	7.2686e-15
0.0233914 	33.9133 	-7.68581e-07 	7.2686e-15
0.0236456 	33.9527 	-7.68581e-07 	7.2686e-15
0.0238999 	33.992 	-7.68581e-07 	7.2686e-15
0.0241542 	34.0314 	-7.68581e-07 	7.26859e-15
0.0244084 	34.0707 	-7.68581e-07 	7.26859e-15
0.0246627 	34.1101 	-7.68581e-07 	7.26859e-15
0.0249169 	34.1494 	-7.68581e-07 	7.26859e-15
0.0251712 	34.1888 	-7.68581e-07 	7.26858e-15
0.0254254 	34.2281 	-7.68581e-07 	7.26858e-15
0.0256797 	34.2679 	-8.54409e-07 	7.36158e-15
0.0259339 	34.3118 	-8.54409e-07 	7.36158e-15
0.0261882 	34.3558 	-8.54409e-07 	7.36157e-15
0.0264424 	34.3997 	-8.54409e-07 	7.36157e-15
0.0266967 	34.4437 	-8.54409e-07 	7.36157e-15
0.026951 	34.4876 	-8.54409e-07 	7.36157e-15
0.0272052 	34.5316 	-8.54409e-07 	7.36156e-15
0.0274595 	34.5755 	-8.54409e-07 	7.36156e-15
0.0277137 	34.6195 	-8.54409e-07 	7.36156e-15
0.027968 	34.6634 	-8.54409e-07 	7.36155e-15
0.0282222 	34.7073 	-9.92675e-07 	2.47252e-18
0.0284765 	34.7561 	-9.41742e-07 	7.46632e-15
0.0287307 	34.8048 	-9.41742e-07 	7.46632e-15
0.028985 	34.8535 	-9.41742e-07 	7.46632e-15
0.0292392 	34.9022 	-9.41742e-07 	7.46631e-15
0.0294935 	34.9509 	-9.41742e-07 	7.46631e-15
0.0297477 	34.9997 	-9.41742e-07 	7.46631e-15
0.030002 	35.0484 	-9.41742e-07 	7.4663e-15
0.0302563 	35.0971 	-9.41742e-07 	7.4663e-15
0.0305105 	35.1458 	-9.41742e-07 	7.4663e-15
0.0307648 	35.1946 	-9.41742e-07 	7.46629e-15
0.031019 	35.2478 	-1.02847e-06 	7.63242e-15
0.0312733 	35.3015 	-1.02847e-06 	7.63241e-15
0.0315275 	35.3551 	-1.02847e-06 	7.63241e-15
0.0317818 	35.4088 	-1.02847e-06 	7.6324e-15
0.032036 	35.4625 	-1.02847e-06 	7.6324e-15
0.0322903 	35.5162 	-1.02847e-06 	7.6324e-15
0.0325445 	35.5699 	-1.02847e-06 	7.63239e-15
0.0327988 	35.6235 	-1.02847e-06 	7.63239e-15
0.0330531 	35.6772 	-1.02847e-06 	7.63239e-15
0.0333073 	35.7309 	-1.02847e-06 	7.63238e-15
0.0335616 	35.7888 	-1.11681e-06 	7.71609e-15
0.0338158 	35.8476 	-1.11681e-06 	7.71608e-15
0.0340701 	35.9064 	-1.11681e-06 	7.71608e-15
0.0343243 	35.9653 	-1.11681e-06 	7.71608e-15
0.0345786 	36.0241 	-1.11681e-06 	7.71607e-15
0.0348328 	36.0829 	-1.11681e-06 	7.71607e-15
0.0350871 	36.1417 	-1.11681e-06 	7.71607e-15
0.0353413 	36.2005 	-1.11681e-06 	7.71606e-15
0.0355956 	36.2594 	-1.11681e-06 	7.71606e-15
0.0358498 	36.3182 	-1.11681e-06 	7.71605e-15
0.0361041 	36.3809 	-1.20776e-06 	7.90696e-15
0.0363584 	36.4451 	-1.20776e-06 	7.90695e-15
0.0366126 	36.5092 	-1.20776e-06 	7.90695e-15
0.0368669 	36.5734 	-1.20776e-06 	7.90694e-15
0.0371211 	36.6376 	-1.20776e-06 	7.90694e-15
0.0373754 	36.7017 	-1.20776e-06 	7.90694e-15
0.0376296 	36.7659 	-1.20776e-06 	7.90693e-15
0.0378839 	36.8301 	-1.20776e-06 	7.90693e-15
0.0381381 	36.8942 	-1.20776e-06 	7.90692e-15
0.0383924 	36.9584 	-1.20776e-06 	7.90692e-15
0.0386466 	37.0261 	-1.30304e-06 	8.10223e-15
0.0389009 	37.0958 	-1.30304e-06 	8.10222e-15
0.0391552 	37.1655 	-1.30304e-06 	8.10222e-15
0.0394094 	37.2352 	-1.30304e-06 	8.10221e-15
0.0396637 	37.3049 	-1.30304e-06 	8.10221e-15
0.0399179 	37.3746 	-1.30304e-06 	8.1022e-15
0.0401722 	37.4444 	-1.30304e-06 	8.1022e-15
0.0404264 	37.5141 	-1.30304e-06 	8.1022e-15
0.0406807 	37.5838 	-1.30304e-06 	8.10219e-15
0.0409349 	37.6535 	-1.30304e-06 	8.10219e-15
0.0411892 	37.7263 	-1.40206e-06 	8.3092e-15
0.0414434 	37.8018 	-1.40206e-06 	8.30919e-15
0.0416977 	37.8773 	-1.40206e-06 	8.30919e-15
0.041952 	37.9528 	-1.40206e-06 	8.30919e-15
0.0422062 	38.0282 	-1.40206e-06 	8.30918e-15
0.0424605 	38.1037 	-1.40206e-06 	8.30918e-15
0.0427147 	38.1792 	-1.40206e-06 	8.30917e-15
0.042969 	38.2547 	-1.40206e-06 	8.30917e-15
0.0432232 	38.3301 	-1.40206e-06 	8.30916e-15
0.0434775 	38.4056 	-1.40206e-06 	8.30916e-15
0.0437317 	38.4838 	-1.50453e-06 	8.49266e-15
0.043986 	38.5653 	-1.50453e-06 	8.49265e-15
0.0442402 	38.6467 	-1.50453e-06 	8.49264e-15
0.0444945 	38.7282 	-1.50453e-06 	8.49264e-15
0.0447487 	38.8097 	-1.50453e-06 	8.49263e-15
0.045003 	38.8911 	-1.50453e-06 	8.49263e-15
0.0452573 	38.9726 	-1.50453e-06 	8.49262e-15
0.0455115 	39.0541 	-1.50453e-06 	8.49262e-15
0.0457658 	39.1355 	-1.50453e-06 	8.49261e-15
0.04602 	39.217 	-1.50453e-06 	8.49261e-15
0.0462743 	39.3007 	-1.61034e-06 	8.64041e-15
0.0465285 	39.3884 	-1.61034e-06 	8.6404e-15
0.0467828 	39.4761 	-1.61034e-06 	8.6404e-15
0.047037 	39.5638 	-1.61034e-06 	8.64039e-15
0.0472913 	39.6515 	-1.61034e-06 	8.64039e-15
0.0475455 	39.7392 	-1.61034e-06 	8.64038e-15
0.0477998 	39.8269 	-1.61034e-06 	8.64038e-15
0.0480541 	39.9146 	-1.61034e-06 	8.64037e-15
0.0483083 	40.0022 	-1.61034e-06 	8.64036e-15
0.0485626 	40.0899 	-1.61034e-06 	8.64036e-15
0.0488168 	40.1794 	-1.71934e-06 	8.80331e-15
0.0490711 	40.2736 	-1.71934e-06 	8.80331e-15
0.0493253 	40.3677 	-1.71934e-06 	8.8033e-15
0.0495796 	40.4619 	-1.71934e-06 	8.80329e-15
0.0498338 	40.556 	-1.71934e-06 	8.80329e-15
0.0500881 	40.6502 	-1.71934e-06 	8.80328e-15
0.0503423 	40.7444 	-1.71934e-06 	8.80328e-15
0.0505966 	40.8385 	-1.71934e-06 	8.80327e-15
0.0508509 	40.9327 	-1.71934e-06 	8.80326e-15
0.0511051 	41.0269 	-1.71934e-06 	8.80326e-15
0.0513594 	41.1223 	-1.83123e-06 	9.02991e-15
0.0516136 	41.2231 	-1.83123e-06 	9.0299e-15
0.0518679 	41.324 	-1.83123e-06 	9.0299e-15
0.0521221 	41.4249 	-1.83123e-06 	9.02989e-15
0.0523764 	41.5258 	-1.83123e-06 	9.02988e-15
0.0526306 	41.6267 	-1.83123e-06 	9.02988e-15
0.0528849 	41.7276 	-1.83123e-06 	9.02987e-15
0.0531391 	41.8285 	-1.83123e-06 	9.02986e-15
0.0533934 	41.9294 	-1.83123e-06 	9.02986e-15
0.0536476 	42.0303 	-1.83123e-06 	9.02985e-15
0.0539019 	42.1318 	-1.94553e-06 	9.21054e-15
0.0541562 	42.2397 	-1.94553e-06 	9.21054e-15
0.0544104 	42.3475 	-1.94553e-06 	9.21053e-15
0.0546647 	42.4554 	-1.94553e-06 	9.21052e-15
0.0549189 	42.5633 	-1.94553e-06 	9.21052e-15
0.0551732 	42.6712 	-1.94553e-06 	9.21051e-15
0.0554274 	42.779 	-1.94553e-06 	9.2105e-15
0.0556817 	42.8869 	-1.94553e-06 	9.2105e-15
0.0559359 	42.9948 	-1.94553e-06 	9.21049e-15
0.0561902 	43.1026 	-1.94553e-06 	9.21048e-15
0.0564444 	43.2105 	-2.31572e-06 	1.60832e-18
0.0566987 	43.3256 	-2.06152e-06 	9.46602e-15
0.056953 	43.4407 	-2.06152e-06 	9.46601e-15
0.0572072 	43.5558 	-2.06152e-06 	9.466e-15
0.0574615 	43.671 	-2.06152e-06 	9.46599e-15
0.0577157 	43.7861 	-2.06152e-06 	9.46599e-15
0.05797 	43.9012 	-2.06152e-06 	9.46598e-15
0.0582242 	44.0163 	-2.06152e-06 	9.46597e-15
0.0584785 	44.1314 	-2.06152e-06 	9.46597e-15
0.0587327 	44.2465 	-2.06152e-06 	9.46596e-15
0.058987 	44.3616 	-2.06152e-06 	9.46595e-15
0.0592412 	44.4835 	-2.17814e-06 	9.73187e-15
0.0594955 	44.6061 	-2.17814e-06 	9.73186e-15
0.0597497 	44.7287 	-2.17814e-06 	9.73185e-15
0.060004 	44.8513 	-2.17814e-06 	9.73184e-15
0.0602583 	44.9739 	-2.17814e-06 	9.73183e-15
0.0605125 	45.0965 	-2.17814e-06 	9.73183e-15
0.0607668 	45.2191 	-2.17814e-06 	9.73182e-15
0.061021 	45.3417 	-2.17814e-06 	9.73181e-15
0.0612753 	45.4643 	-2.17814e-06 	9.7318e-15
0.0615295 	45.5869 	-2.17814e-06 	9.73179e-15
0.0617838 	45.7159 	-2.29542e-06 	1.0067e-14
0.062038 	45.8462 	-2.29542e-06 	1.0067e-14
0.0622923 	45.9765 	-2.29542e-06 	1.0067e-14
0.0625465 	46.1069 	-2.29542e-06 	1.0067e-14
0.0628008 	46.2372 	-2.29542e-06 	1.0067e-14
0.0630551 	46.3675 	-2.29542e-06 	1.0067e-14
0.0633093 	46.4979 	-2.29542e-06 	1.0067e-14
0.0635636 	46.6282 	-2.29542e-06 	1.0067e-14
0.0638178 	46.7585 	-2.29542e-06 	1.0067e-14
0.0640721 	46.8889 	-2.29542e-06 	1.0067e-14
0.0643263 	47.025 	-2.41278e-06 	1.03253e-14
0.0645806 	47.1633 	-2.41278e-06 	1.03253e-14
0.0648348 	47.3016 	-2.41278e-06 	1.03252e-14
0.0650891 	47.4398 	-2.41278e-06 	1.03252e-14
0.0653433 	47.5781 	-2.41278e-06 	1.03252e-14
0.0655976 	47.7164 	-2.41278e-06 	1.03252e-14
0.0658519 	47.8547 	-2.41278e-06 	1.03252e-14
0.0661061 	47.993 	-2.41278e-06 	1.03252e-14
0.0663604 	48.1313 	-2.41278e-06 	1.03252e-14
0.0666146 	48.2696 	-2.41278e-06 	1.03252e-14
0.0668689 	48.4131 	-2.52886e-06 	1.06247e-14
0.0671231 	48.5596 	-2.52886e-06 	1.06247e-14
0.0673774 	48.7061 	-2.52886e-06 	1.06247e-14
0.0676316 	48.8526 	-2.52886e-06 	1.06247e-14
0.0678859 	48.999 	-2.52886e-06 	1.06247e-14
0.0681401 	49.1455 	-2.52886e-06 	1.06247e-14
0.0683944 	49.292 	-2.52886e-06 	1.06247e-14
0.0686486 	49.4385 	-2.52886e-06 	1.06247e-14
0.0689029 	49.585 	-2.52886e-06 	1.06247e-14
0.0691572 	49.7315 	-2.52886e-06 	1.06246e-14
0.0694114 	49.8826 	-2.64275e-06 	1.09507e-14
0.0696657 	50.0375 	-2.64275e-06 	1.09507e-14
0.0699199 	50.1924 	-2.64275e-06 	1.09507e-14
0.0701742 	50.3474 	-2.64275e-06 	1.09507e-14
0.0704284 	50.5023 	-2.64275e-06 	1.09507e-14
0.0706827 	50.6572 	-2.64275e-06 	1.09507e-14
0.0709369 	50.8122 	-2.64275e-06 	1.09507e-14
0.0711912 	50.9671 	-2.64275e-06 	1.09507e-14
0.0714454 	51.122 	-2.64275e-06 	1.09507e-14
0.0716997 	51.277 	-2.64275e-06 	1.09507e-14
0.071954 	51.4358 	-2.74234e-06 	1.1291e-14
0.0722082 	51.5994 	-2.74234e-06 	1.1291e-14
0.0724625 	51.763 	-2.74234e-06 	1.1291e-14
0.0727167 	51.9265 	-2.74234e-06 	1.1291e-14
0.072971 	52.0901 	-2.74234e-06 	1.1291e-14
0.0732252 	52.2536 	-2.74234e-06 	1.1291e-14
0.0734795 	52.4172 	-2.74234e-06 	1.1291e-14
0.0737337 	52.5808 	-2.74234e-06 	1.1291e-14
0.073988 	52.7443 	-2.74234e-06 	1.1291e-14
0.0742422 	52.9079 	-2.74234e-06 	1.12909e-14
0.0744965 	53.0746 	-2.8225e-06 	1.16448e-14
0.0747508 	53.2469 	-2.8225e-06 	1.16447e-14
0.075005 	53.4191 	-2.8225e-06 	1.16447e-14
0.0752593 	53.5914 	-2.8225e-06 	1.16447e-14
0.0755135 	53.7636 	-2.8225e-06 	1.16447e-14
0.0757678 	53.9359 	-2.8225e-06 	1.16447e-14
0.076022 	54.1081 	-2.8225e-06 	1.16447e-14
0.0762763 	54.2804 	-2.8225e-06 	1.16447e-14
0.0765305 	54.4526 	-2.8225e-06 	1.16447e-14
0.0767848 	54.6249 	-2.8225e-06 	1.16447e-14
0.077039 	54.7995 	-2.88486e-06 	1.19666e-14
0.0772933 	54.9805 	-2.88486e-06 	1.19666e-14
0.0775475 	55.1614 	-2.88486e-06 	1.19666e-14
0.0778018 	55.3423 	-2.88486e-06 	1.19666e-14
0.0780561 	55.5233 	-2.88486e-06 	1.19666e-14
0.0783103 	55.7042 	-2.88486e-06 	1.19666e-14
0.0785646 	55.8852 	-2.88486e-06 	1.19665e-14
0.0788188 	56.0661 	-2.88486e-06 	1.19665e-14
0.0790731 	56.247 	-2.88486e-06 	1.19665e-14
0.0793273 	56.428 	-2.88486e-06 	1.19665e-14
0.0795816 	56.6105 	-2.91183e-06 	1.23337e-14
0.0798358 	56.8 	-2.91183e-06 	1.23337e-14
0.0800901 	56.9895 	-2.91183e-06 	1.23337e-14
0.0803443 	57.1791 	-2.91183e-06 	1.23337e-14
0.0805986 	57.3686 	-2.91183e-06 	1.23337e-14
0.0808529 	57.5582 	-2.91183e-06 	1.23336e-14
0.0811071 	57.7477 	-2.91183e-06 	1.23336e-14
0.0813614 	57.9372 	-2.91183e-06 	1.23336e-14
0.0816156 	58.1268 	-2.91183e-06 	1.23336e-14
0.0818699 	58.3163 	-2.91183e-06 	1.23336e-14
0.0821241 	58.5066 	-2.92127e-06 	1.27134e-14
0.0823784 	58.7045 	-2.92127e-06 	1.27134e-14
0.0826326 	58.9024 	-2.92127e-06 	1.27133e-14
0.0828869 	59.1004 	-2.92127e-06 	1.27133e-14
0.0831411 	59.2983 	-2.92127e-06 	1.27133e-14
0.0833954 	59.4962 	-2.92127e-06 	1.27133e-14
0.0836496 	59.6941 	-2.92127e-06 	1.27133e-14
0.0839039 	59.892 	-2.92127e-06 	1.27133e-14
0.0841582 	60.09 	-2.92127e-06 	1.27133e-14
0.0844124 	60.2879 	-2.92127e-06 	1.27133e-14
0.0846667 	60.4858 	-3.85259e-06 	3.78537e-17
0.0849209 	60.6918 	-2.94693e-06 	1.31007e-14
0.0851752 	60.8977 	-2.94693e-06 	1.31007e-14
0.0854294 	61.1037 	-2.94693e-06 	1.31007e-14
0.0856837 	61.3096 	-2.94693e-06 	1.31007e-14
0.0859379 	61.5156 	-2.94693e-06 	1.31007e-14
0.0861922 	61.7215 	-2.94693e-06 	1.31007e-14
0.0864464 	61.9275 	-2.94693e-06 	1.31007e-14
0.0867007 	62.1335 	-2.94693e-06 	1.31007e-14
0.086955 	62.3394 	-2.94693e-06 	1.31006e-14
0.0872092 	62.5454 	-2.94693e-06 	1.31006e-14
0.0874635 	62.7583 	-2.96298e-06 	1.34935e-14
0.0877177 	62.9719 	-2.96298e-06 	1.34935e-14
0.087972 	63.1855 	-2.96298e-06 	1.34935e-14
0.0882262 	63.3991 	-2.96298e-06 	1.34935e-14
0.0884805 	63.6128 	-2.96298e-06 	1.34935e-14
0.0887347 	63.8264 	-2.96298e-06 	1.34935e-14
0.088989 	64.04 	-2.96298e-06 	1.34935e-14
0.0892432 	64.2536 	-2.96298e-06 	1.34935e-14
0.0894975 	64.4672 	-2.96298e-06 	1.34934e-14
0.0897518 	64.6808 	-2.96298e-06 	1.34934e-14
0.090006 	64.9003 	-2.95094e-06 	1.3889e-14
0.0902603 	65.121 	-2.95094e-06 	1.3889e-14
0.0905145 	65.3418 	-2.95094e-06 	1.3889e-14
0.0907688 	65.5625 	-2.95094e-06 	1.38889e-14
0.091023 	65.7833 	-2.95094e-06 	1.38889e-14
0.0912773 	66.004 	-2.95094e-06 	1.38889e-14
0.0915315 	66.2247 	-2.95094e-06 	1.38889e-14
0.0917858 	66.4455 	-2.95094e-06 	1.38889e-14
0.09204 	66.6662 	-2.95094e-06 	1.38889e-14
0.0922943 	66.887 	-2.95094e-06 	1.38889e-14
0.0925485 	67.1123 	-2.93669e-06 	1.42839e-14
0.0928028 	67.3393 	-2.93669e-06 	1.42839e-14
0.0930571 	67.5664 	-2.93669e-06 	1.42838e-14
0.0933113 	67.7935 	-2.93669e-06 	1.42838e-14
0.0935656 	68.0205 	-2.93669e-06 	1.42838e-14
0.0938198 	68.2476 	-2.93669e-06 	1.42838e-14
0.0940741 	68.4746 	-2.93669e-06 	1.42838e-14
0.0943283 	68.7017 	-2.93669e-06 	1.42838e-14
0.0945826 	68.9287 	-2.93669e-06 	1.42837e-14
0.0948368 	69.1558 	-2.93669e-06 	1.42837e-14
0.0950911 	69.3862 	-2.9004e-06 	1.46285e-14
0.0953453 	69.6184 	-2.9004e-06 	1.46285e-14
0.0955996 	69.8507 	-2.9004e-06 	1.46285e-14
0.0958539 	70.083 	-2.9004e-06 	1.46285e-14
0.0961081 	70.3153 	-2.9004e-06 	1.46285e-14
0.0963624 	70.5476 	-2.9004e-06 	1.46285e-14
0.0966166 	70.7798 	-2.9004e-06 	1.46285e-14
0.0968709 	71.0121 	-2.9004e-06 	1.46284e-14
0.0971251 	71.2444 	-2.9004e-06 	1.46284e-14
0.0973794 	71.4767 	-2.9004e-06 	1.46284e-14
0.0976336 	71.711 	-2.82576e-06 	1.50597e-14
0.0978879 	71.9471 	-2.82576e-06 	1.50597e-14
0.0981421 	72.1832 	-2.82576e-06 	1.50597e-14
0.0983964 	72.4193 	-2.82576e-06 	1.50597e-14
0.0986507 	72.6554 	-2.82576e-06 	1.50597e-14
0.0989049 	72.8914 	-2.82576e-06 	1.50596e-14
0.0991592 	73.1275 	-2.82576e-06 	1.50596e-14
0.0994134 	73.3636 	-2.82576e-06 	1.50596e-14
0.0996677 	73.5997 	-2.82576e-06 	1.50596e-14
0.0999219 	73.8358 	-2.82576e-06 	1.50596e-14
0.100176 	74.0728 	-2.71037e-06 	1.54893e-14
0.10043 	74.3109 	-2.71037e-06 	1.54893e-14
0.100685 	74.549 	-2.71037e-06 	1.54893e-14
0.100939 	74.7871 	-2.71037e-06 	1.54893e-14
0.101193 	75.0251 	-2.71037e-06 	1.54893e-14
0.101447 	75.2632 	-2.71037e-06 	1.54893e-14
0.101702 	75.5013 	-2.71037e-06 	1.54892e-14
0.101956 	75.7394 	-2.71037e-06 	1.54892e-14
0.10221 	75.9775 	-2.71037e-06 	1.54892e-14
0.102464 	76.2156 	-2.71037e-06 	1.54892e-14
0.102719 	76.4536 	-2.53251e-06 	1.58353e-14
0.102973 	76.6916 	-2.53251e-06 	1.58352e-14
0.103227 	76.9295 	-2.53251e-06 	1.58352e-14
0.103481 	77.1675 	-2.53251e-06 	1.58352e-14
0.103736 	77.4054 	-2.53251e-06 	1.58352e-14
0.10399 	77.6433 	-2.53251e-06 	1.58352e-14
0.104244 	77.8813 	-2.53251e-06 	1.58352e-14
0.104498 	78.1192 	-2.53251e-06 	1.58351e-14
0.104753 	78.3571 	-2.53251e-06 	1.58351e-14
0.105007 	78.5951 	-2.53251e-06 	1.58351e-14
0.105261 	78.8323 	-2.3559e-06 	1.62044e-14
0.105516 	79.0676 	-2.3559e-06 	1.62044e-14
0.10577 	79.303 	-2.3559e-06 	1.62044e-14
0.106024 	79.5383 	-2.3559e-06 	1.62044e-14
0.106278 	79.7737 	-2.3559e-06 	1.62044e-14
0.106533 	80.009 	-2.3559e-06 	1.62044e-14
0.106787 	80.2444 	-2.3559e-06 	1.62043e-14
0.107041 	80.4797 	-2.3559e-06 	1.62043e-14
0.107295 	80.7151 	-2.3559e-06 	1.62043e-14
0.10755 	80.9504 	-2.3559e-06 	1.62043e-14
0.107804 	81.1848 	-2.07085e-06 	1.65518e-14
0.108058 	81.415 	-2.07085e-06 	1.65517e-14
0.108312 	81.6452 	-2.07085e-06 	1.65517e-14
0.108567 	81.8754 	-2.07085e-06 	1.65517e-14
0.108821 	82.1056 	-2.07085e-06 	1.65517e-14
0.109075 	82.3358 	-2.07085e-06 	1.65517e-14
0.109329 	82.5661 	-2.07085e-06 	1.65517e-14
0.109584 	82.7963 	-2.07085e-06 	1.65516e-14
0.109838 	83.0265 	-2.07085e-06 	1.65516e-14
0.110092 	83.2567 	-2.07085e-06 	1.65516e-14
0.110346 	83.4861 	-1.77407e-06 	1.68169e-14
0.110601 	83.7084 	-1.77407e-06 	1.68169e-14
0.110855 	83.9306 	-1.77407e-06 	1.68169e-14
0.111109 	84.1528 	-1.77407e-06 	1.68169e-14
0.111363 	84.375 	-1.77407e-06 	1.68169e-14
0.111618 	84.5972 	-1.77407e-06 	1.68168e-14
0.111872 	84.8195 	-1.77407e-06 	1.68168e-14
0.112126 	85.0417 	-1.77407e-06 	1.68168e-14
0.11238 	85.2639 	-1.77407e-06 	1.68168e-14
0.112635 	85.4861 	-1.77407e-06 	1.68168e-14
0.112889 	85.7083 	-2.87951e-06 	6.87803e-17
0.113143 	85.9195 	-1.43955e-06 	1.70327e-14
0.113397 	86.1306 	-1.43955e-06 	1.70327e-14
0.113652 	86.3417 	-1.43955e-06 	1.70327e-14
0.113906 	86.5529 	-1.43955e-06 	1.70327e-14
0.11416 	86.764 	-1.43955e-06 	1.70327e-14
0.114414 	86.9751 	-1.43955e-06 	1.70327e-14
0.114669 	87.1862 	-1.43955e-06 	1.70326e-14
0.114923 	87.3974 	-1.43955e-06 	1.70326e-14
0.115177 	87.6085 	-1.43955e-06 	1.70326e-14
0.115431 	87.8196 	-1.43955e-06 	1.70326e-14
0.115686 	88.0177 	-1.01934e-06 	1.72014e-14
0.11594 	88.2144 	-1.01934e-06 	1.72014e-14
0.116194 	88.4112 	-1.01934e-06 	1.72014e-14
0.116448 	88.6079 	-1.01934e-06 	1.72014e-14
0.116703 	88.8047 	-1.01934e-06 	1.72013e-14
0.116957 	89.0014 	-1.01934e-06 	1.72013e-14
0.117211 	89.1982 	-1.01934e-06 	1.72013e-14
0.117465 	89.3949 	-1.01934e-06 	1.72013e-14
0.11772 	89.5916 	-1.01934e-06 	1.72013e-14
0.117974 	89.7884 	-1.01934e-06 	1.72013e-14
0.118228 	89.9705 	-6.05019e-07 	1.73192e-14
0.118482 	90.1494 	-6.05019e-07 	1.73192e-14
0.118737 	90.3283 	-6.05019e-07 	1.73192e-14
0.118991 	90.5072 	-6.05019e-07 	1.73192e-14
0.119245 	90.6861 	-6.05019e-07 	1.73192e-14
0.119499 	90.865 	-6.05019e-07 	1.73192e-14
0.119754 	91.0439 	-6.05019e-07 	1.73192e-14
0.120008 	91.2228 	-6.05019e-07 	1.73192e-14
0.120262 	91.4017 	-6.05019e-07 	1.73192e-14
0.120517 	91.5806 	-6.05019e-07 	1.73191e-14
0.120771 	91.744 	-1.92359e-07 	1.73839e-14
0.121025 	91.9017 	-1.92359e-07 	1.73839e-14
0.121279 	92.0593 	-1.92359e-07 	1.73839e-14
0.121534 	92.217 	-1.92359e-07 	1.73839e-14
0.121788 	92.3746 	-1.92359e-07 	1.73839e-14
0.122042 	92.5323 	-1.92359e-07 	1.73839e-14
0.122296 	92.6899 	-1.92359e-07 	1.73839e-14
0.122551 	92.8476 	-1.92359e-07 	1.73838e-14
0.122805 	93.0052 	-1.92359e-07 	1.73838e-14
0.123059 	93.1629 	-1.92359e-07 	1.73838e-14
0.123313 	93.3051 	2.21426e-07 	1.73941e-14
0.123568 	93.4385 	2.21426e-07 	1.73941e-14
0.123822 	93.5719 	2.21426e-07 	1.73941e-14
0.124076 	93.7054 	2.21426e-07 	1.73941e-14
0.12433 	93.8388 	2.21426e-07 	1.73941e-14
0.124585 	93.9722 	2.21426e-07 	1.73941e-14
0.124839 	94.1056 	2.21426e-07 	1.73941e-14
0.125093 	94.2391 	2.21426e-07 	1.73941e-14
0.125347 	94.3725 	2.21426e-07 	1.73941e-14
0.125602 	94.5059 	2.21426e-07 	1.73941e-14
0.125856 	94.6249 	5.96714e-07 	1.73552e-14
0.12611 	94.7318 	5.96714e-07 	1.73552e-14
0.126364 	94.8387 	5.96714e-07 	1.73552e-14
0.126619 	94.9456 	5.96714e-07 	1.73552e-14
0.126873 	95.0525 	5.96714e-07 	1.73552e-14
0.127127 	95.1594 	5.96714e-07 	1.73552e-14
0.127381 	95.2663 	5.96714e-07 	1.73552e-14
0.127636 	95.3732 	5.96714e-07 	1.73552e-14
0.12789 	95.4801 	5.96714e-07 	1.73552e-14
0.128144 	95.587 	5.96714e-07 	1.73552e-14
0.128398 	95.6813 	9.25655e-07 	1.72812e-14
0.128653 	95.7604 	9.25655e-07 	1.72812e-14
0.128907 	95.8395 	9.25655e-07 	1.72812e-14
0.129161 	95.9186 	9.25655e-07 	1.72812e-14
0.129415 	95.9978 	9.25655e-07 	1.72812e-14
0.12967 	96.0769 	9.25655e-07 	1.72811e-14
0.129924 	96.156 	9.25655e-07 	1.72811e-14
0.130178 	96.2351 	9.25655e-07 	1.72811e-14
0.130432 	96.3143 	9.25655e-07 	1.72811e-14
0.130687 	96.3934 	9.25655e-07 	1.72811e-14
0.130941 	96.4624 	1.20507e-06 	1.7183e-14
0.131195 	96.5136 	1.20507e-06 	1.7183e-14
0.131449 	96.5649 	1.20507e-06 	1.7183e-14
0.131704 	96.6161 	1.20507e-06 	1.7183e-14
0.131958 	96.6674 	1.20507e-06 	1.7183e-14
0.132212 	96.7186 	1.20507e-06 	1.7183e-14
0.132466 	96.7699 	1.20507e-06 	1.7183e-14
0.132721 	96.8211 	1.20507e-06 	1.7183e-14
0.132975 	96.8724 	1.20507e-06 	1.7183e-14
0.133229 	96.9236 	1.20507e-06 	1.7183e-14
0.133483 	96.9675 	1.4261e-06 	1.70654e-14
0.133738 	96.9918 	1.4261e-06 	1.70654e-14
0.133992 	97.0161 	1.4261e-06 	1.70654e-14
0.134246 	97.0405 	1.4261e-06 	1.70654e-14
0.134501 	97.0648 	1.4261e-06 	1.70654e-14
0.134755 	97.0891 	1.4261e-06 	1.70654e-14
0.135009 	97.1134 	1.4261e-06 	1.70653e-14
0.135263 	97.1378 	1.4261e-06 	1.70653e-14
0.135518 	97.1621 	1.4261e-06 	1.70653e-14
0.135772 	97.1864 	1.4261e-06 	1.70653e-14
0.136026 	97.2061 	1.62475e-06 	1.6992e-14
0.13628 	97.2052 	1.62475e-06 	1.6992e-14
0.136535 	97.2043 	1.62475e-06 	1.6992e-14
0.136789 	97.2034 	1.62475e-06 	1.6992e-14
0.137043 	97.2024 	1.62475e-06 	1.6992e-14
0.137297 	97.2015 	1.62475e-06 	1.6992e-14
0.137552 	97.2006 	1.62475e-06 	1.6992e-14
0.137806 	97.1997 	1.62475e-06 	1.6992e-14
0.13806 	97.1987 	1.62475e-06 	1.6992e-14
0.138314 	97.1978 	1.62475e-06 	1.6992e-14
0.138569 	97.1948 	1.7812e-06 	1.67682e-14
0.138823 	97.1706 	1.7812e-06 	1.67682e-14
0.139077 	97.1465 	1.7812e-06 	1.67682e-14
0.139331 	97.1224 	1.7812e-06 	1.67682e-14
0.139586 	97.0982 	1.7812e-06 	1.67682e-14
0.13984 	97.0741 	1.7812e-06 	1.67682e-14
0.140094 	97.0499 	1.7812e-06 	1.67682e-14
0.140348 	97.0258 	1.7812e-06 	1.67682e-14
0.140603 	97.0017 	1.7812e-06 	1.67682e-14
0.140857 	96.9775 	1.7812e-06 	1.67682e-14
0.141111 	96.9534 	9.68092e-07 	4.93025e-17
0.141365 	96.9082 	1.9066e-06 	1.66018e-14
0.14162 	96.863 	1.9066e-06 	1.66018e-14
0.141874 	96.8178 	1.9066e-06 	1.66018e-14
0.142128 	96.7726 	1.9066e-06 	1.66018e-14
0.142382 	96.7273 	1.9066e-06 	1.66019e-14
0.142637 	96.6821 	1.9066e-06 	1.66019e-14
0.142891 	96.6369 	1.9066e-06 	1.66019e-14
0.143145 	96.5917 	1.9066e-06 	1.66019e-14
0.143399 	96.5465 	1.9066e-06 	1.66019e-14
0.143654 	96.5013 	1.9066e-06 	1.66019e-14
0.143908 	96.4389 	2.02389e-06 	1.63778e-14
0.144162 	96.3748 	2.02389e-06 	1.63778e-14
0.144416 	96.3107 	2.02389e-06 	1.63778e-14
0.144671 	96.2466 	2.02389e-06 	1.63778e-14
0.144925 	96.1825 	2.02389e-06 	1.63778e-14
0.145179 	96.1183 	2.02389e-06 	1.63778e-14
0.145433 	96.0542 	2.02389e-06 	1.63778e-14
0.145688 	95.9901 	2.02389e-06 	1.63778e-14
0.145942 	95.926 	2.02389e-06 	1.63778e-14
0.146196 	95.8619 	2.02389e-06 	1.63778e-14
0.14645 	95.7839 	2.12994e-06 	1.61343e-14
0.146705 	95.7029 	2.12994e-06 	1.61343e-14
0.146959 	95.6219 	2.12994e-06 	1.61344e-14
0.147213 	95.5409 	2.12994e-06 	1.61344e-14
0.147467 	95.4599 	2.12994e-06 	1.61344e-14
0.147722 	95.3789 	2.12994e-06 	1.61344e-14
0.147976 	95.298 	2.12994e-06 	1.61344e-14
0.14823 	95.217 	2.12994e-06 	1.61344e-14
0.148484 	95.136 	2.12994e-06 	1.61344e-14
0.148739 	95.055 	2.12994e-06 	1.61344e-14
0.148993 	94.9631 	2.23085e-06 	1.59218e-14
0.149247 	94.8671 	2.23085e-06 	1.59218e-14
0.149502 	94.7711 	2.23085e-06 	1.59218e-14
0.149756 	94.6751 	2.23085e-06 	1.59218e-14
0.15001 	94.5791 	2.23085e-06 	1.59218e-14
0.150264 	94.4832 	2.23085e-06 	1.59219e-14
0.150519 	94.3872 	2.23085e-06 	1.59219e-14
0.150773 	94.2912 	2.23085e-06 	1.59219e-14
0.151027 	94.1952 	2.23085e-06 	1.59219e-14
0.151281 	94.0992 	2.23085e-06 	1.59219e-14
0.151536 	93.9949 	2.3267e-06 	1.57031e-14
0.15179 	93.8857 	2.3267e-06 	1.57031e-14
0.152044 	93.7766 	2.3267e-06 	1.57031e-14
0.152298 	93.6674 	2.3267e-06 	1.57031e-14
0.152553 	93.5583 	2.3267e-06 	1.57032e-14
0.152807 	93.4491 	2.3267e-06 	1.57032e-14
0.153061 	93.34 	2.3267e-06 	1.57032e-14
0.153315 	93.2308 	2.3267e-06 	1.57032e-14
0.15357 	93.1217 	2.3267e-06 	1.57032e-14
0.153824 	93.0125 	2.3267e-06 	1.57032e-14
0.154078 	92.8972 	2.41418e-06 	1.54756e-14
0.154332 	92.7767 	2.41418e-06 	1.54756e-14
0.154587 	92.6562 	2.41418e-06 	1.54756e-14
0.154841 	92.5357 	2.41418e-06 	1.54756e-14
0.155095 	92.4152 	2.41418e-06 	1.54756e-14
0.155349 	92.2947 	2.41418e-06 	1.54756e-14
0.155604 	92.1742 	2.41418e-06 	1.54756e-14
0.155858 	92.0536 	2.41418e-06 	1.54756e-14
0.156112 	91.9331 	2.41418e-06 	1.54756e-14
0.156366 	91.8126 	2.41418e-06 	1.54756e-14
0.156621 	91.6878 	2.48995e-06 	1.5241e-14
0.156875 	91.5578 	2.48995e-06 	1.5241e-14
0.157129 	91.4278 	2.48995e-06 	1.5241e-14
0.157383 	91.2977 	2.48995e-06 	1.5241e-14
0.157638 	91.1677 	2.48995e-06 	1.5241e-14
0.157892 	91.0377 	2.48995e-06 	1.5241e-14
0.158146 	90.9077 	2.48995e-06 	1.5241e-14
0.1584 	90.7776 	2.48995e-06 	1.5241e-14
0.158655 	90.6476 	2.48995e-06 	1.5241e-14
0.158909 	90.5176 	2.48995e-06 	1.52411e-14
0.159163 	90.3848 	2.55183e-06 	1.50513e-14
0.159417 	90.2471 	2.55183e-06 	1.50513e-14
0.159672 	90.1095 	2.55183e-06 	1.50513e-14
0.159926 	89.9718 	2.55183e-06 	1.50513e-14
0.16018 	89.8342 	2.55183e-06 	1.50513e-14
0.160434 	89.6965 	2.55183e-06 	1.50513e-14
0.160689 	89.5589 	2.55183e-06 	1.50513e-14
0.160943 	89.4212 	2.55183e-06 	1.50513e-14
0.161197 	89.2836 	2.55183e-06 	1.50514e-14
0.161451 	89.1459 	2.55183e-06 	1.50514e-14
0.161706 	89.0067 	2.59912e-06 	1.4849e-14
0.16196 	88.8633 	2.59912e-06 	1.4849e-14
0.162214 	88.7199 	2.59912e-06 	1.4849e-14
0.162468 	88.5765 	2.59912e-06 	1.4849e-14
0.162723 	88.4331 	2.59912e-06 	1.48491e-14
0.162977 	88.2897 	2.59912e-06 	1.48491e-14
0.163231 	88.1463 	2.59912e-06 	1.48491e-14
0.163485 	88.0029 	2.59912e-06 	1.48491e-14
0.16374 	87.8595 	2.59912e-06 	1.48491e-14
0.163994 	87.716 	2.59912e-06 	1.48491e-14
0.164248 	87.5719 	2.63222e-06 	1.46017e-14
0.164503 	87.4246 	2.63222e-06 	1.46017e-14
0.164757 	87.2772 	2.63222e-06 	1.46017e-14
0.165011 	87.1299 	2.63222e-06 	1.46017e-14
0.165265 	86.9825 	2.63222e-06 	1.46017e-14
0.16552 	86.8352 	2.63222e-06 	1.46018e-14
0.165774 	86.6878 	2.63222e-06 	1.46018e-14
0.166028 	86.5405 	2.63222e-06 	1.46018e-14
0.166282 	86.3932 	2.63222e-06 	1.46018e-14
0.166537 	86.2458 	2.63222e-06 	1.46018e-14
0.166791 	86.0983 	2.65199e-06 	1.43512e-14
0.167045 	85.9487 	2.65199e-06 	1.43512e-14
0.167299 	85.799 	2.65199e-06 	1.43512e-14
0.167554 	85.6494 	2.65199e-06 	1.43512e-14
0.167808 	85.4998 	2.65199e-06 	1.43513e-14
0.168062 	85.3502 	2.65199e-06 	1.43513e-14
0.168316 	85.2006 	2.65199e-06 	1.43513e-14
0.168571 	85.051 	2.65199e-06 	1.43513e-14
0.168825 	84.9014 	2.65199e-06 	1.43513e-14
0.169079 	84.7518 	2.65199e-06 	1.43513e-14
0.169333 	84.6022 	2.01297e-06 	2.94248e-17
0.169588 	84.4518 	2.6592e-06 	1.41473e-14
0.169842 	84.3015 	2.6592e-06 	1.41473e-14
0.170096 	84.1511 	2.6592e-06 	1.41473e-14
0.17035 	84.0008 	2.6592e-06 	1.41474e-14
0.170605 	83.8504 	2.6592e-06 	1.41474e-14
0.170859 	83.7001 	2.6592e-06 	1.41474e-14
0.171113 	83.5497 	2.6592e-06 	1.41474e-14
0.171367 	83.3993 	2.6592e-06 	1.41474e-14
0.171622 	83.249 	2.6592e-06 	1.41474e-14
0.171876 	83.0986 	2.6592e-06 	1.41474e-14
0.17213 	82.9488 	2.65486e-06 	1.3887e-14
0.172384 	82.799 	2.65486e-06 	1.3887e-14
0.172639 	82.6492 	2.65486e-06 	1.3887e-14
0.172893 	82.4994 	2.65486e-06 	1.3887e-14
0.173147 	82.3496 	2.65486e-06 	1.3887e-14
0.173401 	82.1998 	2.65486e-06 	1.3887e-14
0.173656 	82.05 	2.65486e-06 	1.3887e-14
0.17391 	81.9002 	2.65486e-06 	1.3887e-14
0.174164 	81.7504 	2.65486e-06 	1.3887e-14
0.174418 	81.6006 	2.65486e-06 	1.3887e-14
0.174673 	81.4522 	2.63956e-06 	1.36904e-14
0.174927 	81.304 	2.63956e-06 	1.36904e-14
0.175181 	81.1559 	2.63956e-06 	1.36904e-14
0.175435 	81.0078 	2.63956e-06 	1.36904e-14
0.17569 	80.8596 	2.63956e-06 	1.36904e-14
0.175944 	80.7115 	2.63956e-06 	1.36904e-14
0.176198 	80.5634 	2.63956e-06 	1.36905e-14
0.176452 	80.4152 	2.63956e-06 	1.36905e-14
0.176707 	80.2671 	2.63956e-06 	1.36905e-14
0.176961 	80.119 	2.63956e-06 	1.36905e-14
0.177215 	79.9727 	2.61463e-06 	1.34804e-14
0.177469 	79.8272 	2.61463e-06 	1.34804e-14
0.177724 	79.6816 	2.61463e-06 	1.34805e-14
0.177978 	79.5361 	2.61463e-06 	1.34805e-14
0.178232 	79.3905 	2.61463e-06 	1.34805e-14
0.178486 	79.2449 	2.61463e-06 	1.34805e-14
0.178741 	79.0994 	2.61463e-06 	1.34805e-14
0.178995 	78.9538 	2.61463e-06 	1.34805e-14
0.179249 	78.8083 	2.61463e-06 	1.34805e-14
0.179504 	78.6627 	2.61463e-06 	1.34805e-14
0.179758 	78.5193 	2.58038e-06 	1.32392e-14
0.180012 	78.377 	2.58038e-06 	1.32392e-14
0.180266 	78.2348 	2.58038e-06 	1.32392e-14
0.180521 	78.0925 	2.58038e-06 	1.32392e-14
0.180775 	77.9503 	2.58038e-06 	1.32392e-14
0.181029 	77.808 	2.58038e-06 	1.32392e-14
0.181283 	77.6658 	2.58038e-06 	1.32392e-14
0.181538 	77.5235 	2.58038e-06 	1.32392e-14
0.181792 	77.3813 	2.58038e-06 	1.32392e-14
0.182046 	77.2391 	2.58038e-06 	1.32392e-14
0.1823 	77.0989 	2.53693e-06 	1.29935e-14
0.182555 	76.9606 	2.53693e-06 	1.29935e-14
0.182809 	76.8222 	2.53693e-06 	1.29935e-14
0.183063 	76.6838 	2.53693e-06 	1.29935e-14
0.183317 	76.5455 	2.53693e-06 	1.29935e-14
0.183572 	76.4071 	2.53693e-06 	1.29935e-14
0.183826 	76.2688 	2.53693e-06 	1.29935e-14
0.18408 	76.1304 	2.53693e-06 	1.29935e-14
0.184334 	75.992 	2.53693e-06 	1.29936e-14
0.184589 	75.8537 	2.53693e-06 	1.29936e-14
0.184843 	75.7173 	2.48521e-06 	1.27524e-14
0.185097 	75.5832 	2.48521e-06 	1.27524e-14
0.185351 	75.4492 	2.48521e-06 	1.27524e-14
0.185606 	75.3152 	2.48521e-06 	1.27524e-14
0.18586 	75.1812 	2.48521e-06 	1.27524e-14
0.186114 	75.0471 	2.48521e-06 	1.27524e-14
0.186368 	74.9131 	2.48521e-06 	1.27524e-14
0.186623 	74.7791 	2.48521e-06 	1.27524e-14
0.186877 	74.645 	2.48521e-06 	1.27524e-14
0.187131 	74.511 	2.48521e-06 	1.27525e-14
0.187385 	74.3787 	2.42351e-06 	1.24681e-14
0.18764 	74.2493 	2.42351e-06 	1.24681e-14
0.187894 	74.12 	2.42351e-06 	1.24681e-14
0.188148 	73.9906 	2.42351e-06 	1.24681e-14
0.188402 	73.8612 	2.42351e-06 	1.24681e-14
0.188657 	73.7319 	2.42351e-06 	1.24681e-14
0.188911 	73.6025 	2.42351e-06 	1.24681e-14
0.189165 	73.4732 	2.42351e-06 	1.24681e-14
0.189419 	73.3438 	2.42351e-06 	1.24681e-14
0.189674 	73.2145 	2.42351e-06 	1.24681e-14
0.189928 	73.0864 	2.35237e-06 	1.22354e-14
0.190182 	72.962 	2.35237e-06 	1.22354e-14
0.190436 	72.8376 	2.35237e-06 	1.22354e-14
0.190691 	72.7131 	2.35237e-06 	1.22354e-14
0.190945 	72.5887 	2.35237e-06 	1.22354e-14
0.191199 	72.4643 	2.35237e-06 	1.22354e-14
0.191453 	72.3398 	2.35237e-06 	1.22354e-14
0.191708 	72.2154 	2.35237e-06 	1.22354e-14
0.191962 	72.091 	2.35237e-06 	1.22354e-14
0.192216 	71.9665 	2.35237e-06 	1.22355e-14
0.19247 	71.843 	2.27016e-06 	1.19718e-14
0.192725 	71.7237 	2.27016e-06 	1.19718e-14
0.192979 	71.6043 	2.27016e-06 	1.19718e-14
0.193233 	71.485 	2.27016e-06 	1.19719e-14
0.193487 	71.3657 	2.27016e-06 	1.19719e-14
0.193742 	71.2463 	2.27016e-06 	1.19719e-14
0.193996 	71.127 	2.27016e-06 	1.19719e-14
0.19425 	71.0076 	2.27016e-06 	1.19719e-14
0.194505 	70.8883 	2.27016e-06 	1.19719e-14
0.194759 	70.769 	2.27016e-06 	1.19719e-14
0.195013 	70.6501 	2.17612e-06 	1.18032e-14
0.195267 	70.536 	2.17612e-06 	1.18033e-14
0.195522 	70.4218 	2.17612e-06 	1.18033e-14
0.195776 	70.3077 	2.17612e-06 	1.18033e-14
0.19603 	70.1936 	2.17612e-06 	1.18033e-14
0.196284 	70.0794 	2.17612e-06 	1.18033e-14
0.196539 	69.9653 	2.17612e-06 	1.18033e-14
0.196793 	69.8512 	2.17612e-06 	1.18033e-14
0.197047 	69.737 	2.17612e-06 	1.18033e-14
0.197301 	69.6229 	2.17612e-06 	1.18033e-14
0.197556 	69.5088 	1.65793e-06 	1.72371e-17
0.19781 	69.3999 	2.07824e-06 	1.1598e-14
0.198064 	69.2911 	2.07824e-06 	1.1598e-14
0.198318 	69.1822 	2.07824e-06 	1.1598e-14
0.198573 	69.0734 	2.07824e-06 	1.1598e-14
0.198827 	68.9645 	2.07824e-06 	1.1598e-14
0.199081 	68.8557 	2.07824e-06 	1.1598e-14
0.199335 	68.7468 	2.07824e-06 	1.1598e-14
0.19959 	68.638 	2.07824e-06 	1.1598e-14
0.199844 	68.5291 	2.07824e-06 	1.1598e-14
0.200098 	68.4203 	2.07824e-06 	1.15981e-14
0.200352 	68.3163 	1.98253e-06 	1.14052e-14
0.200607 	68.2127 	1.98253e-06 	1.14052e-14
0.200861 	68.1092 	1.98253e-06 	1.14052e-14
0.201115 	68.0057 	1.98253e-06 	1.14052e-14
0.201369 	67.9022 	1.98253e-06 	1.14053e-14
0.201624 	67.7986 	1.98253e-06 	1.14053e-14
0.201878 	67.6951 	1.98253e-06 	1.14053e-14
0.202132 	67.5916 	1.98253e-06 	1.14053e-14
0.202386 	67.4881 	1.98253e-06 	1.14053e-14
0.202641 	67.3846 	1.98253e-06 	1.14053e-14
0.202895 	67.2854 	1.8881e-06 	1.12193e-14
0.203149 	67.1872 	1.8881e-06 	1.12193e-14
0.203403 	67.0891 	1.8881e-06 	1.12193e-14
0.203658 	66.9909 	1.8881e-06 	1.12193e-14
0.203912 	66.8927 	1.8881e-06 	1.12193e-14
0.204166 	66.7945 	1.8881e-06 	1.12193e-14
0.20442 	66.6964 	1.8881e-06 	1.12193e-14
0.204675 	66.5982 	1.8881e-06 	1.12193e-14
0.204929 	66.5 	1.8881e-06 	1.12194e-14
0.205183 	66.4018 	1.8881e-06 	1.12194e-14
0.205437 	66.3075 	1.78818e-06 	1.10423e-14
0.205692 	66.2147 	1.78818e-06 	1.10423e-14
0.205946 	66.1219 	1.78818e-06 	1.10424e-14
0.2062 	66.029 	1.78818e-06 	1.10424e-14
0.206454 	65.9362 	1.78818e-06 	1.10424e-14
0.206709 	65.8433 	1.78818e-06 	1.10424e-14
0.206963 	65.7505 	1.78818e-06 	1.10424e-14
0.207217 	65.6576 	1.78818e-06 	1.10424e-14
0.207471 	65.5648 	1.78818e-06 	1.10424e-14
0.207726 	65.472 	1.78818e-06 	1.10424e-14
0.20798 	65.3825 	1.68006e-06 	1.08201e-14
0.208234 	65.2949 	1.68006e-06 	1.08201e-14
0.208488 	65.2074 	1.68006e-06 	1.08201e-14
0.208743 	65.1198 	1.68006e-06 	1.08201e-14
0.208997 	65.0323 	1.68006e-06 	1.08201e-14
0.209251 	64.9447 	1.68006e-06 	1.08201e-14
0.209506 	64.8572 	1.68006e-06 	1.08201e-14
0.20976 	64.7697 	1.68006e-06 	1.08201e-14
0.210014 	64.6821 	1.68006e-06 	1.08201e-14
0.210268 	64.5946 	1.68006e-06 	1.08202e-14
0.210523 	64.5099 	1.56755e-06 	1.07081e-14
0.210777 	64.4276 	1.56755e-06 	1.07081e-14
0.211031 	64.3453 	1.56755e-06 	1.07082e-14
0.211285 	64.263 	1.56755e-06 	1.07082e-14
0.21154 	64.1807 	1.56755e-06 	1.07082e-14
0.211794 	64.0984 	1.56755e-06 	1.07082e-14
0.212048 	64.0161 	1.56755e-06 	1.07082e-14
0.212302 	63.9338 	1.56755e-06 	1.07082e-14
0.212557 	63.8515 	1.56755e-06 	1.07082e-14
0.212811 	63.7692 	1.56755e-06 	1.07082e-14
0.213065 	63.6893 	1.45297e-06 	1.05685e-14
0.213319 	63.6122 	1.45297e-06 	1.05685e-14
0.213574 	63.5351 	1.45297e-06 	1.05686e-14
0.213828 	63.458 	1.45297e-06 	1.05686e-14
0.214082 	63.3809 	1.45297e-06 	1.05686e-14
0.214336 	63.3038 	1.45297e-06 	1.05686e-14
0.214591 	63.2268 	1.45297e-06 	1.05686e-14
0.214845 	63.1497 	1.45297e-06 	1.05686e-14
0.215099 	63.0726 	1.45297e-06 	1.05686e-14
0.215353 	62.9955 	1.45297e-06 	1.05686e-14
0.215608 	62.9203 	1.33781e-06 	1.04899e-14
0.215862 	62.8483 	1.33781e-06 	1.04899e-14
0.216116 	62.7764 	1.33781e-06 	1.04899e-14
0.21637 	62.7044 	1.33781e-06 	1.04899e-14
0.216625 	62.6325 	1.33781e-06 	1.04899e-14
0.216879 	62.5605 	1.33781e-06 	1.04899e-14
0.217133 	62.4886 	1.33781e-06 	1.04899e-14
0.217387 	62.4166 	1.33781e-06 	1.04899e-14
0.217642 	62.3447 	1.33781e-06 	1.04899e-14
0.217896 	62.2727 	1.33781e-06 	1.04899e-14
0.21815 	62.2022 	1.22284e-06 	1.03036e-14
0.218404 	62.1353 	1.22284e-06 	1.03036e-14
0.218659 	62.0684 	1.22284e-06 	1.03036e-14
0.218913 	62.0016 	1.22284e-06 	1.03036e-14
0.219167 	61.9347 	1.22284e-06 	1.03036e-14
0.219421 	61.8678 	1.22284e-06 	1.03036e-14
0.219676 	61.8009 	1.22284e-06 	1.03036e-14
0.21993 	61.7341 	1.22284e-06 	1.03036e-14
0.220184 	61.6672 	1.22284e-06 	1.03036e-14
0.220438 	61.6003 	1.22284e-06 	1.03036e-14
0.220693 	61.5344 	1.10873e-06 	1.02496e-14
0.220947 	61.4725 	1.10873e-06 	1.02496e-14
0.221201 	61.4107 	1.10873e-06 	1.02496e-14
0.221455 	61.3488 	1.10873e-06 	1.02496e-14
0.22171 	61.287 	1.10873e-06 	1.02496e-14
0.221964 	61.2251 	1.10873e-06 	1.02496e-14
0.222218 	61.1633 	1.10873e-06 	1.02496e-14
0.222472 	61.1014 	1.10873e-06 	1.02496e-14
0.222727 	61.0395 	1.10873e-06 	1.02496e-14
0.222981 	60.9777 	1.10873e-06 	1.02496e-14
0.223235 	60.9163 	9.9558e-07 	1.00833e-14
0.223489 	60.8594 	9.9558e-07 	1.00833e-14
0.223744 	60.8025 	9.9558e-07 	1.00833e-14
0.223998 	60.7456 	9.9558e-07 	1.00833e-14
0.224252 	60.6887 	9.9558e-07 	1.00833e-14
0.224507 	60.6318 	9.9558e-07 	1.00833e-14
0.224761 	60.5748 	9.9558e-07 	1.00833e-14
0.225015 	60.5179 	9.9558e-07 	1.00833e-14
0.225269 	60.461 	9.9558e-07 	1.00833e-14
0.225524 	60.4041 	9.9558e-07 	1.00833e-14
0.225778 	60.3472 	8.95166e-07 	7.17117e-18
0.226032 	60.2952 	8.83133e-07 	1.00418e-14
0.226286 	60.2432 	8.83133e-07 	1.00418e-14
0.226541 	60.1911 	8.83133e-07 	1.00418e-14
0.226795 	60.1391 	8.83133e-07 	1.00418e-14
0.227049 	60.0871 	8.83133e-07 	1.00418e-14
0.227303 	60.035 	8.83133e-07 	1.00418e-14
0.227558 	59.983 	8.83133e-07 	1.00418e-14
0.227812 	59.931 	8.83133e-07 	1.00418e-14
0.228066 	59.879 	8.83133e-07 	1.00418e-14
0.22832 	59.8269 	8.83133e-07 	1.00418e-14
0.228575 	59.7793 	7.71141e-07 	1.00082e-14
0.228829 	59.732 	7.71141e-07 	1.00082e-14
0.229083 	59.6848 	7.71141e-07 	1.00082e-14
0.229337 	59.6376 	7.71141e-07 	1.00082e-14
0.229592 	59.5903 	7.71141e-07 	1.00082e-14
0.229846 	59.5431 	7.71141e-07 	1.00082e-14
0.2301 	59.4959 	7.71141e-07 	1.00082e-14
0.230354 	59.4486 	7.71141e-07 	1.00082e-14
0.230609 	59.4014 	7.71141e-07 	1.00082e-14
0.230863 	59.3542 	7.71141e-07 	1.00082e-14
0.231117 	59.3108 	6.60664e-07 	9.92399e-15
0.231371 	59.2683 	6.60664e-07 	9.92399e-15
0.231626 	59.2257 	6.60664e-07 	9.924e-15
0.23188 	59.1832 	6.60664e-07 	9.924e-15
0.232134 	59.1407 	6.60664e-07 	9.924e-15
0.232388 	59.0982 	6.60664e-07 	9.92401e-15
0.232643 	59.0556 	6.60664e-07 	9.92401e-15
0.232897 	59.0131 	6.60664e-07 	9.92401e-15
0.233151 	58.9706 	6.60664e-07 	9.92401e-15
0.233405 	58.9281 	6.60664e-07 	9.92402e-15
0.23366 	58.8889 	5.54659e-07 	9.85259e-15
0.233914 	58.851 	5.54659e-07 	9.8526e-15
0.234168 	58.8131 	5.54659e-07 	9.8526e-15
0.234422 	58.7751 	5.54659e-07 	9.8526e-15
0.234677 	58.7372 	5.54659e-07 	9.8526e-15
0.234931 	58.6993 	5.54659e-07 	9.85261e-15
0.235185 	58.6614 	5.54659e-07 	9.85261e-15
0.235439 	58.6235 	5.54659e-07 	9.85261e-15
0.235694 	58.5855 	5.54659e-07 	9.85261e-15
0.235948 	58.5476 	5.54659e-07 	9.85262e-15
0.236202 	58.5126 	4.54744e-07 	9.79268e-15
0.236456 	58.4791 	4.54744e-07 	9.79268e-15
0.236711 	58.4457 	4.54744e-07 	9.79268e-15
0.236965 	58.4123 	4.54744e-07 	9.79268e-15
0.237219 	58.3788 	4.54744e-07 	9.79269e-15
0.237473 	58.3454 	4.54744e-07 	9.79269e-15
0.237728 	58.312 	4.54744e-07 	9.79269e-15
0.237982 	58.2785 	4.54744e-07 	9.79269e-15
0.238236 	58.2451 	4.54744e-07 	9.7927e-15
0.23849 	58.2117 	4.54744e-07 	9.7927e-15
0.238745 	58.1806 	3.66274e-07 	9.74219e-15
0.238999 	58.1515 	3.66274e-07 	9.74219e-15
0.239253 	58.1224 	3.66274e-07 	9.74219e-15
0.239508 	58.0933 	3.66274e-07 	9.74219e-15
0.239762 	58.0642 	3.66274e-07 	9.7422e-15
0.240016 	58.0351 	3.66274e-07 	9.7422e-15
0.24027 	58.006 	3.66274e-07 	9.7422e-15
0.240525 	57.9769 	3.66274e-07 	9.7422e-15
0.240779 	57.9478 	3.66274e-07 	9.7422e-15
0.241033 	57.9187 	3.66274e-07 	9.74221e-15
0.241287 	57.8915 	2.8927e-07 	9.64986e-15
0.241542 	57.8665 	2.8927e-07 	9.64986e-15
0.241796 	57.8415 	2.8927e-07 	9.64986e-15
0.24205 	57.8165 	2.8927e-07 	9.64987e-15
0.242304 	57.7916 	2.8927e-07 	9.64987e-15
0.242559 	57.7666 	2.8927e-07 	9.64987e-15
0.242813 	57.7416 	2.8927e-07 	9.64987e-15
0.243067 	57.7166 	2.8927e-07 	9.64987e-15
0.243321 	57.6917 	2.8927e-07 	9.64987e-15
0.243576 	57.6667 	2.8927e-07 	9.64988e-15
0.24383 	57.6431 	2.20982e-07 	9.61356e-15
0.244084 	57.622 	2.20982e-07 	9.61356e-15
0.244338 	57.6008 	2.20982e-07 	9.61356e-15
0.244593 	57.5797 	2.20982e-07 	9.61357e-15
0.244847 	57.5585 	2.20982e-07 	9.61357e-15
0.245101 	57.5374 	2.20982e-07 	9.61357e-15
0.245355 	57.5163 	2.20982e-07 	9.61357e-15
0.24561 	57.4951 	2.20982e-07 	9.61357e-15
0.245864 	57.474 	2.20982e-07 	9.61357e-15
0.246118 	57.4528 	2.20982e-07 	9.61357e-15
0.246372 	57.4326 	1.62197e-07 	9.63253e-15
0.246627 	57.415 	1.62197e-07 	9.63253e-15
0.246881 	57.3973 	1.62197e-07 	9.63254e-15
0.247135 	57.3796 	1.62197e-07 	9.63254e-15
0.247389 	57.362 	1.62197e-07 	9.63254e-15
0.247644 	57.3443 	1.62197e-07 	9.63254e-15
0.247898 	57.3267 	1.62197e-07 	9.63254e-15
0.248152 	57.309 	1.62197e-07 	9.63254e-15
0.248406 	57.2913 	1.62197e-07 	9.63254e-15
0.248661 	57.2737 	1.62197e-07 	9.63254e-15
0.248915 	57.2553 	1.15085e-07 	9.61006e-15
0.249169 	57.2341 	1.15085e-07 	9.61006e-15
0.249423 	57.2128 	1.15085e-07 	9.61006e-15
0.249678 	57.1915 	1.15085e-07 	9.61006e-15
0.249932 	57.1703 	1.15085e-07 	9.61006e-15
0.250186 	57.149 	1.15085e-07 	9.61007e-15
0.25044 	57.1277 	1.15085e-07 	9.61007e-15
0.250695 	57.1064 	1.15085e-07 	9.61007e-15
0.250949 	57.0852 	1.15085e-07 	9.61007e-15
0.251203 	57.0639 	1.15085e-07 	9.61007e-15
0.251457 	57.0434 	8.24405e-08 	9.59311e-15
0.251712 	57.0301 	8.24405e-08 	9.59311e-15
0.251966 	57.0168 	8.24405e-08 	9.59311e-15
0.25222 	57.0036 	8.24405e-08 	9.59311e-15
0.252474 	56.9903 	8.24405e-08 	9.59311e-15
0.252729 	56.9771 	8.24405e-08 	9.59312e-15
0.252983 	56.9638 	8.24405e-08 	9.59312e-15
0.253237 	56.9505 	8.24405e-08 	9.59312e-15
0.253491 	56.9373 	8.24405e-08 	9.59312e-15
0.253746 	56.924 	8.24405e-08 	9.59312e-15
0.254 	56.9107 	1.92565e-07 	5.39732e-18
