0 	31.9367 	-2.73808e-07 	3.05406e-18
0.000254254 	31.9425 	-2.74172e-07 	5.788e-15
0.000508509 	31.9483 	-2.74172e-07 	5.78799e-15
0.000762763 	31.9541 	-2.74172e-07 	5.78799e-15
0.00101702 	31.9599 	-2.74172e-07 	5.78799e-15
0.00127127 	31.9656 	-2.74172e-07 	5.78799e-15
0.00152553 	31.9714 	-2.74172e-07 	5.78799e-15
0.00177978 	31.9772 	-2.74172e-07 	5.78799e-15
0.00203403 	31.983 	-2.74172e-07 	5.78799e-15
0.00228829 	31.9888 	-2.74172e-07 	5.78799e-15
0.00254254 	31.9945 	-2.74172e-07 	5.78799e-15
0.0027968 	32.008 	-2.79614e-07 	5.79314e-15
0.00305105 	32.0222 	-2.79614e-07 	5.79314e-15
0.00330531 	32.0364 	-2.79614e-07 	5.79314e-15
0.00355956 	32.0506 	-2.79614e-07 	5.79314e-15
0.00381381 	32.0648 	-2.79614e-07 	5.79313e-15
0.00406807 	32.0791 	-2.79614e-07 	5.79313e-15
0.00432232 	32.0933 	-2.79614e-07 	5.79313e-15
0.00457658 	32.1075 	-2.79614e-07 	5.79313e-15
0.00483083 	32.1217 	-2.79614e-07 	5.79313e-15
0.00508509 	32.1359 	-2.79614e-07 	5.79313e-15
0.00533934 	32.1527 	-3.0299e-07 	5.84933e-15
0.00559359 	32.17 	-3.0299e-07 	5.84933e-15
0.00584785 	32.1873 	-3.0299e-07 	5.84933e-15
0.0061021 	32.2046 	-3.0299e-07 	5.84933e-15
0.00635636 	32.2219 	-3.0299e-07 	5.84933e-15
0.00661061 	32.2392 	-3.0299e-07 	5.84933e-15
0.00686486 	32.2565 	-3.0299e-07 	5.84933e-15
0.00711912 	32.2738 	-3.0299e-07 	5.84933e-15
0.00737337 	32.2911 	-3.0299e-07 	5.84932e-15
0.00762763 	32.3084 	-3.0299e-07 	5.84932e-15
0.00788188 	32.3264 	-3.43389e-07 	5.86355e-15
0.00813614 	32.3448 	-3.43389e-07 	5.86355e-15
0.00839039 	32.3631 	-3.43389e-07 	5.86355e-15
0.00864464 	32.3814 	-3.43389e-07 	5.86355e-15
0.0088989 	32.3998 	-3.43389e-07 	5.86355e-15
0.00915315 	32.4181 	-3.43389e-07 	5.86355e-15
0.00940741 	32.4364 	-3.43389e-07 	5.86355e-15
0.00966166 	32.4548 	-3.43389e-07 	5.86354e-15
0.00991592 	32.4731 	-3.43389e-07 	5.86354e-15
0.0101702 	32.4914 	-3.43389e-07 	5.86354e-15
0.0104244 	32.5109 	-3.96946e-07 	5.93613e-15
0.0106787 	32.5311 	-3.96946e-07 	5.93613e-15
0.0109329 	32.5513 	-3.96946e-07 	5.93613e-15
0.0111872 	32.5714 	-3.96946e-07 	5.93613e-15
0.0114414 	32.5916 	-3.96946e-07 	5.93613e-15
0.0116957 	32.6118 	-3.96946e-07 	5.93613e-15
0.0119499 	32.6319 	-3.96946e-07 	5.93612e-15
0.0122042 	32.6521 	-3.96946e-07 	5.93612e-15
0.0124585 	32.6723 	-3.96946e-07 	5.93612e-15
0.0127127 	32.6925 	-3.96946e-07 	5.93612e-15
0.012967 	32.7142 	-4.60192e-07 	6.00526e-15
0.0132212 	32.7373 	-4.60192e-07 	6.00525e-15
0.0134755 	32.7604 	-4.60192e-07 	6.00525e-15
0.0137297 	32.7835 	-4.60192e-07 	6.00525e-15
0.013984 	32.8066 	-4.60192e-07 	6.00525e-15
0.0142382 	32.8297 	-4.60192e-07 	6.00525e-15
0.0144925 	32.8528 	-4.60192e-07 	6.00525e-15
0.0147467 	32.8759 	-4.60192e-07 	6.00525e-15
0.015001 	32.899 	-4.60192e-07 	6.00524e-15
0.0152553 	32.9221 	-4.60192e-07 	6.00524e-15
0.0155095 	32.9468 	-5.30497e-07 	6.04442e-15
0.0157638 	32.9735 	-5.30497e-07 	6.04442e-15
0.016018 	33.0003 	-5.30497e-07 	6.04442e-15
0.0162723 	33.027 	-5.30497e-07 	6.04442e-15
0.0165265 	33.0537 	-5.30497e-07 	6.04442e-15
0.0167808 	33.0804 	-5.30497e-07 	6.04441e-15
0.017035 	33.1071 	-5.30497e-07 	6.04441e-15
0.0172893 	33.1338 	-5.30497e-07 	6.04441e-15
0.0175435 	33.1605 	-5.30497e-07 	6.04441e-15
0.0177978 	33.1872 	-5.30497e-07 	6.04441e-15
0.0180521 	33.2154 	-6.06024e-07 	6.09389e-15
0.0183063 	33.2461 	-6.06024e-07 	6.09389e-15
0.0185606 	33.2768 	-6.06024e-07 	6.09389e-15
0.0188148 	33.3075 	-6.06024e-07 	6.09388e-15
0.0190691 	33.3382 	-6.06024e-07 	6.09388e-15
0.0193233 	33.3689 	-6.06024e-07 	6.09388e-15
0.0195776 	33.3996 	-6.06024e-07 	6.09388e-15
0.0198318 	33.4303 	-6.06024e-07 	6.09388e-15
0.0200861 	33.4611 	-6.06024e-07 	6.09387e-15
0.0203403 	33.4918 	-6.06024e-07 	6.09387e-15
0.0205946 	33.5236 	-6.85617e-07 	6.15338e-15
0.0208488 	33.5586 	-6.85617e-07 	6.15337e-15
0.0211031 	33.5935 	-6.85617e-07 	6.15337e-15
0.0213574 	33.6284 	-6.85617e-07 	6.15337e-15
0.0216116 	33.6633 	-6.85617e-07 	6.15337e-15
0.0218659 	33.6983 	-6.85617e-07 	6.15336e-15
0.0221201 	33.7332 	-6.85617e-07 	6.15336e-15
0.0223744 	33.7681 	-6.85617e-07 	6.15336e-15
0.0226286 	33.8031 	-6.85617e-07 	6.15336e-15
0.0228829 	33.838 	-6.85617e-07 	6.15335e-15
0.0231371 	33.8737 	-7.68607e-07 	6.22246e-15
0.0233914 	33.9131 	-7.68607e-07 	6.22246e-15
0.0236456 	33.9524 	-7.68607e-07 	6.22246e-15
0.0238999 	33.9918 	-7.68607e-07 	6.22246e-15
0.0241542 	34.0311 	-7.68607e-07 	6.22245e-15
0.0244084 	34.0705 	-7.68607e-07 	6.22245e-15
0.0246627 	34.1098 	-7.68607e-07 	6.22245e-15
0.0249169 	34.1492 	-7.68607e-07 	6.22245e-15
0.0251712 	34.1885 	-7.68607e-07 	6.22244e-15
0.0254254 	34.2279 	-7.68607e-07 	6.22244e-15
0.0256797 	34.2677 	-8.54448e-07 	6.3008e-15
0.0259339 	34.3116 	-8.54448e-07 	6.3008e-15
0.0261882 	34.3556 	-8.54448e-07 	6.3008e-15
0.0264424 	34.3995 	-8.54448e-07 	6.30079e-15
0.0266967 	34.4434 	-8.54448e-07 	6.30079e-15
0.026951 	34.4874 	-8.54448e-07 	6.30079e-15
0.0272052 	34.5313 	-8.54448e-07 	6.30079e-15
0.0274595 	34.5753 	-8.54448e-07 	6.30078e-15
0.0277137 	34.6192 	-8.54448e-07 	6.30078e-15
0.027968 	34.6632 	-8.54448e-07 	6.30078e-15
0.0282222 	34.7071 	-9.9273e-07 	1.67536e-18
0.0284765 	34.7558 	-9.41797e-07 	6.38844e-15
0.0287307 	34.8046 	-9.41797e-07 	6.38844e-15
0.028985 	34.8533 	-9.41797e-07 	6.38844e-15
0.0292392 	34.902 	-9.41797e-07 	6.38843e-15
0.0294935 	34.9507 	-9.41797e-07 	6.38843e-15
0.0297477 	34.9994 	-9.41797e-07 	6.38843e-15
0.030002 	35.0482 	-9.41797e-07 	6.38843e-15
0.0302563 	35.0969 	-9.41797e-07 	6.38842e-15
0.0305105 	35.1456 	-9.41797e-07 	6.38842e-15
0.0307648 	35.1943 	-9.41797e-07 	6.38842e-15
0.031019 	35.2475 	-1.0286e-06 	6.51855e-15
0.0312733 	35.3012 	-1.0286e-06 	6.51855e-15
0.0315275 	35.3549 	-1.0286e-06 	6.51854e-15
0.0317818 	35.4086 	-1.0286e-06 	6.51854e-15
0.032036 	35.4623 	-1.0286e-06 	6.51854e-15
0.0322903 	35.5159 	-1.0286e-06 	6.51853e-15
0.0325445 	35.5696 	-1.0286e-06 	6.51853e-15
0.0327988 	35.6233 	-1.0286e-06 	6.51853e-15
0.0330531 	35.677 	-1.0286e-06 	6.51852e-15
0.0333073 	35.7307 	-1.0286e-06 	6.51852e-15
0.0335616 	35.7885 	-1.11689e-06 	6.59177e-15
0.0338158 	35.8474 	-1.11689e-06 	6.59177e-15
0.0340701 	35.9062 	-1.11689e-06 	6.59176e-15
0.0343243 	35.965 	-1.11689e-06 	6.59176e-15
0.0345786 	36.0238 	-1.11689e-06 	6.59176e-15
0.0348328 	36.0827 	-1.11689e-06 	6.59175e-15
0.0350871 	36.1415 	-1.11689e-06 	6.59175e-15
0.0353413 	36.2003 	-1.11689e-06 	6.59174e-15
0.0355956 	36.2591 	-1.11689e-06 	6.59174e-15
0.0358498 	36.3179 	-1.11689e-06 	6.59174e-15
0.0361041 	36.3807 	-1.20776e-06 	6.755e-15
0.0363584 	36.4448 	-1.20776e-06 	6.755e-15
0.0366126 	36.509 	-1.20776e-06 	6.755e-15
0.0368669 	36.5731 	-1.20776e-06 	6.75499e-15
0.0371211 	36.6373 	-1.20776e-06 	6.75499e-15
0.0373754 	36.7015 	-1.20776e-06 	6.75498e-15
0.0376296 	36.7656 	-1.20776e-06 	6.75498e-15
0.0378839 	36.8298 	-1.20776e-06 	6.75497e-15
0.0381381 	36.894 	-1.20776e-06 	6.75497e-15
0.0383924 	36.9581 	-1.20776e-06 	6.75497e-15
0.0386466 	37.0258 	-1.30304e-06 	6.92589e-15
0.0389009 	37.0955 	-1.30304e-06 	6.92588e-15
0.0391552 	37.1652 	-1.30304e-06 	6.92588e-15
0.0394094 	37.2349 	-1.30304e-06 	6.92587e-15
0.0396637 	37.3047 	-1.30304e-06 	6.92587e-15
0.0399179 	37.3744 	-1.30304e-06 	6.92587e-15
0.0401722 	37.4441 	-1.30304e-06 	6.92586e-15
0.0404264 	37.5138 	-1.30304e-06 	6.92586e-15
0.0406807 	37.5835 	-1.30304e-06 	6.92585e-15
0.0409349 	37.6532 	-1.30304e-06 	6.92585e-15
0.0411892 	37.7261 	-1.40212e-06 	7.11724e-15
0.0414434 	37.8015 	-1.40212e-06 	7.11724e-15
0.0416977 	37.877 	-1.40212e-06 	7.11723e-15
0.041952 	37.9525 	-1.40212e-06 	7.11723e-15
0.0422062 	38.0279 	-1.40212e-06 	7.11722e-15
0.0424605 	38.1034 	-1.40212e-06 	7.11722e-15
0.0427147 	38.1789 	-1.40212e-06 	7.11721e-15
0.042969 	38.2544 	-1.40212e-06 	7.11721e-15
0.0432232 	38.3298 	-1.40212e-06 	7.1172e-15
0.0434775 	38.4053 	-1.40212e-06 	7.1172e-15
0.0437317 	38.4835 	-1.50462e-06 	7.27456e-15
0.043986 	38.565 	-1.50462e-06 	7.27456e-15
0.0442402 	38.6464 	-1.50462e-06 	7.27455e-15
0.0444945 	38.7279 	-1.50462e-06 	7.27455e-15
0.0447487 	38.8093 	-1.50462e-06 	7.27454e-15
0.045003 	38.8908 	-1.50462e-06 	7.27454e-15
0.0452573 	38.9723 	-1.50462e-06 	7.27453e-15
0.0455115 	39.0537 	-1.50462e-06 	7.27453e-15
0.0457658 	39.1352 	-1.50462e-06 	7.27452e-15
0.04602 	39.2166 	-1.50462e-06 	7.27452e-15
0.0462743 	39.3004 	-1.61044e-06 	7.39084e-15
0.0465285 	39.3881 	-1.61044e-06 	7.39083e-15
0.0467828 	39.4757 	-1.61044e-06 	7.39083e-15
0.047037 	39.5634 	-1.61044e-06 	7.39082e-15
0.0472913 	39.6511 	-1.61044e-06 	7.39081e-15
0.0475455 	39.7388 	-1.61044e-06 	7.39081e-15
0.0477998 	39.8265 	-1.61044e-06 	7.3908e-15
0.0480541 	39.9142 	-1.61044e-06 	7.3908e-15
0.0483083 	40.0019 	-1.61044e-06 	7.39079e-15
0.0485626 	40.0896 	-1.61044e-06 	7.39079e-15
0.0488168 	40.179 	-1.71942e-06 	7.51363e-15
0.0490711 	40.2732 	-1.71942e-06 	7.51363e-15
0.0493253 	40.3673 	-1.71942e-06 	7.51362e-15
0.0495796 	40.4615 	-1.71942e-06 	7.51361e-15
0.0498338 	40.5557 	-1.71942e-06 	7.51361e-15
0.0500881 	40.6498 	-1.71942e-06 	7.5136e-15
0.0503423 	40.744 	-1.71942e-06 	7.5136e-15
0.0505966 	40.8382 	-1.71942e-06 	7.51359e-15
0.0508509 	40.9323 	-1.71942e-06 	7.51358e-15
0.0511051 	41.0265 	-1.71942e-06 	7.51358e-15
0.0513594 	41.1219 	-1.83129e-06 	7.70464e-15
0.0516136 	41.2227 	-1.83129e-06 	7.70463e-15
0.0518679 	41.3236 	-1.83129e-06 	7.70462e-15
0.0521221 	41.4245 	-1.83129e-06 	7.70462e-15
0.0523764 	41.5254 	-1.83129e-06 	7.70461e-15
0.0526306 	41.6263 	-1.83129e-06 	7.7046e-15
0.0528849 	41.7272 	-1.83129e-06 	7.7046e-15
0.0531391 	41.8281 	-1.83129e-06 	7.70459e-15
0.0533934 	41.929 	-1.83129e-06 	7.70458e-15
0.0536476 	42.0298 	-1.83129e-06 	7.70458e-15
0.0539019 	42.1314 	-1.94561e-06 	7.85161e-15
0.0541562 	42.2392 	-1.94561e-06 	7.8516e-15
0.0544104 	42.3471 	-1.94561e-06 	7.85159e-15
0.0546647 	42.455 	-1.94561e-06 	7.85159e-15
0.0549189 	42.5628 	-1.94561e-06 	7.85158e-15
0.0551732 	42.6707 	-1.94561e-06 	7.85157e-15
0.0554274 	42.7786 	-1.94561e-06 	7.85157e-15
0.0556817 	42.8865 	-1.94561e-06 	7.85156e-15
0.0559359 	42.9943 	-1.94561e-06 	7.85155e-15
0.0561902 	43.1022 	-1.94561e-06 	7.85154e-15
0.0564444 	43.2101 	-2.3159e-06 	9.62253e-19
0.0566987 	43.3252 	-2.06169e-06 	8.07151e-15
0.056953 	43.4403 	-2.06169e-06 	8.0715e-15
0.0572072 	43.5554 	-2.06169e-06 	8.07149e-15
0.0574615 	43.6705 	-2.06169e-06 	8.07148e-15
0.0577157 	43.7856 	-2.06169e-06 	8.07148e-15
0.05797 	43.9007 	-2.06169e-06 	8.07147e-15
0.0582242 	44.0158 	-2.06169e-06 	8.07146e-15
0.0584785 	44.1309 	-2.06169e-06 	8.07146e-15
0.0587327 	44.246 	-2.06169e-06 	8.07145e-15
0.058987 	44.3611 	-2.06169e-06 	8.07144e-15
0.0592412 	44.4831 	-2.17848e-06 	8.30149e-15
0.0594955 	44.6056 	-2.17848e-06 	8.30149e-15
0.0597497 	44.7282 	-2.17848e-06 	8.30148e-15
0.060004 	44.8508 	-2.17848e-06 	8.30147e-15
0.0602583 	44.9734 	-2.17848e-06 	8.30146e-15
0.0605125 	45.096 	-2.17848e-06 	8.30145e-15
0.0607668 	45.2186 	-2.17848e-06 	8.30145e-15
0.061021 	45.3412 	-2.17848e-06 	8.30144e-15
0.0612753 	45.4638 	-2.17848e-06 	8.30143e-15
0.0615295 	45.5864 	-2.17848e-06 	8.30142e-15
0.0617838 	45.7154 	-2.29597e-06 	8.59844e-15
0.062038 	45.8457 	-2.29597e-06 	8.59844e-15
0.0622923 	45.976 	-2.29597e-06 	8.59843e-15
0.0625465 	46.1064 	-2.29597e-06 	8.59842e-15
0.0628008 	46.2367 	-2.29597e-06 	8.59841e-15
0.0630551 	46.367 	-2.29597e-06 	8.5984e-15
0.0633093 	46.4974 	-2.29597e-06 	8.59839e-15
0.0635636 	46.6277 	-2.29597e-06 	8.59838e-15
0.0638178 	46.758 	-2.29597e-06 	8.59838e-15
0.0640721 	46.8884 	-2.29597e-06 	8.59837e-15
0.0643263 	47.0245 	-2.41372e-06 	8.79644e-15
0.0645806 	47.1628 	-2.41372e-06 	8.79643e-15
0.0648348 	47.3011 	-2.41372e-06 	8.79642e-15
0.0650891 	47.4394 	-2.41372e-06 	8.79641e-15
0.0653433 	47.5777 	-2.41372e-06 	8.7964e-15
0.0655976 	47.716 	-2.41372e-06 	8.79639e-15
0.0658519 	47.8543 	-2.41372e-06 	8.79639e-15
0.0661061 	47.9926 	-2.41372e-06 	8.79638e-15
0.0663604 	48.1309 	-2.41372e-06 	8.79637e-15
0.0666146 	48.2692 	-2.41372e-06 	8.79636e-15
0.0668689 	48.4127 	-2.53068e-06 	9.05727e-15
0.0671231 	48.5592 	-2.53068e-06 	9.05727e-15
0.0673774 	48.7058 	-2.53068e-06 	9.05726e-15
0.0676316 	48.8523 	-2.53068e-06 	9.05725e-15
0.0678859 	48.9988 	-2.53068e-06 	9.05724e-15
0.0681401 	49.1453 	-2.53068e-06 	9.05723e-15
0.0683944 	49.2918 	-2.53068e-06 	9.05722e-15
0.0686486 	49.4383 	-2.53068e-06 	9.05721e-15
0.0689029 	49.5848 	-2.53068e-06 	9.0572e-15
0.0691572 	49.7313 	-2.53068e-06 	9.05719e-15
0.0694114 	49.8824 	-2.64531e-06 	9.34056e-15
0.0696657 	50.0373 	-2.64531e-06 	9.34055e-15
0.0699199 	50.1922 	-2.64531e-06 	9.34054e-15
0.0701742 	50.3472 	-2.64531e-06 	9.34053e-15
0.0704284 	50.5021 	-2.64531e-06 	9.34052e-15
0.0706827 	50.657 	-2.64531e-06 	9.34051e-15
0.0709369 	50.812 	-2.64531e-06 	9.3405e-15
0.0711912 	50.9669 	-2.64531e-06 	9.34049e-15
0.0714454 	51.1218 	-2.64531e-06 	9.34048e-15
0.0716997 	51.2768 	-2.64531e-06 	9.34047e-15
0.071954 	51.4356 	-2.74696e-06 	9.63416e-15
0.0722082 	51.5992 	-2.74696e-06 	9.63414e-15
0.0724625 	51.7627 	-2.74696e-06 	9.63413e-15
0.0727167 	51.9263 	-2.74696e-06 	9.63412e-15
0.072971 	52.0898 	-2.74696e-06 	9.63411e-15
0.0732252 	52.2533 	-2.74696e-06 	9.6341e-15
0.0734795 	52.4169 	-2.74696e-06 	9.63409e-15
0.0737337 	52.5804 	-2.74696e-06 	9.63408e-15
0.073988 	52.744 	-2.74696e-06 	9.63407e-15
0.0742422 	52.9075 	-2.74696e-06 	9.63406e-15
0.0744965 	53.0742 	-2.82823e-06 	9.93788e-15
0.0747508 	53.2465 	-2.82823e-06 	9.93787e-15
0.075005 	53.4187 	-2.82823e-06 	9.93786e-15
0.0752593 	53.5909 	-2.82823e-06 	9.93785e-15
0.0755135 	53.7632 	-2.82823e-06 	9.93784e-15
0.0757678 	53.9354 	-2.82823e-06 	9.93783e-15
0.076022 	54.1077 	-2.82823e-06 	9.93782e-15
0.0762763 	54.2799 	-2.82823e-06 	9.9378e-15
0.0765305 	54.4521 	-2.82823e-06 	9.93779e-15
0.0767848 	54.6244 	-2.82823e-06 	9.93778e-15
0.077039 	54.799 	-2.89311e-06 	1.01994e-14
0.0772933 	54.9799 	-2.89311e-06 	1.01994e-14
0.0775475 	55.1609 	-2.89311e-06 	1.01994e-14
0.0778018 	55.3418 	-2.89311e-06 	1.01993e-14
0.0780561 	55.5227 	-2.89311e-06 	1.01993e-14
0.0783103 	55.7037 	-2.89311e-06 	1.01993e-14
0.0785646 	55.8846 	-2.89311e-06 	1.01993e-14
0.0788188 	56.0655 	-2.89311e-06 	1.01993e-14
0.0790731 	56.2465 	-2.89311e-06 	1.01993e-14
0.0793273 	56.4274 	-2.89311e-06 	1.01993e-14
0.0795816 	56.6099 	-2.92135e-06 	1.05131e-14
0.0798358 	56.7994 	-2.92135e-06 	1.05131e-14
0.0800901 	56.989 	-2.92135e-06 	1.05131e-14
0.0803443 	57.1785 	-2.92135e-06 	1.05131e-14
0.0805986 	57.368 	-2.92135e-06 	1.0513e-14
0.0808529 	57.5576 	-2.92135e-06 	1.0513e-14
0.0811071 	57.7471 	-2.92135e-06 	1.0513e-14
0.0813614 	57.9366 	-2.92135e-06 	1.0513e-14
0.0816156 	58.1261 	-2.92135e-06 	1.0513e-14
0.0818699 	58.3157 	-2.92135e-06 	1.0513e-14
0.0821241 	58.5059 	-2.92956e-06 	1.08365e-14
0.0823784 	58.7039 	-2.92956e-06 	1.08365e-14
0.0826326 	58.9018 	-2.92956e-06 	1.08365e-14
0.0828869 	59.0997 	-2.92956e-06 	1.08365e-14
0.0831411 	59.2976 	-2.92956e-06 	1.08364e-14
0.0833954 	59.4955 	-2.92956e-06 	1.08364e-14
0.0836496 	59.6934 	-2.92956e-06 	1.08364e-14
0.0839039 	59.8913 	-2.92956e-06 	1.08364e-14
0.0841582 	60.0892 	-2.92956e-06 	1.08364e-14
0.0844124 	60.2871 	-2.92956e-06 	1.08364e-14
0.0846667 	60.485 	-3.84861e-06 	3.169e-17
0.0849209 	60.691 	-2.93108e-06 	1.11657e-14
0.0851752 	60.897 	-2.93108e-06 	1.11657e-14
0.0854294 	61.103 	-2.93108e-06 	1.11657e-14
0.0856837 	61.309 	-2.93108e-06 	1.11657e-14
0.0859379 	61.515 	-2.93108e-06 	1.11657e-14
0.0861922 	61.721 	-2.93108e-06 	1.11657e-14
0.0864464 	61.927 	-2.93108e-06 	1.11657e-14
0.0867007 	62.133 	-2.93108e-06 	1.11656e-14
0.086955 	62.339 	-2.93108e-06 	1.11656e-14
0.0872092 	62.5449 	-2.93108e-06 	1.11656e-14
0.0874635 	62.7579 	-2.94724e-06 	1.14982e-14
0.0877177 	62.9715 	-2.94724e-06 	1.14982e-14
0.087972 	63.1852 	-2.94724e-06 	1.14982e-14
0.0882262 	63.3988 	-2.94724e-06 	1.14982e-14
0.0884805 	63.6125 	-2.94724e-06 	1.14982e-14
0.0887347 	63.8261 	-2.94724e-06 	1.14982e-14
0.088989 	64.0398 	-2.94724e-06 	1.14982e-14
0.0892432 	64.2534 	-2.94724e-06 	1.14981e-14
0.0894975 	64.467 	-2.94724e-06 	1.14981e-14
0.0897518 	64.6807 	-2.94724e-06 	1.14981e-14
0.090006 	64.9001 	-2.95928e-06 	1.18326e-14
0.0902603 	65.1208 	-2.95928e-06 	1.18325e-14
0.0905145 	65.3415 	-2.95928e-06 	1.18325e-14
0.0907688 	65.5623 	-2.95928e-06 	1.18325e-14
0.091023 	65.783 	-2.95928e-06 	1.18325e-14
0.0912773 	66.0037 	-2.95928e-06 	1.18325e-14
0.0915315 	66.2244 	-2.95928e-06 	1.18325e-14
0.0917858 	66.4451 	-2.95928e-06 	1.18325e-14
0.09204 	66.6658 	-2.95928e-06 	1.18324e-14
0.0922943 	66.8866 	-2.95928e-06 	1.18324e-14
0.0925485 	67.1119 	-2.94616e-06 	1.21664e-14
0.0928028 	67.3389 	-2.94616e-06 	1.21664e-14
0.0930571 	67.5659 	-2.94616e-06 	1.21664e-14
0.0933113 	67.793 	-2.94616e-06 	1.21663e-14
0.0935656 	68.02 	-2.94616e-06 	1.21663e-14
0.0938198 	68.247 	-2.94616e-06 	1.21663e-14
0.0940741 	68.474 	-2.94616e-06 	1.21663e-14
0.0943283 	68.7011 	-2.94616e-06 	1.21663e-14
0.0945826 	68.9281 	-2.94616e-06 	1.21663e-14
0.0948368 	69.1551 	-2.94616e-06 	1.21663e-14
0.0950911 	69.3855 	-2.89797e-06 	1.24426e-14
0.0953453 	69.6178 	-2.89797e-06 	1.24426e-14
0.0955996 	69.8501 	-2.89797e-06 	1.24426e-14
0.0958539 	70.0824 	-2.89797e-06 	1.24425e-14
0.0961081 	70.3147 	-2.89797e-06 	1.24425e-14
0.0963624 	70.547 	-2.89797e-06 	1.24425e-14
0.0966166 	70.7792 	-2.89797e-06 	1.24425e-14
0.0968709 	71.0115 	-2.89797e-06 	1.24425e-14
0.0971251 	71.2438 	-2.89797e-06 	1.24425e-14
0.0973794 	71.4761 	-2.89797e-06 	1.24425e-14
0.0976336 	71.7105 	-2.82352e-06 	1.28187e-14
0.0978879 	71.9466 	-2.82352e-06 	1.28187e-14
0.0981421 	72.1827 	-2.82352e-06 	1.28187e-14
0.0983964 	72.4187 	-2.82352e-06 	1.28187e-14
0.0986507 	72.6548 	-2.82352e-06 	1.28187e-14
0.0989049 	72.8909 	-2.82352e-06 	1.28187e-14
0.0991592 	73.127 	-2.82352e-06 	1.28187e-14
0.0994134 	73.3631 	-2.82352e-06 	1.28186e-14
0.0996677 	73.5992 	-2.82352e-06 	1.28186e-14
0.0999219 	73.8353 	-2.82352e-06 	1.28186e-14
0.100176 	74.0723 	-2.71333e-06 	1.31812e-14
0.10043 	74.3104 	-2.71333e-06 	1.31812e-14
0.100685 	74.5484 	-2.71333e-06 	1.31812e-14
0.100939 	74.7865 	-2.71333e-06 	1.31812e-14
0.101193 	75.0246 	-2.71333e-06 	1.31812e-14
0.101447 	75.2627 	-2.71333e-06 	1.31812e-14
0.101702 	75.5008 	-2.71333e-06 	1.31811e-14
0.101956 	75.7389 	-2.71333e-06 	1.31811e-14
0.10221 	75.9769 	-2.71333e-06 	1.31811e-14
0.102464 	76.215 	-2.71333e-06 	1.31811e-14
0.102719 	76.4531 	-2.5398e-06 	1.34686e-14
0.102973 	76.691 	-2.5398e-06 	1.34685e-14
0.103227 	76.9289 	-2.5398e-06 	1.34685e-14
0.103481 	77.1668 	-2.5398e-06 	1.34685e-14
0.103736 	77.4048 	-2.5398e-06 	1.34685e-14
0.10399 	77.6427 	-2.5398e-06 	1.34685e-14
0.104244 	77.8806 	-2.5398e-06 	1.34685e-14
0.104498 	78.1185 	-2.5398e-06 	1.34684e-14
0.104753 	78.3565 	-2.5398e-06 	1.34684e-14
0.105007 	78.5944 	-2.5398e-06 	1.34684e-14
0.105261 	78.8316 	-2.35244e-06 	1.38062e-14
0.105516 	79.0669 	-2.35244e-06 	1.38061e-14
0.10577 	79.3023 	-2.35244e-06 	1.38061e-14
0.106024 	79.5376 	-2.35244e-06 	1.38061e-14
0.106278 	79.773 	-2.35244e-06 	1.38061e-14
0.106533 	80.0083 	-2.35244e-06 	1.38061e-14
0.106787 	80.2437 	-2.35244e-06 	1.38061e-14
0.107041 	80.479 	-2.35244e-06 	1.38061e-14
0.107295 	80.7143 	-2.35244e-06 	1.3806e-14
0.10755 	80.9497 	-2.35244e-06 	1.3806e-14
0.107804 	81.1841 	-2.07448e-06 	1.4088e-14
0.108058 	81.4143 	-2.07448e-06 	1.4088e-14
0.108312 	81.6445 	-2.07448e-06 	1.4088e-14
0.108567 	81.8747 	-2.07448e-06 	1.40879e-14
0.108821 	82.1049 	-2.07448e-06 	1.40879e-14
0.109075 	82.3351 	-2.07448e-06 	1.40879e-14
0.109329 	82.5653 	-2.07448e-06 	1.40879e-14
0.109584 	82.7955 	-2.07448e-06 	1.40879e-14
0.109838 	83.0257 	-2.07448e-06 	1.40879e-14
0.110092 	83.2559 	-2.07448e-06 	1.40878e-14
0.110346 	83.4854 	-1.76706e-06 	1.43108e-14
0.110601 	83.7076 	-1.76706e-06 	1.43108e-14
0.110855 	83.9298 	-1.76706e-06 	1.43108e-14
0.111109 	84.152 	-1.76706e-06 	1.43107e-14
0.111363 	84.3742 	-1.76706e-06 	1.43107e-14
0.111618 	84.5965 	-1.76706e-06 	1.43107e-14
0.111872 	84.8187 	-1.76706e-06 	1.43107e-14
0.112126 	85.0409 	-1.76706e-06 	1.43107e-14
0.11238 	85.2631 	-1.76706e-06 	1.43107e-14
0.112635 	85.4854 	-1.76706e-06 	1.43107e-14
0.112889 	85.7076 	-2.87701e-06 	5.77087e-17
0.113143 	85.9187 	-1.43718e-06 	1.44936e-14
0.113397 	86.1298 	-1.43718e-06 	1.44936e-14
0.113652 	86.3409 	-1.43718e-06 	1.44935e-14
0.113906 	86.5521 	-1.43718e-06 	1.44935e-14
0.11416 	86.7632 	-1.43718e-06 	1.44935e-14
0.114414 	86.9743 	-1.43718e-06 	1.44935e-14
0.114669 	87.1854 	-1.43718e-06 	1.44935e-14
0.114923 	87.3966 	-1.43718e-06 	1.44935e-14
0.115177 	87.6077 	-1.43718e-06 	1.44935e-14
0.115431 	87.8188 	-1.43718e-06 	1.44934e-14
0.115686 	88.0169 	-1.02058e-06 	1.46364e-14
0.11594 	88.2136 	-1.02058e-06 	1.46363e-14
0.116194 	88.4104 	-1.02058e-06 	1.46363e-14
0.116448 	88.6071 	-1.02058e-06 	1.46363e-14
0.116703 	88.8038 	-1.02058e-06 	1.46363e-14
0.116957 	89.0006 	-1.02058e-06 	1.46363e-14
0.117211 	89.1973 	-1.02058e-06 	1.46363e-14
0.117465 	89.394 	-1.02058e-06 	1.46363e-14
0.11772 	89.5908 	-1.02058e-06 	1.46363e-14
0.117974 	89.7875 	-1.02058e-06 	1.46362e-14
0.118228 	89.9697 	-6.0595e-07 	1.47359e-14
0.118482 	90.1485 	-6.0595e-07 	1.47359e-14
0.118737 	90.3274 	-6.0595e-07 	1.47359e-14
0.118991 	90.5063 	-6.0595e-07 	1.47359e-14
0.119245 	90.6852 	-6.0595e-07 	1.47359e-14
0.119499 	90.8641 	-6.0595e-07 	1.47358e-14
0.119754 	91.043 	-6.0595e-07 	1.47358e-14
0.120008 	91.2219 	-6.0595e-07 	1.47358e-14
0.120262 	91.4008 	-6.0595e-07 	1.47358e-14
0.120517 	91.5796 	-6.0595e-07 	1.47358e-14
0.120771 	91.7431 	-1.92562e-07 	1.47906e-14
0.121025 	91.9007 	-1.92562e-07 	1.47906e-14
0.121279 	92.0584 	-1.92562e-07 	1.47906e-14
0.121534 	92.216 	-1.92562e-07 	1.47906e-14
0.121788 	92.3737 	-1.92562e-07 	1.47906e-14
0.122042 	92.5313 	-1.92562e-07 	1.47906e-14
0.122296 	92.689 	-1.92562e-07 	1.47905e-14
0.122551 	92.8466 	-1.92562e-07 	1.47905e-14
0.122805 	93.0042 	-1.92562e-07 	1.47905e-14
0.123059 	93.1619 	-1.92562e-07 	1.47905e-14
0.123313 	93.3041 	2.21471e-07 	1.47996e-14
0.123568 	93.4375 	2.21471e-07 	1.47996e-14
0.123822 	93.571 	2.21471e-07 	1.47996e-14
0.124076 	93.7044 	2.21471e-07 	1.47996e-14
0.12433 	93.8378 	2.21471e-07 	1.47996e-14
0.124585 	93.9712 	2.21471e-07 	1.47995e-14
0.124839 	94.1046 	2.21471e-07 	1.47995e-14
0.125093 	94.2381 	2.21471e-07 	1.47995e-14
0.125347 	94.3715 	2.21471e-07 	1.47995e-14
0.125602 	94.5049 	2.21471e-07 	1.47995e-14
0.125856 	94.6238 	5.96935e-07 	1.47671e-14
0.12611 	94.7307 	5.96935e-07 	1.47671e-14
0.126364 	94.8376 	5.96935e-07 	1.47671e-14
0.126619 	94.9445 	5.96935e-07 	1.47671e-14
0.126873 	95.0514 	5.96935e-07 	1.47671e-14
0.127127 	95.1583 	5.96935e-07 	1.47671e-14
0.127381 	95.2652 	5.96935e-07 	1.47671e-14
0.127636 	95.3721 	5.96935e-07 	1.47671e-14
0.12789 	95.4791 	5.96935e-07 	1.47671e-14
0.128144 	95.586 	5.96935e-07 	1.47671e-14
0.128398 	95.6802 	9.25912e-07 	1.47041e-14
0.128653 	95.7593 	9.25912e-07 	1.47041e-14
0.128907 	95.8385 	9.25912e-07 	1.47041e-14
0.129161 	95.9176 	9.25912e-07 	1.47041e-14
0.129415 	95.9967 	9.25912e-07 	1.47041e-14
0.12967 	96.0758 	9.25912e-07 	1.47041e-14
0.129924 	96.1549 	9.25912e-07 	1.47041e-14
0.130178 	96.2341 	9.25912e-07 	1.47041e-14
0.130432 	96.3132 	9.25912e-07 	1.47041e-14
0.130687 	96.3923 	9.25912e-07 	1.47041e-14
0.130941 	96.4613 	1.20539e-06 	1.46199e-14
0.131195 	96.5125 	1.20539e-06 	1.46199e-14
0.131449 	96.5638 	1.20539e-06 	1.46199e-14
0.131704 	96.615 	1.20539e-06 	1.46199e-14
0.131958 	96.6663 	1.20539e-06 	1.46199e-14
0.132212 	96.7175 	1.20539e-06 	1.46199e-14
0.132466 	96.7688 	1.20539e-06 	1.46199e-14
0.132721 	96.82 	1.20539e-06 	1.46199e-14
0.132975 	96.8712 	1.20539e-06 	1.46199e-14
0.133229 	96.9225 	1.20539e-06 	1.46199e-14
0.133483 	96.9664 	1.42645e-06 	1.45188e-14
0.133738 	96.9907 	1.42645e-06 	1.45188e-14
0.133992 	97.015 	1.42645e-06 	1.45188e-14
0.134246 	97.0394 	1.42645e-06 	1.45188e-14
0.134501 	97.0637 	1.42645e-06 	1.45188e-14
0.134755 	97.088 	1.42645e-06 	1.45187e-14
0.135009 	97.1123 	1.42645e-06 	1.45187e-14
0.135263 	97.1366 	1.42645e-06 	1.45187e-14
0.135518 	97.1609 	1.42645e-06 	1.45187e-14
0.135772 	97.1853 	1.42645e-06 	1.45187e-14
0.136026 	97.205 	1.62514e-06 	1.44611e-14
0.13628 	97.2041 	1.62514e-06 	1.44611e-14
0.136535 	97.2031 	1.62514e-06 	1.44611e-14
0.136789 	97.2022 	1.62514e-06 	1.44611e-14
0.137043 	97.2013 	1.62514e-06 	1.44611e-14
0.137297 	97.2004 	1.62514e-06 	1.44611e-14
0.137552 	97.1994 	1.62514e-06 	1.44611e-14
0.137806 	97.1985 	1.62514e-06 	1.44611e-14
0.13806 	97.1976 	1.62514e-06 	1.44611e-14
0.138314 	97.1967 	1.62514e-06 	1.44611e-14
0.138569 	97.1936 	1.78163e-06 	1.42815e-14
0.138823 	97.1695 	1.78163e-06 	1.42815e-14
0.139077 	97.1453 	1.78163e-06 	1.42815e-14
0.139331 	97.1212 	1.78163e-06 	1.42815e-14
0.139586 	97.0971 	1.78163e-06 	1.42815e-14
0.13984 	97.0729 	1.78163e-06 	1.42815e-14
0.140094 	97.0488 	1.78163e-06 	1.42815e-14
0.140348 	97.0246 	1.78163e-06 	1.42815e-14
0.140603 	97.0005 	1.78163e-06 	1.42815e-14
0.140857 	96.9764 	1.78163e-06 	1.42815e-14
0.141111 	96.9522 	9.67976e-07 	4.10605e-17
0.141365 	96.907 	1.90705e-06 	1.41371e-14
0.14162 	96.8618 	1.90705e-06 	1.41371e-14
0.141874 	96.8166 	1.90705e-06 	1.41371e-14
0.142128 	96.7714 	1.90705e-06 	1.41371e-14
0.142382 	96.7262 	1.90705e-06 	1.41371e-14
0.142637 	96.681 	1.90705e-06 	1.41371e-14
0.142891 	96.6358 	1.90705e-06 	1.41371e-14
0.143145 	96.5906 	1.90705e-06 	1.41371e-14
0.143399 	96.5454 	1.90705e-06 	1.41371e-14
0.143654 	96.5002 	1.90705e-06 	1.41372e-14
0.143908 	96.4378 	2.02435e-06 	1.39343e-14
0.144162 	96.3737 	2.02435e-06 	1.39343e-14
0.144416 	96.3095 	2.02435e-06 	1.39343e-14
0.144671 	96.2454 	2.02435e-06 	1.39343e-14
0.144925 	96.1813 	2.02435e-06 	1.39343e-14
0.145179 	96.1172 	2.02435e-06 	1.39343e-14
0.145433 	96.0531 	2.02435e-06 	1.39343e-14
0.145688 	95.989 	2.02435e-06 	1.39343e-14
0.145942 	95.9248 	2.02435e-06 	1.39343e-14
0.146196 	95.8607 	2.02435e-06 	1.39343e-14
0.14645 	95.7828 	2.1304e-06 	1.37061e-14
0.146705 	95.7018 	2.1304e-06 	1.37061e-14
0.146959 	95.6208 	2.1304e-06 	1.37061e-14
0.147213 	95.5398 	2.1304e-06 	1.37062e-14
0.147467 	95.4588 	2.1304e-06 	1.37062e-14
0.147722 	95.3778 	2.1304e-06 	1.37062e-14
0.147976 	95.2968 	2.1304e-06 	1.37062e-14
0.14823 	95.2158 	2.1304e-06 	1.37062e-14
0.148484 	95.1348 	2.1304e-06 	1.37062e-14
0.148739 	95.0538 	2.1304e-06 	1.37062e-14
0.148993 	94.9619 	2.23131e-06 	1.35384e-14
0.149247 	94.866 	2.23131e-06 	1.35384e-14
0.149502 	94.77 	2.23131e-06 	1.35384e-14
0.149756 	94.674 	2.23131e-06 	1.35384e-14
0.15001 	94.578 	2.23131e-06 	1.35384e-14
0.150264 	94.482 	2.23131e-06 	1.35384e-14
0.150519 	94.3861 	2.23131e-06 	1.35384e-14
0.150773 	94.2901 	2.23131e-06 	1.35384e-14
0.151027 	94.1941 	2.23131e-06 	1.35384e-14
0.151281 	94.0981 	2.23131e-06 	1.35384e-14
0.151536 	93.9938 	2.32714e-06 	1.33555e-14
0.15179 	93.8846 	2.32714e-06 	1.33555e-14
0.152044 	93.7755 	2.32714e-06 	1.33555e-14
0.152298 	93.6663 	2.32714e-06 	1.33555e-14
0.152553 	93.5572 	2.32714e-06 	1.33555e-14
0.152807 	93.448 	2.32714e-06 	1.33555e-14
0.153061 	93.3389 	2.32714e-06 	1.33555e-14
0.153315 	93.2298 	2.32714e-06 	1.33555e-14
0.15357 	93.1206 	2.32714e-06 	1.33555e-14
0.153824 	93.0115 	2.32714e-06 	1.33555e-14
0.154078 	92.8961 	2.41461e-06 	1.31619e-14
0.154332 	92.7756 	2.41461e-06 	1.31619e-14
0.154587 	92.6551 	2.41461e-06 	1.3162e-14
0.154841 	92.5346 	2.41461e-06 	1.3162e-14
0.155095 	92.4141 	2.41461e-06 	1.3162e-14
0.155349 	92.2936 	2.41461e-06 	1.3162e-14
0.155604 	92.1731 	2.41461e-06 	1.3162e-14
0.155858 	92.0526 	2.41461e-06 	1.3162e-14
0.156112 	91.9321 	2.41461e-06 	1.3162e-14
0.156366 	91.8116 	2.41461e-06 	1.3162e-14
0.156621 	91.6868 	2.49036e-06 	1.29624e-14
0.156875 	91.5567 	2.49036e-06 	1.29624e-14
0.157129 	91.4267 	2.49036e-06 	1.29624e-14
0.157383 	91.2967 	2.49036e-06 	1.29624e-14
0.157638 	91.1667 	2.49036e-06 	1.29624e-14
0.157892 	91.0367 	2.49036e-06 	1.29624e-14
0.158146 	90.9066 	2.49036e-06 	1.29624e-14
0.1584 	90.7766 	2.49036e-06 	1.29624e-14
0.158655 	90.6466 	2.49036e-06 	1.29625e-14
0.158909 	90.5166 	2.49036e-06 	1.29625e-14
0.159163 	90.3838 	2.55221e-06 	1.28049e-14
0.159417 	90.2461 	2.55221e-06 	1.28049e-14
0.159672 	90.1085 	2.55221e-06 	1.28049e-14
0.159926 	89.9708 	2.55221e-06 	1.28049e-14
0.16018 	89.8332 	2.55221e-06 	1.28049e-14
0.160434 	89.6955 	2.55221e-06 	1.28049e-14
0.160689 	89.5579 	2.55221e-06 	1.28049e-14
0.160943 	89.4202 	2.55221e-06 	1.28049e-14
0.161197 	89.2826 	2.55221e-06 	1.28049e-14
0.161451 	89.1449 	2.55221e-06 	1.28049e-14
0.161706 	89.0057 	2.59948e-06 	1.2651e-14
0.16196 	88.8623 	2.59948e-06 	1.26511e-14
0.162214 	88.7189 	2.59948e-06 	1.26511e-14
0.162468 	88.5755 	2.59948e-06 	1.26511e-14
0.162723 	88.4321 	2.59948e-06 	1.26511e-14
0.162977 	88.2887 	2.59948e-06 	1.26511e-14
0.163231 	88.1453 	2.59948e-06 	1.26511e-14
0.163485 	88.0019 	2.59948e-06 	1.26511e-14
0.16374 	87.8585 	2.59948e-06 	1.26511e-14
0.163994 	87.7151 	2.59948e-06 	1.26511e-14
0.164248 	87.571 	2.63255e-06 	1.24378e-14
0.164503 	87.4237 	2.63255e-06 	1.24378e-14
0.164757 	87.2763 	2.63255e-06 	1.24378e-14
0.165011 	87.129 	2.63255e-06 	1.24378e-14
0.165265 	86.9816 	2.63255e-06 	1.24378e-14
0.16552 	86.8343 	2.63255e-06 	1.24378e-14
0.165774 	86.6869 	2.63255e-06 	1.24378e-14
0.166028 	86.5396 	2.63255e-06 	1.24378e-14
0.166282 	86.3923 	2.63255e-06 	1.24378e-14
0.166537 	86.2449 	2.63255e-06 	1.24378e-14
0.166791 	86.0974 	2.6523e-06 	1.22223e-14
0.167045 	85.9478 	2.6523e-06 	1.22223e-14
0.167299 	85.7982 	2.6523e-06 	1.22223e-14
0.167554 	85.6486 	2.6523e-06 	1.22223e-14
0.167808 	85.499 	2.6523e-06 	1.22224e-14
0.168062 	85.3494 	2.6523e-06 	1.22224e-14
0.168316 	85.1998 	2.6523e-06 	1.22224e-14
0.168571 	85.0501 	2.6523e-06 	1.22224e-14
0.168825 	84.9005 	2.6523e-06 	1.22224e-14
0.169079 	84.7509 	2.6523e-06 	1.22224e-14
0.169333 	84.6013 	2.01288e-06 	2.42504e-17
0.169588 	84.451 	2.65948e-06 	1.20469e-14
0.169842 	84.3006 	2.65948e-06 	1.20469e-14
0.170096 	84.1503 	2.65948e-06 	1.20469e-14
0.17035 	83.9999 	2.65948e-06 	1.20469e-14
0.170605 	83.8496 	2.65948e-06 	1.2047e-14
0.170859 	83.6992 	2.65948e-06 	1.2047e-14
0.171113 	83.5489 	2.65948e-06 	1.2047e-14
0.171367 	83.3985 	2.65948e-06 	1.2047e-14
0.171622 	83.2482 	2.65948e-06 	1.2047e-14
0.171876 	83.0978 	2.65948e-06 	1.2047e-14
0.17213 	82.948 	2.65511e-06 	1.18375e-14
0.172384 	82.7982 	2.65511e-06 	1.18375e-14
0.172639 	82.6484 	2.65511e-06 	1.18375e-14
0.172893 	82.4986 	2.65511e-06 	1.18375e-14
0.173147 	82.3488 	2.65511e-06 	1.18375e-14
0.173401 	82.199 	2.65511e-06 	1.18376e-14
0.173656 	82.0492 	2.65511e-06 	1.18376e-14
0.17391 	81.8994 	2.65511e-06 	1.18376e-14
0.174164 	81.7496 	2.65511e-06 	1.18376e-14
0.174418 	81.5998 	2.65511e-06 	1.18376e-14
0.174673 	81.4514 	2.63978e-06 	1.16663e-14
0.174927 	81.3033 	2.63978e-06 	1.16663e-14
0.175181 	81.1551 	2.63978e-06 	1.16663e-14
0.175435 	81.007 	2.63978e-06 	1.16663e-14
0.17569 	80.8589 	2.63978e-06 	1.16663e-14
0.175944 	80.7107 	2.63978e-06 	1.16663e-14
0.176198 	80.5626 	2.63978e-06 	1.16663e-14
0.176452 	80.4145 	2.63978e-06 	1.16663e-14
0.176707 	80.2664 	2.63978e-06 	1.16663e-14
0.176961 	80.1182 	2.63978e-06 	1.16664e-14
0.177215 	79.972 	2.61482e-06 	1.14969e-14
0.177469 	79.8264 	2.61482e-06 	1.14969e-14
0.177724 	79.6809 	2.61482e-06 	1.14969e-14
0.177978 	79.5353 	2.61482e-06 	1.14969e-14
0.178232 	79.3898 	2.61482e-06 	1.14969e-14
0.178486 	79.2442 	2.61482e-06 	1.14969e-14
0.178741 	79.0987 	2.61482e-06 	1.14969e-14
0.178995 	78.9531 	2.61482e-06 	1.1497e-14
0.179249 	78.8076 	2.61482e-06 	1.1497e-14
0.179504 	78.662 	2.61482e-06 	1.1497e-14
0.179758 	78.5186 	2.58055e-06 	1.12901e-14
0.180012 	78.3763 	2.58055e-06 	1.12901e-14
0.180266 	78.2341 	2.58055e-06 	1.12901e-14
0.180521 	78.0918 	2.58055e-06 	1.12901e-14
0.180775 	77.9496 	2.58055e-06 	1.12901e-14
0.181029 	77.8073 	2.58055e-06 	1.12901e-14
0.181283 	77.6651 	2.58055e-06 	1.12901e-14
0.181538 	77.5229 	2.58055e-06 	1.12901e-14
0.181792 	77.3806 	2.58055e-06 	1.12901e-14
0.182046 	77.2384 	2.58055e-06 	1.12902e-14
0.1823 	77.0982 	2.53707e-06 	1.10844e-14
0.182555 	76.9599 	2.53707e-06 	1.10844e-14
0.182809 	76.8215 	2.53707e-06 	1.10844e-14
0.183063 	76.6832 	2.53707e-06 	1.10844e-14
0.183317 	76.5448 	2.53707e-06 	1.10844e-14
0.183572 	76.4065 	2.53707e-06 	1.10845e-14
0.183826 	76.2681 	2.53707e-06 	1.10845e-14
0.18408 	76.1297 	2.53707e-06 	1.10845e-14
0.184334 	75.9914 	2.53707e-06 	1.10845e-14
0.184589 	75.853 	2.53707e-06 	1.10845e-14
0.184843 	75.7166 	2.48532e-06 	1.08804e-14
0.185097 	75.5826 	2.48532e-06 	1.08804e-14
0.185351 	75.4486 	2.48532e-06 	1.08804e-14
0.185606 	75.3145 	2.48532e-06 	1.08804e-14
0.18586 	75.1805 	2.48532e-06 	1.08804e-14
0.186114 	75.0465 	2.48532e-06 	1.08804e-14
0.186368 	74.9125 	2.48532e-06 	1.08804e-14
0.186623 	74.7784 	2.48532e-06 	1.08805e-14
0.186877 	74.6444 	2.48532e-06 	1.08805e-14
0.187131 	74.5104 	2.48532e-06 	1.08805e-14
0.187385 	74.3781 	2.42359e-06 	1.06186e-14
0.18764 	74.2487 	2.42359e-06 	1.06187e-14
0.187894 	74.1193 	2.42359e-06 	1.06187e-14
0.188148 	73.99 	2.42359e-06 	1.06187e-14
0.188402 	73.8606 	2.42359e-06 	1.06187e-14
0.188657 	73.7313 	2.42359e-06 	1.06187e-14
0.188911 	73.6019 	2.42359e-06 	1.06187e-14
0.189165 	73.4726 	2.42359e-06 	1.06187e-14
0.189419 	73.3432 	2.42359e-06 	1.06187e-14
0.189674 	73.2138 	2.42359e-06 	1.06187e-14
0.189928 	73.0858 	2.35247e-06 	1.04313e-14
0.190182 	72.9614 	2.35247e-06 	1.04313e-14
0.190436 	72.837 	2.35247e-06 	1.04313e-14
0.190691 	72.7125 	2.35247e-06 	1.04313e-14
0.190945 	72.5881 	2.35247e-06 	1.04313e-14
0.191199 	72.4637 	2.35247e-06 	1.04313e-14
0.191453 	72.3392 	2.35247e-06 	1.04313e-14
0.191708 	72.2148 	2.35247e-06 	1.04313e-14
0.191962 	72.0904 	2.35247e-06 	1.04313e-14
0.192216 	71.9659 	2.35247e-06 	1.04313e-14
0.19247 	71.8424 	2.2708e-06 	1.01911e-14
0.192725 	71.7231 	2.2708e-06 	1.01911e-14
0.192979 	71.6038 	2.2708e-06 	1.01911e-14
0.193233 	71.4844 	2.2708e-06 	1.01911e-14
0.193487 	71.3651 	2.2708e-06 	1.01912e-14
0.193742 	71.2458 	2.2708e-06 	1.01912e-14
0.193996 	71.1264 	2.2708e-06 	1.01912e-14
0.19425 	71.0071 	2.2708e-06 	1.01912e-14
0.194505 	70.8877 	2.2708e-06 	1.01912e-14
0.194759 	70.7684 	2.2708e-06 	1.01912e-14
0.195013 	70.6495 	2.17627e-06 	1.00645e-14
0.195267 	70.5354 	2.17627e-06 	1.00645e-14
0.195522 	70.4213 	2.17627e-06 	1.00645e-14
0.195776 	70.3072 	2.17627e-06 	1.00645e-14
0.19603 	70.193 	2.17627e-06 	1.00645e-14
0.196284 	70.0789 	2.17627e-06 	1.00645e-14
0.196539 	69.9648 	2.17627e-06 	1.00646e-14
0.196793 	69.8506 	2.17627e-06 	1.00646e-14
0.197047 	69.7365 	2.17627e-06 	1.00646e-14
0.197301 	69.6224 	2.17627e-06 	1.00646e-14
0.197556 	69.5082 	1.65796e-06 	1.40478e-17
0.19781 	69.3994 	2.07834e-06 	9.8933e-15
0.198064 	69.2905 	2.07834e-06 	9.89331e-15
0.198318 	69.1817 	2.07834e-06 	9.89331e-15
0.198573 	69.0728 	2.07834e-06 	9.89332e-15
0.198827 	68.964 	2.07834e-06 	9.89333e-15
0.199081 	68.8551 	2.07834e-06 	9.89334e-15
0.199335 	68.7463 	2.07834e-06 	9.89334e-15
0.19959 	68.6374 	2.07834e-06 	9.89335e-15
0.199844 	68.5286 	2.07834e-06 	9.89336e-15
0.200098 	68.4197 	2.07834e-06 	9.89336e-15
0.200352 	68.3157 	1.98256e-06 	9.72686e-15
0.200607 	68.2122 	1.98256e-06 	9.72687e-15
0.200861 	68.1087 	1.98256e-06 	9.72687e-15
0.201115 	68.0052 	1.98256e-06 	9.72688e-15
0.201369 	67.9016 	1.98256e-06 	9.72689e-15
0.201624 	67.7981 	1.98256e-06 	9.72689e-15
0.201878 	67.6946 	1.98256e-06 	9.7269e-15
0.202132 	67.5911 	1.98256e-06 	9.72691e-15
0.202386 	67.4876 	1.98256e-06 	9.72691e-15
0.202641 	67.384 	1.98256e-06 	9.72692e-15
0.202895 	67.2849 	1.8881e-06 	9.56663e-15
0.203149 	67.1867 	1.8881e-06 	9.56664e-15
0.203403 	67.0886 	1.8881e-06 	9.56664e-15
0.203658 	66.9904 	1.8881e-06 	9.56665e-15
0.203912 	66.8922 	1.8881e-06 	9.56666e-15
0.204166 	66.794 	1.8881e-06 	9.56666e-15
0.20442 	66.6959 	1.8881e-06 	9.56667e-15
0.204675 	66.5977 	1.8881e-06 	9.56668e-15
0.204929 	66.4995 	1.8881e-06 	9.56668e-15
0.205183 	66.4013 	1.8881e-06 	9.56669e-15
0.205437 	66.307 	1.78817e-06 	9.41287e-15
0.205692 	66.2142 	1.78817e-06 	9.41288e-15
0.205946 	66.1214 	1.78817e-06 	9.41288e-15
0.2062 	66.0285 	1.78817e-06 	9.41289e-15
0.206454 	65.9357 	1.78817e-06 	9.4129e-15
0.206709 	65.8428 	1.78817e-06 	9.4129e-15
0.206963 	65.75 	1.78817e-06 	9.41291e-15
0.207217 	65.6572 	1.78817e-06 	9.41291e-15
0.207471 	65.5643 	1.78817e-06 	9.41292e-15
0.207726 	65.4715 	1.78817e-06 	9.41293e-15
0.20798 	65.382 	1.68004e-06 	9.21489e-15
0.208234 	65.2945 	1.68004e-06 	9.21489e-15
0.208488 	65.2069 	1.68004e-06 	9.2149e-15
0.208743 	65.1194 	1.68004e-06 	9.2149e-15
0.208997 	65.0318 	1.68004e-06 	9.21491e-15
0.209251 	64.9443 	1.68004e-06 	9.21492e-15
0.209506 	64.8567 	1.68004e-06 	9.21492e-15
0.20976 	64.7692 	1.68004e-06 	9.21493e-15
0.210014 	64.6816 	1.68004e-06 	9.21493e-15
0.210268 	64.5941 	1.68004e-06 	9.21494e-15
0.210523 	64.5094 	1.56753e-06 	9.13687e-15
0.210777 	64.4271 	1.56753e-06 	9.13688e-15
0.211031 	64.3448 	1.56753e-06 	9.13688e-15
0.211285 	64.2625 	1.56753e-06 	9.13689e-15
0.21154 	64.1802 	1.56753e-06 	9.13689e-15
0.211794 	64.0979 	1.56753e-06 	9.1369e-15
0.212048 	64.0156 	1.56753e-06 	9.1369e-15
0.212302 	63.9334 	1.56753e-06 	9.13691e-15
0.212557 	63.8511 	1.56753e-06 	9.13691e-15
0.212811 	63.7688 	1.56753e-06 	9.13692e-15
0.213065 	63.6888 	1.45295e-06 	9.00827e-15
0.213319 	63.6118 	1.45295e-06 	9.00828e-15
0.213574 	63.5347 	1.45295e-06 	9.00828e-15
0.213828 	63.4576 	1.45295e-06 	9.00829e-15
0.214082 	63.3805 	1.45295e-06 	9.00829e-15
0.214336 	63.3034 	1.45295e-06 	9.0083e-15
0.214591 	63.2263 	1.45295e-06 	9.0083e-15
0.214845 	63.1492 	1.45295e-06 	9.00831e-15
0.215099 	63.0721 	1.45295e-06 	9.00831e-15
0.215353 	62.995 	1.45295e-06 	9.00832e-15
0.215608 	62.9198 	1.33778e-06 	8.92774e-15
0.215862 	62.8479 	1.33778e-06 	8.92775e-15
0.216116 	62.7759 	1.33778e-06 	8.92775e-15
0.21637 	62.704 	1.33778e-06 	8.92776e-15
0.216625 	62.632 	1.33778e-06 	8.92776e-15
0.216879 	62.5601 	1.33778e-06 	8.92777e-15
0.217133 	62.4881 	1.33778e-06 	8.92777e-15
0.217387 	62.4162 	1.33778e-06 	8.92778e-15
0.217642 	62.3442 	1.33778e-06 	8.92778e-15
0.217896 	62.2723 	1.33778e-06 	8.92779e-15
0.21815 	62.2017 	1.22281e-06 	8.76834e-15
0.218404 	62.1349 	1.22281e-06 	8.76835e-15
0.218659 	62.068 	1.22281e-06 	8.76835e-15
0.218913 	62.0011 	1.22281e-06 	8.76835e-15
0.219167 	61.9342 	1.22281e-06 	8.76836e-15
0.219421 	61.8674 	1.22281e-06 	8.76836e-15
0.219676 	61.8005 	1.22281e-06 	8.76837e-15
0.21993 	61.7336 	1.22281e-06 	8.76837e-15
0.220184 	61.6668 	1.22281e-06 	8.76838e-15
0.220438 	61.5999 	1.22281e-06 	8.76838e-15
0.220693 	61.5339 	1.1087e-06 	8.72587e-15
0.220947 	61.4721 	1.1087e-06 	8.72588e-15
0.221201 	61.4102 	1.1087e-06 	8.72588e-15
0.221455 	61.3484 	1.1087e-06 	8.72589e-15
0.22171 	61.2865 	1.1087e-06 	8.72589e-15
0.221964 	61.2247 	1.1087e-06 	8.72589e-15
0.222218 	61.1628 	1.1087e-06 	8.7259e-15
0.222472 	61.101 	1.1087e-06 	8.7259e-15
0.222727 	61.0391 	1.1087e-06 	8.72591e-15
0.222981 	60.9773 	1.1087e-06 	8.72591e-15
0.223235 	60.9159 	9.95555e-07 	8.58314e-15
0.223489 	60.859 	9.95555e-07 	8.58315e-15
0.223744 	60.802 	9.95555e-07 	8.58315e-15
0.223998 	60.7451 	9.95555e-07 	8.58315e-15
0.224252 	60.6882 	9.95555e-07 	8.58316e-15
0.224507 	60.6313 	9.95555e-07 	8.58316e-15
0.224761 	60.5744 	9.95555e-07 	8.58317e-15
0.225015 	60.5175 	9.95555e-07 	8.58317e-15
0.225269 	60.4606 	9.95555e-07 	8.58317e-15
0.225524 	60.4037 	9.95555e-07 	8.58318e-15
0.225778 	60.3468 	8.95164e-07 	5.52961e-18
0.226032 	60.2948 	8.8311e-07 	8.54968e-15
0.226286 	60.2427 	8.8311e-07 	8.54969e-15
0.226541 	60.1907 	8.8311e-07 	8.54969e-15
0.226795 	60.1387 	8.8311e-07 	8.54969e-15
0.227049 	60.0867 	8.8311e-07 	8.5497e-15
0.227303 	60.0346 	8.8311e-07 	8.5497e-15
0.227558 	59.9826 	8.8311e-07 	8.5497e-15
0.227812 	59.9306 	8.8311e-07 	8.54971e-15
0.228066 	59.8785 	8.8311e-07 	8.54971e-15
0.22832 	59.8265 	8.8311e-07 	8.54971e-15
0.228575 	59.7789 	7.7112e-07 	8.51924e-15
0.228829 	59.7316 	7.7112e-07 	8.51924e-15
0.229083 	59.6844 	7.7112e-07 	8.51925e-15
0.229337 	59.6372 	7.7112e-07 	8.51925e-15
0.229592 	59.5899 	7.7112e-07 	8.51925e-15
0.229846 	59.5427 	7.7112e-07 	8.51925e-15
0.2301 	59.4955 	7.7112e-07 	8.51926e-15
0.230354 	59.4482 	7.7112e-07 	8.51926e-15
0.230609 	59.401 	7.7112e-07 	8.51926e-15
0.230863 	59.3538 	7.7112e-07 	8.51927e-15
0.231117 	59.3104 	6.60645e-07 	8.44796e-15
0.231371 	59.2679 	6.60645e-07 	8.44796e-15
0.231626 	59.2253 	6.60645e-07 	8.44796e-15
0.23188 	59.1828 	6.60645e-07 	8.44797e-15
0.232134 	59.1403 	6.60645e-07 	8.44797e-15
0.232388 	59.0978 	6.60645e-07 	8.44797e-15
0.232643 	59.0552 	6.60645e-07 	8.44798e-15
0.232897 	59.0127 	6.60645e-07 	8.44798e-15
0.233151 	58.9702 	6.60645e-07 	8.44798e-15
0.233405 	58.9277 	6.60645e-07 	8.44798e-15
0.23366 	58.8885 	5.54643e-07 	8.38692e-15
0.233914 	58.8506 	5.54643e-07 	8.38692e-15
0.234168 	58.8127 	5.54643e-07 	8.38692e-15
0.234422 	58.7747 	5.54643e-07 	8.38692e-15
0.234677 	58.7368 	5.54643e-07 	8.38693e-15
0.234931 	58.6989 	5.54643e-07 	8.38693e-15
0.235185 	58.661 	5.54643e-07 	8.38693e-15
0.235439 	58.6231 	5.54643e-07 	8.38693e-15
0.235694 	58.5851 	5.54643e-07 	8.38693e-15
0.235948 	58.5472 	5.54643e-07 	8.38694e-15
0.236202 	58.5122 	4.54731e-07 	8.33444e-15
0.236456 	58.4787 	4.54731e-07 	8.33444e-15
0.236711 	58.4453 	4.54731e-07 	8.33444e-15
0.236965 	58.4119 	4.54731e-07 	8.33444e-15
0.237219 	58.3784 	4.54731e-07 	8.33445e-15
0.237473 	58.345 	4.54731e-07 	8.33445e-15
0.237728 	58.3116 	4.54731e-07 	8.33445e-15
0.237982 	58.2781 	4.54731e-07 	8.33445e-15
0.238236 	58.2447 	4.54731e-07 	8.33446e-15
0.23849 	58.2113 	4.54731e-07 	8.33446e-15
0.238745 	58.1802 	3.66265e-07 	8.28937e-15
0.238999 	58.1511 	3.66265e-07 	8.28937e-15
0.239253 	58.122 	3.66265e-07 	8.28937e-15
0.239508 	58.0929 	3.66265e-07 	8.28937e-15
0.239762 	58.0638 	3.66265e-07 	8.28937e-15
0.240016 	58.0347 	3.66265e-07 	8.28938e-15
0.24027 	58.0056 	3.66265e-07 	8.28938e-15
0.240525 	57.9765 	3.66265e-07 	8.28938e-15
0.240779 	57.9474 	3.66265e-07 	8.28938e-15
0.241033 	57.9183 	3.66265e-07 	8.28938e-15
0.241287 	57.8911 	2.89265e-07 	8.20425e-15
0.241542 	57.8661 	2.89265e-07 	8.20425e-15
0.241796 	57.8411 	2.89265e-07 	8.20426e-15
0.24205 	57.8162 	2.89265e-07 	8.20426e-15
0.242304 	57.7912 	2.89265e-07 	8.20426e-15
0.242559 	57.7662 	2.89265e-07 	8.20426e-15
0.242813 	57.7412 	2.89265e-07 	8.20426e-15
0.243067 	57.7163 	2.89265e-07 	8.20426e-15
0.243321 	57.6913 	2.89265e-07 	8.20427e-15
0.243576 	57.6663 	2.89265e-07 	8.20427e-15
0.24383 	57.6427 	2.2098e-07 	8.16953e-15
0.244084 	57.6216 	2.2098e-07 	8.16953e-15
0.244338 	57.6004 	2.2098e-07 	8.16953e-15
0.244593 	57.5793 	2.2098e-07 	8.16953e-15
0.244847 	57.5582 	2.2098e-07 	8.16953e-15
0.245101 	57.537 	2.2098e-07 	8.16953e-15
0.245355 	57.5159 	2.2098e-07 	8.16954e-15
0.24561 	57.4947 	2.2098e-07 	8.16954e-15
0.245864 	57.4736 	2.2098e-07 	8.16954e-15
0.246118 	57.4524 	2.2098e-07 	8.16954e-15
0.246372 	57.4323 	1.62198e-07 	8.19638e-15
0.246627 	57.4146 	1.62198e-07 	8.19638e-15
0.246881 	57.3969 	1.62198e-07 	8.19639e-15
0.247135 	57.3793 	1.62198e-07 	8.19639e-15
0.247389 	57.3616 	1.62198e-07 	8.19639e-15
0.247644 	57.3439 	1.62198e-07 	8.19639e-15
0.247898 	57.3263 	1.62198e-07 	8.19639e-15
0.248152 	57.3086 	1.62198e-07 	8.19639e-15
0.248406 	57.2909 	1.62198e-07 	8.19639e-15
0.248661 	57.2733 	1.62198e-07 	8.19639e-15
0.248915 	57.255 	1.1509e-07 	8.16628e-15
0.249169 	57.2337 	1.1509e-07 	8.16628e-15
0.249423 	57.2124 	1.1509e-07 	8.16628e-15
0.249678 	57.1911 	1.1509e-07 	8.16629e-15
0.249932 	57.1699 	1.1509e-07 	8.16629e-15
0.250186 	57.1486 	1.1509e-07 	8.16629e-15
0.25044 	57.1273 	1.1509e-07 	8.16629e-15
0.250695 	57.1061 	1.1509e-07 	8.16629e-15
0.250949 	57.0848 	1.1509e-07 	8.16629e-15
0.251203 	57.0635 	1.1509e-07 	8.16629e-15
0.251457 	57.043 	8.24487e-08 	8.14586e-15
0.251712 	57.0297 	8.24487e-08 	8.14586e-15
0.251966 	57.0165 	8.24487e-08 	8.14586e-15
0.25222 	57.0032 	8.24487e-08 	8.14586e-15
0.252474 	56.9899 	8.24487e-08 	8.14587e-15
0.252729 	56.9767 	8.24487e-08 	8.14587e-15
0.252983 	56.9634 	8.24487e-08 	8.14587e-15
0.253237 	56.9502 	8.24487e-08 	8.14587e-15
0.253491 	56.9369 	8.24487e-08 	8.14587e-15
0.253746 	56.9236 	8.24487e-08 	8.14587e-15
0.254 	56.9104 	1.92564e-07 	4.35775e-18
