0 	31.9109 	-2.73578e-07 	8.20344e-19
0.000254254 	31.9166 	-2.73843e-07 	2.58936e-15
0.000508509 	31.9224 	-2.73843e-07 	2.58936e-15
0.000762763 	31.9282 	-2.73843e-07 	2.58936e-15
0.00101702 	31.934 	-2.73843e-07 	2.58936e-15
0.00127127 	31.9397 	-2.73843e-07 	2.58936e-15
0.00152553 	31.9455 	-2.73843e-07 	2.58936e-15
0.00177978 	31.9513 	-2.73843e-07 	2.58936e-15
0.00203403 	31.9571 	-2.73843e-07 	2.58936e-15
0.00228829 	31.9628 	-2.73843e-07 	2.58936e-15
0.00254254 	31.9686 	-2.73843e-07 	2.58936e-15
0.0027968 	31.982 	-2.7929e-07 	2.5903e-15
0.00305105 	31.9962 	-2.7929e-07 	2.5903e-15
0.00330531 	32.0104 	-2.7929e-07 	2.59029e-15
0.00355956 	32.0246 	-2.7929e-07 	2.59029e-15
0.00381381 	32.0389 	-2.7929e-07 	2.59029e-15
0.00406807 	32.0531 	-2.7929e-07 	2.59029e-15
0.00432232 	32.0673 	-2.7929e-07 	2.59029e-15
0.00457658 	32.0815 	-2.7929e-07 	2.59029e-15
0.00483083 	32.0957 	-2.7929e-07 	2.59029e-15
0.00508509 	32.1099 	-2.7929e-07 	2.59029e-15
0.00533934 	32.1266 	-3.0266e-07 	2.63508e-15
0.00559359 	32.1439 	-3.0266e-07 	2.63508e-15
0.00584785 	32.1612 	-3.0266e-07 	2.63508e-15
0.0061021 	32.1785 	-3.0266e-07 	2.63508e-15
0.00635636 	32.1958 	-3.0266e-07 	2.63508e-15
0.00661061 	32.2131 	-3.0266e-07 	2.63507e-15
0.00686486 	32.2303 	-3.0266e-07 	2.63507e-15
0.00711912 	32.2476 	-3.0266e-07 	2.63507e-15
0.00737337 	32.2649 	-3.0266e-07 	2.63507e-15
0.00762763 	32.2822 	-3.0266e-07 	2.63507e-15
0.00788188 	32.3003 	-3.4304e-07 	2.63882e-15
0.00813614 	32.3186 	-3.4304e-07 	2.63882e-15
0.00839039 	32.3369 	-3.4304e-07 	2.63882e-15
0.00864464 	32.3552 	-3.4304e-07 	2.63882e-15
0.0088989 	32.3735 	-3.4304e-07 	2.63882e-15
0.00915315 	32.3919 	-3.4304e-07 	2.63882e-15
0.00940741 	32.4102 	-3.4304e-07 	2.63882e-15
0.00966166 	32.4285 	-3.4304e-07 	2.63882e-15
0.00991592 	32.4468 	-3.4304e-07 	2.63882e-15
0.0101702 	32.4652 	-3.4304e-07 	2.63881e-15
0.0104244 	32.4846 	-3.96567e-07 	2.68397e-15
0.0106787 	32.5048 	-3.96567e-07 	2.68397e-15
0.0109329 	32.525 	-3.96567e-07 	2.68397e-15
0.0111872 	32.5451 	-3.96567e-07 	2.68396e-15
0.0114414 	32.5653 	-3.96567e-07 	2.68396e-15
0.0116957 	32.5854 	-3.96567e-07 	2.68396e-15
0.0119499 	32.6056 	-3.96567e-07 	2.68396e-15
0.0122042 	32.6258 	-3.96567e-07 	2.68396e-15
0.0124585 	32.6459 	-3.96567e-07 	2.68396e-15
0.0127127 	32.6661 	-3.96567e-07 	2.68396e-15
0.012967 	32.6878 	-4.59771e-07 	2.74505e-15
0.0132212 	32.7109 	-4.59771e-07 	2.74505e-15
0.0134755 	32.734 	-4.59771e-07 	2.74505e-15
0.0137297 	32.7571 	-4.59771e-07 	2.74504e-15
0.013984 	32.7801 	-4.59771e-07 	2.74504e-15
0.0142382 	32.8032 	-4.59771e-07 	2.74504e-15
0.0144925 	32.8263 	-4.59771e-07 	2.74504e-15
0.0147467 	32.8494 	-4.59771e-07 	2.74504e-15
0.015001 	32.8725 	-4.59771e-07 	2.74504e-15
0.0152553 	32.8956 	-4.59771e-07 	2.74504e-15
0.0155095 	32.9203 	-5.30027e-07 	2.75922e-15
0.0157638 	32.947 	-5.30027e-07 	2.75921e-15
0.016018 	32.9737 	-5.30027e-07 	2.75921e-15
0.0162723 	33.0004 	-5.30027e-07 	2.75921e-15
0.0165265 	33.0271 	-5.30027e-07 	2.75921e-15
0.0167808 	33.0537 	-5.30027e-07 	2.75921e-15
0.017035 	33.0804 	-5.30027e-07 	2.75921e-15
0.0172893 	33.1071 	-5.30027e-07 	2.7592e-15
0.0175435 	33.1338 	-5.30027e-07 	2.7592e-15
0.0177978 	33.1605 	-5.30027e-07 	2.7592e-15
0.0180521 	33.1887 	-6.055e-07 	2.77941e-15
0.0183063 	33.2194 	-6.055e-07 	2.77941e-15
0.0185606 	33.25 	-6.055e-07 	2.7794e-15
0.0188148 	33.2807 	-6.055e-07 	2.7794e-15
0.0190691 	33.3114 	-6.055e-07 	2.7794e-15
0.0193233 	33.3421 	-6.055e-07 	2.7794e-15
0.0195776 	33.3728 	-6.055e-07 	2.7794e-15
0.0198318 	33.4035 	-6.055e-07 	2.77939e-15
0.0200861 	33.4341 	-6.055e-07 	2.77939e-15
0.0203403 	33.4648 	-6.055e-07 	2.77939e-15
0.0205946 	33.4967 	-6.85033e-07 	2.80248e-15
0.0208488 	33.5316 	-6.85033e-07 	2.80247e-15
0.0211031 	33.5665 	-6.85033e-07 	2.80247e-15
0.0213574 	33.6014 	-6.85033e-07 	2.80247e-15
0.0216116 	33.6363 	-6.85033e-07 	2.80247e-15
0.0218659 	33.6712 	-6.85033e-07 	2.80247e-15
0.0221201 	33.7061 	-6.85033e-07 	2.80246e-15
0.0223744 	33.741 	-6.85033e-07 	2.80246e-15
0.0226286 	33.7759 	-6.85033e-07 	2.80246e-15
0.0228829 	33.8108 	-6.85033e-07 	2.80246e-15
0.0231371 	33.8465 	-7.67961e-07 	2.82864e-15
0.0233914 	33.8859 	-7.67961e-07 	2.82863e-15
0.0236456 	33.9252 	-7.67961e-07 	2.82863e-15
0.0238999 	33.9645 	-7.67961e-07 	2.82863e-15
0.0241542 	34.0038 	-7.67961e-07 	2.82863e-15
0.0244084 	34.0431 	-7.67961e-07 	2.82862e-15
0.0246627 	34.0825 	-7.67961e-07 	2.82862e-15
0.0249169 	34.1218 	-7.67961e-07 	2.82862e-15
0.0251712 	34.1611 	-7.67961e-07 	2.82862e-15
0.0254254 	34.2004 	-7.67961e-07 	2.82861e-15
0.0256797 	34.2402 	-8.53734e-07 	2.85838e-15
0.0259339 	34.2841 	-8.53734e-07 	2.85838e-15
0.0261882 	34.328 	-8.53734e-07 	2.85838e-15
0.0264424 	34.3719 	-8.53734e-07 	2.85837e-15
0.0266967 	34.4158 	-8.53734e-07 	2.85837e-15
0.026951 	34.4597 	-8.53734e-07 	2.85837e-15
0.0272052 	34.5036 	-8.53734e-07 	2.85837e-15
0.0274595 	34.5476 	-8.53734e-07 	2.85836e-15
0.0277137 	34.5915 	-8.53734e-07 	2.85836e-15
0.027968 	34.6354 	-8.53734e-07 	2.85836e-15
0.0282222 	34.6793 	-9.91971e-07 	-9.09068e-19
0.0284765 	34.728 	-9.41005e-07 	2.89207e-15
0.0287307 	34.7767 	-9.41005e-07 	2.89207e-15
0.028985 	34.8253 	-9.41005e-07 	2.89206e-15
0.0292392 	34.874 	-9.41005e-07 	2.89206e-15
0.0294935 	34.9227 	-9.41005e-07 	2.89206e-15
0.0297477 	34.9714 	-9.41005e-07 	2.89205e-15
0.030002 	35.0201 	-9.41005e-07 	2.89205e-15
0.0302563 	35.0688 	-9.41005e-07 	2.89205e-15
0.0305105 	35.1174 	-9.41005e-07 	2.89204e-15
0.0307648 	35.1661 	-9.41005e-07 	2.89204e-15
0.031019 	35.2193 	-1.02772e-06 	2.96067e-15
0.0312733 	35.2729 	-1.02772e-06 	2.96066e-15
0.0315275 	35.3266 	-1.02772e-06 	2.96066e-15
0.0317818 	35.3802 	-1.02772e-06 	2.96066e-15
0.032036 	35.4338 	-1.02772e-06 	2.96065e-15
0.0322903 	35.4875 	-1.02772e-06 	2.96065e-15
0.0325445 	35.5411 	-1.02772e-06 	2.96065e-15
0.0327988 	35.5948 	-1.02772e-06 	2.96064e-15
0.0330531 	35.6484 	-1.02772e-06 	2.96064e-15
0.0333073 	35.702 	-1.02772e-06 	2.96064e-15
0.0335616 	35.7599 	-1.11587e-06 	2.96107e-15
0.0338158 	35.8186 	-1.11587e-06 	2.96107e-15
0.0340701 	35.8774 	-1.11587e-06 	2.96106e-15
0.0343243 	35.9362 	-1.11587e-06 	2.96106e-15
0.0345786 	35.995 	-1.11587e-06 	2.96106e-15
0.0348328 	36.0537 	-1.11587e-06 	2.96105e-15
0.0350871 	36.1125 	-1.11587e-06 	2.96105e-15
0.0353413 	36.1713 	-1.11587e-06 	2.96104e-15
0.0355956 	36.2301 	-1.11587e-06 	2.96104e-15
0.0358498 	36.2889 	-1.11587e-06 	2.96104e-15
0.0361041 	36.3515 	-1.20658e-06 	3.05586e-15
0.0363584 	36.4156 	-1.20658e-06 	3.05585e-15
0.0366126 	36.4797 	-1.20658e-06 	3.05585e-15
0.0368669 	36.5438 	-1.20658e-06 	3.05584e-15
0.0371211 	36.608 	-1.20658e-06 	3.05584e-15
0.0373754 	36.6721 	-1.20658e-06 	3.05584e-15
0.0376296 	36.7362 	-1.20658e-06 	3.05583e-15
0.0378839 	36.8003 	-1.20658e-06 	3.05583e-15
0.0381381 	36.8644 	-1.20658e-06 	3.05582e-15
0.0383924 	36.9285 	-1.20658e-06 	3.05582e-15
0.0386466 	36.9962 	-1.30168e-06 	3.16185e-15
0.0389009 	37.0658 	-1.30168e-06 	3.16184e-15
0.0391552 	37.1355 	-1.30168e-06 	3.16184e-15
0.0394094 	37.2051 	-1.30168e-06 	3.16183e-15
0.0396637 	37.2748 	-1.30168e-06 	3.16183e-15
0.0399179 	37.3444 	-1.30168e-06 	3.16183e-15
0.0401722 	37.4141 	-1.30168e-06 	3.16182e-15
0.0404264 	37.4837 	-1.30168e-06 	3.16182e-15
0.0406807 	37.5534 	-1.30168e-06 	3.16181e-15
0.0409349 	37.623 	-1.30168e-06 	3.16181e-15
0.0411892 	37.6958 	-1.4006e-06 	3.26956e-15
0.0414434 	37.7712 	-1.4006e-06 	3.26955e-15
0.0416977 	37.8466 	-1.4006e-06 	3.26955e-15
0.041952 	37.9221 	-1.4006e-06 	3.26954e-15
0.0422062 	37.9975 	-1.4006e-06 	3.26954e-15
0.0424605 	38.0729 	-1.4006e-06 	3.26954e-15
0.0427147 	38.1483 	-1.4006e-06 	3.26953e-15
0.042969 	38.2237 	-1.4006e-06 	3.26953e-15
0.0432232 	38.2991 	-1.4006e-06 	3.26952e-15
0.0434775 	38.3745 	-1.4006e-06 	3.26952e-15
0.0437317 	38.4526 	-1.50297e-06 	3.32896e-15
0.043986 	38.534 	-1.50297e-06 	3.32895e-15
0.0442402 	38.6154 	-1.50297e-06 	3.32894e-15
0.0444945 	38.6968 	-1.50297e-06 	3.32894e-15
0.0447487 	38.7782 	-1.50297e-06 	3.32893e-15
0.045003 	38.8596 	-1.50297e-06 	3.32893e-15
0.0452573 	38.941 	-1.50297e-06 	3.32892e-15
0.0455115 	39.0224 	-1.50297e-06 	3.32892e-15
0.0457658 	39.1038 	-1.50297e-06 	3.32891e-15
0.04602 	39.1852 	-1.50297e-06 	3.32891e-15
0.0462743 	39.2688 	-1.60868e-06 	3.35132e-15
0.0465285 	39.3565 	-1.60868e-06 	3.35131e-15
0.0467828 	39.4441 	-1.60868e-06 	3.35131e-15
0.047037 	39.5317 	-1.60868e-06 	3.3513e-15
0.0472913 	39.6193 	-1.60868e-06 	3.3513e-15
0.0475455 	39.7069 	-1.60868e-06 	3.35129e-15
0.0477998 	39.7945 	-1.60868e-06 	3.35129e-15
0.0480541 	39.8821 	-1.60868e-06 	3.35128e-15
0.0483083 	39.9698 	-1.60868e-06 	3.35128e-15
0.0485626 	40.0574 	-1.60868e-06 	3.35127e-15
0.0488168 	40.1468 	-1.71754e-06 	3.38745e-15
0.0490711 	40.2408 	-1.71754e-06 	3.38744e-15
0.0493253 	40.3349 	-1.71754e-06 	3.38744e-15
0.0495796 	40.429 	-1.71754e-06 	3.38743e-15
0.0498338 	40.5231 	-1.71754e-06 	3.38742e-15
0.0500881 	40.6172 	-1.71754e-06 	3.38742e-15
0.0503423 	40.7112 	-1.71754e-06 	3.38741e-15
0.0505966 	40.8053 	-1.71754e-06 	3.38741e-15
0.0508509 	40.8994 	-1.71754e-06 	3.3874e-15
0.0511051 	40.9935 	-1.71754e-06 	3.38739e-15
0.0513594 	41.0888 	-1.82928e-06 	3.45987e-15
0.0516136 	41.1896 	-1.82928e-06 	3.45987e-15
0.0518679 	41.2904 	-1.82928e-06 	3.45986e-15
0.0521221 	41.3912 	-1.82928e-06 	3.45985e-15
0.0523764 	41.492 	-1.82928e-06 	3.45985e-15
0.0526306 	41.5928 	-1.82928e-06 	3.45984e-15
0.0528849 	41.6936 	-1.82928e-06 	3.45983e-15
0.0531391 	41.7944 	-1.82928e-06 	3.45983e-15
0.0533934 	41.8952 	-1.82928e-06 	3.45982e-15
0.0536476 	41.996 	-1.82928e-06 	3.45981e-15
0.0539019 	42.0974 	-1.94344e-06 	3.51161e-15
0.0541562 	42.2052 	-1.94344e-06 	3.5116e-15
0.0544104 	42.313 	-1.94344e-06 	3.51159e-15
0.0546647 	42.4208 	-1.94344e-06 	3.51159e-15
0.0549189 	42.5286 	-1.94344e-06 	3.51158e-15
0.0551732 	42.6363 	-1.94344e-06 	3.51157e-15
0.0554274 	42.7441 	-1.94344e-06 	3.51157e-15
0.0556817 	42.8519 	-1.94344e-06 	3.51156e-15
0.0559359 	42.9597 	-1.94344e-06 	3.51155e-15
0.0561902 	43.0674 	-1.94344e-06 	3.51155e-15
0.0564444 	43.1752 	-2.31394e-06 	-1.10926e-18
0.0566987 	43.2902 	-2.05934e-06 	3.5957e-15
0.056953 	43.4052 	-2.05934e-06 	3.5957e-15
0.0572072 	43.5202 	-2.05934e-06 	3.59569e-15
0.0574615 	43.6352 	-2.05934e-06 	3.59568e-15
0.0577157 	43.7503 	-2.05934e-06 	3.59567e-15
0.05797 	43.8653 	-2.05934e-06 	3.59567e-15
0.0582242 	43.9803 	-2.05934e-06 	3.59566e-15
0.0584785 	44.0953 	-2.05934e-06 	3.59565e-15
0.0587327 	44.2103 	-2.05934e-06 	3.59564e-15
0.058987 	44.3253 	-2.05934e-06 	3.59564e-15
0.0592412 	44.4471 	-2.17592e-06 	3.69112e-15
0.0594955 	44.5696 	-2.17592e-06 	3.69111e-15
0.0597497 	44.6921 	-2.17592e-06 	3.6911e-15
0.060004 	44.8146 	-2.17592e-06 	3.69109e-15
0.0602583 	44.9371 	-2.17592e-06 	3.69109e-15
0.0605125 	45.0596 	-2.17592e-06 	3.69108e-15
0.0607668 	45.1821 	-2.17592e-06 	3.69107e-15
0.061021 	45.3046 	-2.17592e-06 	3.69106e-15
0.0612753 	45.427 	-2.17592e-06 	3.69105e-15
0.0615295 	45.5495 	-2.17592e-06 	3.69105e-15
0.0617838 	45.6783 	-2.2932e-06 	3.84706e-15
0.062038 	45.8086 	-2.2932e-06 	3.84705e-15
0.0622923 	45.9388 	-2.2932e-06 	3.84704e-15
0.0625465 	46.069 	-2.2932e-06 	3.84703e-15
0.0628008 	46.1992 	-2.2932e-06 	3.84702e-15
0.0630551 	46.3294 	-2.2932e-06 	3.84701e-15
0.0633093 	46.4597 	-2.2932e-06 	3.84701e-15
0.0635636 	46.5899 	-2.2932e-06 	3.847e-15
0.0638178 	46.7201 	-2.2932e-06 	3.84699e-15
0.0640721 	46.8503 	-2.2932e-06 	3.84698e-15
0.0643263 	46.9863 	-2.41071e-06 	3.89524e-15
0.0645806 	47.1245 	-2.41071e-06 	3.89523e-15
0.0648348 	47.2627 	-2.41071e-06 	3.89522e-15
0.0650891 	47.4009 	-2.41071e-06 	3.89521e-15
0.0653433 	47.539 	-2.41071e-06 	3.8952e-15
0.0655976 	47.6772 	-2.41071e-06 	3.89519e-15
0.0658519 	47.8154 	-2.41071e-06 	3.89518e-15
0.0661061 	47.9536 	-2.41071e-06 	3.89517e-15
0.0663604 	48.0917 	-2.41071e-06 	3.89516e-15
0.0666146 	48.2299 	-2.41071e-06 	3.89516e-15
0.0668689 	48.3733 	-2.52742e-06 	4.01503e-15
0.0671231 	48.5197 	-2.52742e-06 	4.01502e-15
0.0673774 	48.6661 	-2.52742e-06 	4.01501e-15
0.0676316 	48.8124 	-2.52742e-06 	4.015e-15
0.0678859 	48.9588 	-2.52742e-06 	4.01499e-15
0.0681401 	49.1052 	-2.52742e-06 	4.01499e-15
0.0683944 	49.2515 	-2.52742e-06 	4.01498e-15
0.0686486 	49.3979 	-2.52742e-06 	4.01497e-15
0.0689029 	49.5443 	-2.52742e-06 	4.01496e-15
0.0691572 	49.6907 	-2.52742e-06 	4.01495e-15
0.0694114 	49.8416 	-2.64175e-06 	4.13373e-15
0.0696657 	49.9964 	-2.64175e-06 	4.13372e-15
0.0699199 	50.1512 	-2.64175e-06 	4.13371e-15
0.0701742 	50.306 	-2.64175e-06 	4.1337e-15
0.0704284 	50.4608 	-2.64175e-06 	4.13369e-15
0.0706827 	50.6156 	-2.64175e-06 	4.13368e-15
0.0709369 	50.7704 	-2.64175e-06 	4.13367e-15
0.0711912 	50.9252 	-2.64175e-06 	4.13366e-15
0.0714454 	51.08 	-2.64175e-06 	4.13365e-15
0.0716997 	51.2348 	-2.64175e-06 	4.13364e-15
0.071954 	51.3935 	-2.74361e-06 	4.25638e-15
0.0722082 	51.5569 	-2.74361e-06 	4.25637e-15
0.0724625 	51.7203 	-2.74361e-06 	4.25636e-15
0.0727167 	51.8836 	-2.74361e-06 	4.25635e-15
0.072971 	52.047 	-2.74361e-06 	4.25634e-15
0.0732252 	52.2104 	-2.74361e-06 	4.25633e-15
0.0734795 	52.3738 	-2.74361e-06 	4.25632e-15
0.0737337 	52.5372 	-2.74361e-06 	4.25631e-15
0.073988 	52.7006 	-2.74361e-06 	4.2563e-15
0.0742422 	52.864 	-2.74361e-06 	4.25629e-15
0.0744965 	53.0306 	-2.82448e-06 	4.38402e-15
0.0747508 	53.2026 	-2.82448e-06 	4.38401e-15
0.075005 	53.3747 	-2.82448e-06 	4.384e-15
0.0752593 	53.5468 	-2.82448e-06 	4.38399e-15
0.0755135 	53.7189 	-2.82448e-06 	4.38398e-15
0.0757678 	53.8909 	-2.82448e-06 	4.38397e-15
0.076022 	54.063 	-2.82448e-06 	4.38396e-15
0.0762763 	54.2351 	-2.82448e-06 	4.38394e-15
0.0765305 	54.4072 	-2.82448e-06 	4.38393e-15
0.0767848 	54.5792 	-2.82448e-06 	4.38392e-15
0.077039 	54.7537 	-2.8879e-06 	4.46058e-15
0.0772933 	54.9344 	-2.8879e-06 	4.46056e-15
0.0775475 	55.1152 	-2.8879e-06 	4.46055e-15
0.0778018 	55.296 	-2.8879e-06 	4.46054e-15
0.0780561 	55.4767 	-2.8879e-06 	4.46053e-15
0.0783103 	55.6575 	-2.8879e-06 	4.46052e-15
0.0785646 	55.8382 	-2.8879e-06 	4.46051e-15
0.0788188 	56.019 	-2.8879e-06 	4.46049e-15
0.0790731 	56.1997 	-2.8879e-06 	4.46048e-15
0.0793273 	56.3805 	-2.8879e-06 	4.46047e-15
0.0795816 	56.5628 	-2.91305e-06 	4.59595e-15
0.0798358 	56.7521 	-2.91305e-06 	4.59593e-15
0.0800901 	56.9415 	-2.91305e-06 	4.59592e-15
0.0803443 	57.1308 	-2.91305e-06 	4.59591e-15
0.0805986 	57.3201 	-2.91305e-06 	4.5959e-15
0.0808529 	57.5095 	-2.91305e-06 	4.59589e-15
0.0811071 	57.6988 	-2.91305e-06 	4.59587e-15
0.0813614 	57.8881 	-2.91305e-06 	4.59586e-15
0.0816156 	58.0775 	-2.91305e-06 	4.59585e-15
0.0818699 	58.2668 	-2.91305e-06 	4.59584e-15
0.0821241 	58.4569 	-2.91878e-06 	4.73142e-15
0.0823784 	58.6546 	-2.91878e-06 	4.73141e-15
0.0826326 	58.8523 	-2.91878e-06 	4.73139e-15
0.0828869 	59.05 	-2.91878e-06 	4.73138e-15
0.0831411 	59.2478 	-2.91878e-06 	4.73137e-15
0.0833954 	59.4455 	-2.91878e-06 	4.73136e-15
0.0836496 	59.6432 	-2.91878e-06 	4.73134e-15
0.0839039 	59.8409 	-2.91878e-06 	4.73133e-15
0.0841582 	60.0386 	-2.91878e-06 	4.73132e-15
0.0844124 	60.2363 	-2.91878e-06 	4.73131e-15
0.0846667 	60.434 	-3.844e-06 	1.1636e-17
0.0849209 	60.6398 	-2.92567e-06 	4.86911e-15
0.0851752 	60.8455 	-2.92567e-06 	4.8691e-15
0.0854294 	61.0513 	-2.92567e-06 	4.86908e-15
0.0856837 	61.2571 	-2.92567e-06 	4.86907e-15
0.0859379 	61.4628 	-2.92567e-06 	4.86906e-15
0.0861922 	61.6686 	-2.92567e-06 	4.86904e-15
0.0864464 	61.8744 	-2.92567e-06 	4.86903e-15
0.0867007 	62.0802 	-2.92567e-06 	4.86902e-15
0.086955 	62.2859 	-2.92567e-06 	4.869e-15
0.0872092 	62.4917 	-2.92567e-06 	4.86899e-15
0.0874635 	62.7044 	-2.94555e-06 	5.00846e-15
0.0877177 	62.9178 	-2.94555e-06 	5.00844e-15
0.087972 	63.1312 	-2.94555e-06 	5.00843e-15
0.0882262 	63.3446 	-2.94555e-06 	5.00842e-15
0.0884805 	63.558 	-2.94555e-06 	5.0084e-15
0.0887347 	63.7714 	-2.94555e-06 	5.00839e-15
0.088989 	63.9847 	-2.94555e-06 	5.00837e-15
0.0892432 	64.1981 	-2.94555e-06 	5.00836e-15
0.0894975 	64.4115 	-2.94555e-06 	5.00835e-15
0.0897518 	64.6249 	-2.94555e-06 	5.00833e-15
0.090006 	64.8441 	-2.95799e-06 	5.14866e-15
0.0902603 	65.0646 	-2.95799e-06 	5.14865e-15
0.0905145 	65.285 	-2.95799e-06 	5.14863e-15
0.0907688 	65.5055 	-2.95799e-06 	5.14862e-15
0.091023 	65.7259 	-2.95799e-06 	5.14861e-15
0.0912773 	65.9464 	-2.95799e-06 	5.14859e-15
0.0915315 	66.1668 	-2.95799e-06 	5.14858e-15
0.0917858 	66.3873 	-2.95799e-06 	5.14856e-15
0.09204 	66.6077 	-2.95799e-06 	5.14855e-15
0.0922943 	66.8282 	-2.95799e-06 	5.14854e-15
0.0925485 	67.0532 	-2.93755e-06 	5.28855e-15
0.0928028 	67.28 	-2.93755e-06 	5.28853e-15
0.0930571 	67.5068 	-2.93755e-06 	5.28852e-15
0.0933113 	67.7335 	-2.93755e-06 	5.2885e-15
0.0935656 	67.9603 	-2.93755e-06 	5.28849e-15
0.0938198 	68.1871 	-2.93755e-06 	5.28847e-15
0.0940741 	68.4138 	-2.93755e-06 	5.28846e-15
0.0943283 	68.6406 	-2.93755e-06 	5.28844e-15
0.0945826 	68.8674 	-2.93755e-06 	5.28843e-15
0.0948368 	69.0941 	-2.93755e-06 	5.28842e-15
0.0950911 	69.3242 	-2.89199e-06 	5.38709e-15
0.0953453 	69.5562 	-2.89199e-06 	5.38707e-15
0.0955996 	69.7882 	-2.89199e-06 	5.38706e-15
0.0958539 	70.0202 	-2.89199e-06 	5.38704e-15
0.0961081 	70.2522 	-2.89199e-06 	5.38703e-15
0.0963624 	70.4842 	-2.89199e-06 	5.38701e-15
0.0966166 	70.7162 	-2.89199e-06 	5.387e-15
0.0968709 	70.9482 	-2.89199e-06 	5.38698e-15
0.0971251 	71.1802 	-2.89199e-06 	5.38697e-15
0.0973794 	71.4122 	-2.89199e-06 	5.38695e-15
0.0976336 	71.6463 	-2.82078e-06 	5.55682e-15
0.0978879 	71.882 	-2.82078e-06 	5.55681e-15
0.0981421 	72.1178 	-2.82078e-06 	5.55679e-15
0.0983964 	72.3536 	-2.82078e-06 	5.55678e-15
0.0986507 	72.5893 	-2.82078e-06 	5.55676e-15
0.0989049 	72.8251 	-2.82078e-06 	5.55675e-15
0.0991592 	73.0609 	-2.82078e-06 	5.55673e-15
0.0994134 	73.2966 	-2.82078e-06 	5.55672e-15
0.0996677 	73.5324 	-2.82078e-06 	5.5567e-15
0.0999219 	73.7682 	-2.82078e-06 	5.55669e-15
0.100176 	74.0048 	-2.70791e-06 	5.73438e-15
0.10043 	74.2426 	-2.70791e-06 	5.73436e-15
0.100685 	74.4803 	-2.70791e-06 	5.73435e-15
0.100939 	74.7181 	-2.70791e-06 	5.73433e-15
0.101193 	74.9558 	-2.70791e-06 	5.73431e-15
0.101447 	75.1936 	-2.70791e-06 	5.7343e-15
0.101702 	75.4313 	-2.70791e-06 	5.73428e-15
0.101956 	75.6691 	-2.70791e-06 	5.73427e-15
0.10221 	75.9068 	-2.70791e-06 	5.73425e-15
0.102464 	76.1445 	-2.70791e-06 	5.73424e-15
0.102719 	76.3822 	-2.52926e-06 	5.86387e-15
0.102973 	76.6198 	-2.52926e-06 	5.86385e-15
0.103227 	76.8574 	-2.52926e-06 	5.86384e-15
0.103481 	77.0949 	-2.52926e-06 	5.86382e-15
0.103736 	77.3325 	-2.52926e-06 	5.8638e-15
0.10399 	77.5701 	-2.52926e-06 	5.86379e-15
0.104244 	77.8077 	-2.52926e-06 	5.86377e-15
0.104498 	78.0452 	-2.52926e-06 	5.86376e-15
0.104753 	78.2828 	-2.52926e-06 	5.86374e-15
0.105007 	78.5204 	-2.52926e-06 	5.86373e-15
0.105261 	78.7572 	-2.34146e-06 	6.03584e-15
0.105516 	78.9922 	-2.34146e-06 	6.03583e-15
0.10577 	79.2272 	-2.34146e-06 	6.03581e-15
0.106024 	79.4622 	-2.34146e-06 	6.0358e-15
0.106278 	79.6971 	-2.34146e-06 	6.03578e-15
0.106533 	79.9321 	-2.34146e-06 	6.03577e-15
0.106787 	80.1671 	-2.34146e-06 	6.03575e-15
0.107041 	80.4021 	-2.34146e-06 	6.03574e-15
0.107295 	80.637 	-2.34146e-06 	6.03572e-15
0.10755 	80.872 	-2.34146e-06 	6.0357e-15
0.107804 	81.106 	-2.05698e-06 	6.19936e-15
0.108058 	81.3359 	-2.05698e-06 	6.19935e-15
0.108312 	81.5657 	-2.05698e-06 	6.19933e-15
0.108567 	81.7955 	-2.05698e-06 	6.19932e-15
0.108821 	82.0253 	-2.05698e-06 	6.19931e-15
0.109075 	82.2551 	-2.05698e-06 	6.19929e-15
0.109329 	82.4849 	-2.05698e-06 	6.19928e-15
0.109584 	82.7147 	-2.05698e-06 	6.19926e-15
0.109838 	82.9445 	-2.05698e-06 	6.19925e-15
0.110092 	83.1744 	-2.05698e-06 	6.19923e-15
0.110346 	83.4034 	-1.76558e-06 	6.28534e-15
0.110601 	83.6252 	-1.76558e-06 	6.28533e-15
0.110855 	83.847 	-1.76558e-06 	6.28531e-15
0.111109 	84.0688 	-1.76558e-06 	6.2853e-15
0.111363 	84.2907 	-1.76558e-06 	6.28529e-15
0.111618 	84.5125 	-1.76558e-06 	6.28527e-15
0.111872 	84.7343 	-1.76558e-06 	6.28526e-15
0.112126 	84.9561 	-1.76558e-06 	6.28524e-15
0.11238 	85.1779 	-1.76558e-06 	6.28523e-15
0.112635 	85.3997 	-1.76558e-06 	6.28521e-15
0.112889 	85.6215 	-2.87216e-06 	2.22623e-17
0.113143 	85.8322 	-1.42509e-06 	6.36301e-15
0.113397 	86.0429 	-1.42509e-06 	6.363e-15
0.113652 	86.2536 	-1.42509e-06 	6.36298e-15
0.113906 	86.4643 	-1.42509e-06 	6.36297e-15
0.11416 	86.675 	-1.42509e-06 	6.36295e-15
0.114414 	86.8857 	-1.42509e-06 	6.36294e-15
0.114669 	87.0964 	-1.42509e-06 	6.36293e-15
0.114923 	87.3071 	-1.42509e-06 	6.36291e-15
0.115177 	87.5178 	-1.42509e-06 	6.3629e-15
0.115431 	87.7285 	-1.42509e-06 	6.36289e-15
0.115686 	87.9261 	-1.01439e-06 	6.41991e-15
0.11594 	88.1224 	-1.01439e-06 	6.4199e-15
0.116194 	88.3187 	-1.01439e-06 	6.41989e-15
0.116448 	88.5151 	-1.01439e-06 	6.41988e-15
0.116703 	88.7114 	-1.01439e-06 	6.41986e-15
0.116957 	88.9077 	-1.01439e-06 	6.41985e-15
0.117211 	89.104 	-1.01439e-06 	6.41984e-15
0.117465 	89.3003 	-1.01439e-06 	6.41983e-15
0.11772 	89.4966 	-1.01439e-06 	6.41981e-15
0.117974 	89.6929 	-1.01439e-06 	6.4198e-15
0.118228 	89.8746 	-6.01993e-07 	6.45818e-15
0.118482 	90.0531 	-6.01993e-07 	6.45817e-15
0.118737 	90.2315 	-6.01993e-07 	6.45816e-15
0.118991 	90.41 	-6.01993e-07 	6.45815e-15
0.119245 	90.5884 	-6.01993e-07 	6.45814e-15
0.119499 	90.7669 	-6.01993e-07 	6.45813e-15
0.119754 	90.9453 	-6.01993e-07 	6.45812e-15
0.120008 	91.1238 	-6.01993e-07 	6.4581e-15
0.120262 	91.3022 	-6.01993e-07 	6.45809e-15
0.120517 	91.4807 	-6.01993e-07 	6.45808e-15
0.120771 	91.6437 	-1.90899e-07 	6.47847e-15
0.121025 	91.8009 	-1.90899e-07 	6.47846e-15
0.121279 	91.9581 	-1.90899e-07 	6.47845e-15
0.121534 	92.1153 	-1.90899e-07 	6.47844e-15
0.121788 	92.2725 	-1.90899e-07 	6.47843e-15
0.122042 	92.4297 	-1.90899e-07 	6.47842e-15
0.122296 	92.587 	-1.90899e-07 	6.47841e-15
0.122551 	92.7442 	-1.90899e-07 	6.4784e-15
0.122805 	92.9014 	-1.90899e-07 	6.47839e-15
0.123059 	93.0586 	-1.90899e-07 	6.47838e-15
0.123313 	93.2004 	2.21888e-07 	6.48108e-15
0.123568 	93.3334 	2.21888e-07 	6.48108e-15
0.123822 	93.4664 	2.21888e-07 	6.48107e-15
0.124076 	93.5994 	2.21888e-07 	6.48106e-15
0.12433 	93.7324 	2.21888e-07 	6.48105e-15
0.124585 	93.8654 	2.21888e-07 	6.48104e-15
0.124839 	93.9984 	2.21888e-07 	6.48103e-15
0.125093 	94.1314 	2.21888e-07 	6.48102e-15
0.125347 	94.2644 	2.21888e-07 	6.48102e-15
0.125602 	94.3975 	2.21888e-07 	6.48101e-15
0.125856 	94.516 	5.96498e-07 	6.46715e-15
0.12611 	94.6225 	5.96498e-07 	6.46714e-15
0.126364 	94.729 	5.96498e-07 	6.46714e-15
0.126619 	94.8356 	5.96498e-07 	6.46713e-15
0.126873 	94.9421 	5.96498e-07 	6.46712e-15
0.127127 	95.0486 	5.96498e-07 	6.46712e-15
0.127381 	95.1551 	5.96498e-07 	6.46711e-15
0.127636 	95.2616 	5.96498e-07 	6.4671e-15
0.12789 	95.3681 	5.96498e-07 	6.46709e-15
0.128144 	95.4747 	5.96498e-07 	6.46709e-15
0.128398 	95.5686 	9.25217e-07 	6.43844e-15
0.128653 	95.6474 	9.25217e-07 	6.43844e-15
0.128907 	95.7261 	9.25217e-07 	6.43843e-15
0.129161 	95.8049 	9.25217e-07 	6.43843e-15
0.129415 	95.8837 	9.25217e-07 	6.43842e-15
0.12967 	95.9625 	9.25217e-07 	6.43842e-15
0.129924 	96.0412 	9.25217e-07 	6.43841e-15
0.130178 	96.12 	9.25217e-07 	6.43841e-15
0.130432 	96.1988 	9.25217e-07 	6.4384e-15
0.130687 	96.2776 	9.25217e-07 	6.4384e-15
0.130941 	96.3462 	1.20437e-06 	6.39828e-15
0.131195 	96.3972 	1.20437e-06 	6.39828e-15
0.131449 	96.4482 	1.20437e-06 	6.39828e-15
0.131704 	96.4991 	1.20437e-06 	6.39827e-15
0.131958 	96.5501 	1.20437e-06 	6.39827e-15
0.132212 	96.6011 	1.20437e-06 	6.39827e-15
0.132466 	96.652 	1.20437e-06 	6.39826e-15
0.132721 	96.703 	1.20437e-06 	6.39826e-15
0.132975 	96.7539 	1.20437e-06 	6.39826e-15
0.133229 	96.8049 	1.20437e-06 	6.39825e-15
0.133483 	96.8485 	1.42511e-06 	6.34944e-15
0.133738 	96.8726 	1.42511e-06 	6.34944e-15
0.133992 	96.8967 	1.42511e-06 	6.34944e-15
0.134246 	96.9208 	1.42511e-06 	6.34944e-15
0.134501 	96.9449 	1.42511e-06 	6.34944e-15
0.134755 	96.969 	1.42511e-06 	6.34943e-15
0.135009 	96.9931 	1.42511e-06 	6.34943e-15
0.135263 	97.0172 	1.42511e-06 	6.34943e-15
0.135518 	97.0413 	1.42511e-06 	6.34943e-15
0.135772 	97.0654 	1.42511e-06 	6.34943e-15
0.136026 	97.0849 	1.62347e-06 	6.33739e-15
0.13628 	97.0839 	1.62347e-06 	6.33739e-15
0.136535 	97.0828 	1.62347e-06 	6.33739e-15
0.136789 	97.0817 	1.62347e-06 	6.33739e-15
0.137043 	97.0806 	1.62347e-06 	6.33739e-15
0.137297 	97.0796 	1.62347e-06 	6.33739e-15
0.137552 	97.0785 	1.62347e-06 	6.33739e-15
0.137806 	97.0774 	1.62347e-06 	6.33739e-15
0.13806 	97.0764 	1.62347e-06 	6.33739e-15
0.138314 	97.0753 	1.62347e-06 	6.33739e-15
0.138569 	97.0721 	1.77976e-06 	6.232e-15
0.138823 	97.0479 	1.77976e-06 	6.232e-15
0.139077 	97.0237 	1.77976e-06 	6.232e-15
0.139331 	96.9995 	1.77976e-06 	6.232e-15
0.139586 	96.9753 	1.77976e-06 	6.232e-15
0.13984 	96.9511 	1.77976e-06 	6.23201e-15
0.140094 	96.9269 	1.77976e-06 	6.23201e-15
0.140348 	96.9026 	1.77976e-06 	6.23201e-15
0.140603 	96.8784 	1.77976e-06 	6.23201e-15
0.140857 	96.8542 	1.77976e-06 	6.23201e-15
0.141111 	96.83 	9.66347e-07 	1.44046e-17
0.141365 	96.7848 	1.90512e-06 	6.16362e-15
0.14162 	96.7396 	1.90512e-06 	6.16362e-15
0.141874 	96.6944 	1.90512e-06 	6.16363e-15
0.142128 	96.6492 	1.90512e-06 	6.16363e-15
0.142382 	96.604 	1.90512e-06 	6.16363e-15
0.142637 	96.5588 	1.90512e-06 	6.16364e-15
0.142891 	96.5136 	1.90512e-06 	6.16364e-15
0.143145 	96.4684 	1.90512e-06 	6.16364e-15
0.143399 	96.4232 	1.90512e-06 	6.16365e-15
0.143654 	96.3781 	1.90512e-06 	6.16365e-15
0.143908 	96.3157 	2.02239e-06 	6.04041e-15
0.144162 	96.2517 	2.02239e-06 	6.04041e-15
0.144416 	96.1877 	2.02239e-06 	6.04041e-15
0.144671 	96.1236 	2.02239e-06 	6.04042e-15
0.144925 	96.0596 	2.02239e-06 	6.04042e-15
0.145179 	95.9956 	2.02239e-06 	6.04043e-15
0.145433 	95.9316 	2.02239e-06 	6.04043e-15
0.145688 	95.8675 	2.02239e-06 	6.04043e-15
0.145942 	95.8035 	2.02239e-06 	6.04044e-15
0.146196 	95.7395 	2.02239e-06 	6.04044e-15
0.14645 	95.6617 	2.12842e-06 	5.91206e-15
0.146705 	95.5808 	2.12842e-06 	5.91207e-15
0.146959 	95.5 	2.12842e-06 	5.91207e-15
0.147213 	95.4192 	2.12842e-06 	5.91208e-15
0.147467 	95.3383 	2.12842e-06 	5.91208e-15
0.147722 	95.2575 	2.12842e-06 	5.91209e-15
0.147976 	95.1767 	2.12842e-06 	5.91209e-15
0.14823 	95.0958 	2.12842e-06 	5.9121e-15
0.148484 	95.015 	2.12842e-06 	5.9121e-15
0.148739 	94.9342 	2.12842e-06 	5.91211e-15
0.148993 	94.8425 	2.22932e-06 	5.8284e-15
0.149247 	94.7467 	2.22932e-06 	5.8284e-15
0.149502 	94.651 	2.22932e-06 	5.82841e-15
0.149756 	94.5552 	2.22932e-06 	5.82842e-15
0.15001 	94.4595 	2.22932e-06 	5.82842e-15
0.150264 	94.3637 	2.22932e-06 	5.82843e-15
0.150519 	94.2679 	2.22932e-06 	5.82844e-15
0.150773 	94.1722 	2.22932e-06 	5.82844e-15
0.151027 	94.0764 	2.22932e-06 	5.82845e-15
0.151281 	93.9807 	2.22932e-06 	5.82845e-15
0.151536 	93.8766 	2.32515e-06 	5.74769e-15
0.15179 	93.7677 	2.32515e-06 	5.7477e-15
0.152044 	93.6589 	2.32515e-06 	5.74771e-15
0.152298 	93.55 	2.32515e-06 	5.74771e-15
0.152553 	93.4411 	2.32515e-06 	5.74772e-15
0.152807 	93.3323 	2.32515e-06 	5.74773e-15
0.153061 	93.2234 	2.32515e-06 	5.74773e-15
0.153315 	93.1145 	2.32515e-06 	5.74774e-15
0.15357 	93.0057 	2.32515e-06 	5.74775e-15
0.153824 	92.8968 	2.32515e-06 	5.74776e-15
0.154078 	92.7818 	2.4126e-06 	5.6627e-15
0.154332 	92.6616 	2.4126e-06 	5.66271e-15
0.154587 	92.5414 	2.4126e-06 	5.66272e-15
0.154841 	92.4212 	2.4126e-06 	5.66273e-15
0.155095 	92.3011 	2.4126e-06 	5.66273e-15
0.155349 	92.1809 	2.4126e-06 	5.66274e-15
0.155604 	92.0607 	2.4126e-06 	5.66275e-15
0.155858 	91.9405 	2.4126e-06 	5.66276e-15
0.156112 	91.8204 	2.4126e-06 	5.66277e-15
0.156366 	91.7002 	2.4126e-06 	5.66277e-15
0.156621 	91.5757 	2.48833e-06 	5.57487e-15
0.156875 	91.4461 	2.48833e-06 	5.57487e-15
0.157129 	91.3164 	2.48833e-06 	5.57488e-15
0.157383 	91.1867 	2.48833e-06 	5.57489e-15
0.157638 	91.0571 	2.48833e-06 	5.5749e-15
0.157892 	90.9274 	2.48833e-06 	5.57491e-15
0.158146 	90.7978 	2.48833e-06 	5.57492e-15
0.1584 	90.6681 	2.48833e-06 	5.57492e-15
0.158655 	90.5385 	2.48833e-06 	5.57493e-15
0.158909 	90.4088 	2.48833e-06 	5.57494e-15
0.159163 	90.2764 	2.55018e-06 	5.53343e-15
0.159417 	90.1391 	2.55018e-06 	5.53344e-15
0.159672 	90.0019 	2.55018e-06 	5.53345e-15
0.159926 	89.8646 	2.55018e-06 	5.53346e-15
0.16018 	89.7274 	2.55018e-06 	5.53347e-15
0.160434 	89.5901 	2.55018e-06 	5.53348e-15
0.160689 	89.4529 	2.55018e-06 	5.53348e-15
0.160943 	89.3156 	2.55018e-06 	5.53349e-15
0.161197 	89.1783 	2.55018e-06 	5.5335e-15
0.161451 	89.0411 	2.55018e-06 	5.53351e-15
0.161706 	88.9023 	2.59747e-06 	5.48347e-15
0.16196 	88.7593 	2.59747e-06 	5.48348e-15
0.162214 	88.6163 	2.59747e-06 	5.48349e-15
0.162468 	88.4733 	2.59747e-06 	5.4835e-15
0.162723 	88.3303 	2.59747e-06 	5.48351e-15
0.162977 	88.1873 	2.59747e-06 	5.48352e-15
0.163231 	88.0443 	2.59747e-06 	5.48353e-15
0.163485 	87.9013 	2.59747e-06 	5.48354e-15
0.16374 	87.7583 	2.59747e-06 	5.48355e-15
0.163994 	87.6153 	2.59747e-06 	5.48355e-15
0.164248 	87.4716 	2.63058e-06 	5.40034e-15
0.164503 	87.3247 	2.63058e-06 	5.40035e-15
0.164757 	87.1777 	2.63058e-06 	5.40036e-15
0.165011 	87.0308 	2.63058e-06 	5.40037e-15
0.165265 	86.8839 	2.63058e-06 	5.40038e-15
0.16552 	86.7369 	2.63058e-06 	5.40039e-15
0.165774 	86.59 	2.63058e-06 	5.4004e-15
0.166028 	86.4431 	2.63058e-06 	5.40041e-15
0.166282 	86.2961 	2.63058e-06 	5.40042e-15
0.166537 	86.1492 	2.63058e-06 	5.40043e-15
0.166791 	86.0021 	2.65039e-06 	5.30746e-15
0.167045 	85.8529 	2.65039e-06 	5.30747e-15
0.167299 	85.7037 	2.65039e-06 	5.30748e-15
0.167554 	85.5545 	2.65039e-06 	5.30749e-15
0.167808 	85.4053 	2.65039e-06 	5.3075e-15
0.168062 	85.2561 	2.65039e-06 	5.30751e-15
0.168316 	85.1069 	2.65039e-06 	5.30752e-15
0.168571 	84.9577 	2.65039e-06 	5.30753e-15
0.168825 	84.8085 	2.65039e-06 	5.30754e-15
0.169079 	84.6593 	2.65039e-06 	5.30755e-15
0.169333 	84.5102 	2.0105e-06 	7.56853e-18
0.169588 	84.3602 	2.65765e-06 	5.27303e-15
0.169842 	84.2102 	2.65765e-06 	5.27304e-15
0.170096 	84.0603 	2.65765e-06 	5.27305e-15
0.17035 	83.9103 	2.65765e-06 	5.27306e-15
0.170605 	83.7604 	2.65765e-06 	5.27307e-15
0.170859 	83.6104 	2.65765e-06 	5.27308e-15
0.171113 	83.4605 	2.65765e-06 	5.27309e-15
0.171367 	83.3105 	2.65765e-06 	5.2731e-15
0.171622 	83.1606 	2.65765e-06 	5.27311e-15
0.171876 	83.0106 	2.65765e-06 	5.27312e-15
0.17213 	82.8611 	2.65335e-06 	5.17432e-15
0.172384 	82.7117 	2.65335e-06 	5.17433e-15
0.172639 	82.5623 	2.65335e-06 	5.17434e-15
0.172893 	82.4129 	2.65335e-06 	5.17435e-15
0.173147 	82.2635 	2.65335e-06 	5.17436e-15
0.173401 	82.1141 	2.65335e-06 	5.17437e-15
0.173656 	81.9647 	2.65335e-06 	5.17438e-15
0.17391 	81.8153 	2.65335e-06 	5.17439e-15
0.174164 	81.6658 	2.65335e-06 	5.1744e-15
0.174418 	81.5164 	2.65335e-06 	5.17441e-15
0.174673 	81.3684 	2.6381e-06 	5.13013e-15
0.174927 	81.2206 	2.6381e-06 	5.13014e-15
0.175181 	81.0728 	2.6381e-06 	5.13015e-15
0.175435 	80.9251 	2.6381e-06 	5.13016e-15
0.17569 	80.7773 	2.6381e-06 	5.13017e-15
0.175944 	80.6296 	2.6381e-06 	5.13018e-15
0.176198 	80.4818 	2.6381e-06 	5.13018e-15
0.176452 	80.334 	2.6381e-06 	5.13019e-15
0.176707 	80.1863 	2.6381e-06 	5.1302e-15
0.176961 	80.0385 	2.6381e-06 	5.13021e-15
0.177215 	79.8926 	2.61322e-06 	5.08626e-15
0.177469 	79.7474 	2.61322e-06 	5.08626e-15
0.177724 	79.6022 	2.61322e-06 	5.08627e-15
0.177978 	79.457 	2.61322e-06 	5.08628e-15
0.178232 	79.3117 	2.61322e-06 	5.08629e-15
0.178486 	79.1665 	2.61322e-06 	5.0863e-15
0.178741 	79.0213 	2.61322e-06 	5.08631e-15
0.178995 	78.8761 	2.61322e-06 	5.08632e-15
0.179249 	78.7309 	2.61322e-06 	5.08633e-15
0.179504 	78.5857 	2.61322e-06 	5.08634e-15
0.179758 	78.4426 	2.57901e-06 	4.98798e-15
0.180012 	78.3006 	2.57901e-06 	4.98799e-15
0.180266 	78.1587 	2.57901e-06 	4.988e-15
0.180521 	78.0168 	2.57901e-06 	4.98801e-15
0.180775 	77.8749 	2.57901e-06 	4.98802e-15
0.181029 	77.7329 	2.57901e-06 	4.98802e-15
0.181283 	77.591 	2.57901e-06 	4.98803e-15
0.181538 	77.4491 	2.57901e-06 	4.98804e-15
0.181792 	77.3072 	2.57901e-06 	4.98805e-15
0.182046 	77.1652 	2.57901e-06 	4.98806e-15
0.1823 	77.0254 	2.53562e-06 	4.88946e-15
0.182555 	76.8874 	2.53562e-06 	4.88946e-15
0.182809 	76.7493 	2.53562e-06 	4.88947e-15
0.183063 	76.6112 	2.53562e-06 	4.88948e-15
0.183317 	76.4732 	2.53562e-06 	4.88949e-15
0.183572 	76.3351 	2.53562e-06 	4.8895e-15
0.183826 	76.197 	2.53562e-06 	4.88951e-15
0.18408 	76.059 	2.53562e-06 	4.88952e-15
0.184334 	75.9209 	2.53562e-06 	4.88953e-15
0.184589 	75.7828 	2.53562e-06 	4.88954e-15
0.184843 	75.6467 	2.48388e-06 	4.79429e-15
0.185097 	75.513 	2.48388e-06 	4.7943e-15
0.185351 	75.3792 	2.48388e-06 	4.79431e-15
0.185606 	75.2455 	2.48388e-06 	4.79431e-15
0.18586 	75.1117 	2.48388e-06 	4.79432e-15
0.186114 	74.978 	2.48388e-06 	4.79433e-15
0.186368 	74.8442 	2.48388e-06 	4.79434e-15
0.186623 	74.7104 	2.48388e-06 	4.79435e-15
0.186877 	74.5767 	2.48388e-06 	4.79436e-15
0.187131 	74.4429 	2.48388e-06 	4.79437e-15
0.187385 	74.3109 	2.42217e-06 	4.6368e-15
0.18764 	74.1818 	2.42217e-06 	4.63681e-15
0.187894 	74.0527 	2.42217e-06 	4.63682e-15
0.188148 	73.9236 	2.42217e-06 	4.63683e-15
0.188402 	73.7945 	2.42217e-06 	4.63684e-15
0.188657 	73.6654 	2.42217e-06 	4.63685e-15
0.188911 	73.5362 	2.42217e-06 	4.63685e-15
0.189165 	73.4071 	2.42217e-06 	4.63686e-15
0.189419 	73.278 	2.42217e-06 	4.63687e-15
0.189674 	73.1489 	2.42217e-06 	4.63688e-15
0.189928 	73.0212 	2.35101e-06 	4.55369e-15
0.190182 	72.897 	2.35101e-06 	4.5537e-15
0.190436 	72.7728 	2.35101e-06 	4.55371e-15
0.190691 	72.6486 	2.35101e-06 	4.55372e-15
0.190945 	72.5244 	2.35101e-06 	4.55372e-15
0.191199 	72.4002 	2.35101e-06 	4.55373e-15
0.191453 	72.276 	2.35101e-06 	4.55374e-15
0.191708 	72.1518 	2.35101e-06 	4.55375e-15
0.191962 	72.0276 	2.35101e-06 	4.55376e-15
0.192216 	71.9034 	2.35101e-06 	4.55376e-15
0.19247 	71.7801 	2.26831e-06 	4.4176e-15
0.192725 	71.6609 	2.26831e-06 	4.4176e-15
0.192979 	71.5418 	2.26831e-06 	4.41761e-15
0.193233 	71.4227 	2.26831e-06 	4.41762e-15
0.193487 	71.3036 	2.26831e-06 	4.41763e-15
0.193742 	71.1844 	2.26831e-06 	4.41763e-15
0.193996 	71.0653 	2.26831e-06 	4.41764e-15
0.19425 	70.9462 	2.26831e-06 	4.41765e-15
0.194505 	70.8271 	2.26831e-06 	4.41766e-15
0.194759 	70.7079 	2.26831e-06 	4.41767e-15
0.195013 	70.5893 	2.17442e-06 	4.39202e-15
0.195267 	70.4754 	2.17442e-06 	4.39203e-15
0.195522 	70.3614 	2.17442e-06 	4.39203e-15
0.195776 	70.2475 	2.17442e-06 	4.39204e-15
0.19603 	70.1335 	2.17442e-06 	4.39205e-15
0.196284 	70.0196 	2.17442e-06 	4.39205e-15
0.196539 	69.9057 	2.17442e-06 	4.39206e-15
0.196793 	69.7917 	2.17442e-06 	4.39207e-15
0.197047 	69.6778 	2.17442e-06 	4.39208e-15
0.197301 	69.5639 	2.17442e-06 	4.39208e-15
0.197556 	69.4499 	1.65637e-06 	3.59986e-18
0.19781 	69.3413 	2.07689e-06 	4.30695e-15
0.198064 	69.2326 	2.07689e-06 	4.30696e-15
0.198318 	69.1239 	2.07689e-06 	4.30696e-15
0.198573 	69.0153 	2.07689e-06 	4.30697e-15
0.198827 	68.9066 	2.07689e-06 	4.30698e-15
0.199081 	68.7979 	2.07689e-06 	4.30699e-15
0.199335 	68.6892 	2.07689e-06 	4.30699e-15
0.19959 	68.5806 	2.07689e-06 	4.307e-15
0.199844 	68.4719 	2.07689e-06 	4.30701e-15
0.200098 	68.3632 	2.07689e-06 	4.30701e-15
0.200352 	68.2594 	1.98136e-06 	4.22974e-15
0.200607 	68.156 	1.98136e-06 	4.22974e-15
0.200861 	68.0527 	1.98136e-06 	4.22975e-15
0.201115 	67.9493 	1.98136e-06 	4.22976e-15
0.201369 	67.846 	1.98136e-06 	4.22976e-15
0.201624 	67.7426 	1.98136e-06 	4.22977e-15
0.201878 	67.6393 	1.98136e-06 	4.22978e-15
0.202132 	67.5359 	1.98136e-06 	4.22978e-15
0.202386 	67.4325 	1.98136e-06 	4.22979e-15
0.202641 	67.3292 	1.98136e-06 	4.2298e-15
0.202895 	67.2302 	1.88702e-06 	4.15632e-15
0.203149 	67.1322 	1.88702e-06 	4.15633e-15
0.203403 	67.0342 	1.88702e-06 	4.15633e-15
0.203658 	66.9361 	1.88702e-06 	4.15634e-15
0.203912 	66.8381 	1.88702e-06 	4.15635e-15
0.204166 	66.7401 	1.88702e-06 	4.15635e-15
0.20442 	66.6421 	1.88702e-06 	4.15636e-15
0.204675 	66.544 	1.88702e-06 	4.15637e-15
0.204929 	66.446 	1.88702e-06 	4.15637e-15
0.205183 	66.348 	1.88702e-06 	4.15638e-15
0.205437 	66.2539 	1.78709e-06 	4.0855e-15
0.205692 	66.1611 	1.78709e-06 	4.0855e-15
0.205946 	66.0684 	1.78709e-06 	4.08551e-15
0.2062 	65.9757 	1.78709e-06 	4.08551e-15
0.206454 	65.883 	1.78709e-06 	4.08552e-15
0.206709 	65.7903 	1.78709e-06 	4.08553e-15
0.206963 	65.6976 	1.78709e-06 	4.08553e-15
0.207217 	65.6049 	1.78709e-06 	4.08554e-15
0.207471 	65.5122 	1.78709e-06 	4.08554e-15
0.207726 	65.4195 	1.78709e-06 	4.08555e-15
0.20798 	65.3302 	1.679e-06 	3.97072e-15
0.208234 	65.2428 	1.679e-06 	3.97073e-15
0.208488 	65.1554 	1.679e-06 	3.97073e-15
0.208743 	65.0679 	1.679e-06 	3.97074e-15
0.208997 	64.9805 	1.679e-06 	3.97074e-15
0.209251 	64.8931 	1.679e-06 	3.97075e-15
0.209506 	64.8057 	1.679e-06 	3.97076e-15
0.20976 	64.7183 	1.679e-06 	3.97076e-15
0.210014 	64.6308 	1.679e-06 	3.97077e-15
0.210268 	64.5434 	1.679e-06 	3.97077e-15
0.210523 	64.4589 	1.56655e-06 	3.95688e-15
0.210777 	64.3767 	1.56655e-06 	3.95688e-15
0.211031 	64.2945 	1.56655e-06 	3.95689e-15
0.211285 	64.2123 	1.56655e-06 	3.95689e-15
0.21154 	64.1302 	1.56655e-06 	3.9569e-15
0.211794 	64.048 	1.56655e-06 	3.9569e-15
0.212048 	63.9658 	1.56655e-06 	3.95691e-15
0.212302 	63.8836 	1.56655e-06 	3.95691e-15
0.212557 	63.8015 	1.56655e-06 	3.95692e-15
0.212811 	63.7193 	1.56655e-06 	3.95692e-15
0.213065 	63.6395 	1.45204e-06 	3.89221e-15
0.213319 	63.5625 	1.45204e-06 	3.89222e-15
0.213574 	63.4855 	1.45204e-06 	3.89222e-15
0.213828 	63.4085 	1.45204e-06 	3.89223e-15
0.214082 	63.3315 	1.45204e-06 	3.89223e-15
0.214336 	63.2546 	1.45204e-06 	3.89224e-15
0.214591 	63.1776 	1.45204e-06 	3.89224e-15
0.214845 	63.1006 	1.45204e-06 	3.89225e-15
0.215099 	63.0236 	1.45204e-06 	3.89225e-15
0.215353 	62.9466 	1.45204e-06 	3.89226e-15
0.215608 	62.8715 	1.33696e-06 	3.88197e-15
0.215862 	62.7997 	1.33696e-06 	3.88197e-15
0.216116 	62.7278 	1.33696e-06 	3.88198e-15
0.21637 	62.656 	1.33696e-06 	3.88198e-15
0.216625 	62.5841 	1.33696e-06 	3.88198e-15
0.216879 	62.5123 	1.33696e-06 	3.88199e-15
0.217133 	62.4404 	1.33696e-06 	3.88199e-15
0.217387 	62.3686 	1.33696e-06 	3.882e-15
0.217642 	62.2967 	1.33696e-06 	3.882e-15
0.217896 	62.2249 	1.33696e-06 	3.88201e-15
0.21815 	62.1544 	1.22208e-06 	3.77679e-15
0.218404 	62.0876 	1.22208e-06 	3.7768e-15
0.218659 	62.0209 	1.22208e-06 	3.7768e-15
0.218913 	61.9541 	1.22208e-06 	3.7768e-15
0.219167 	61.8873 	1.22208e-06 	3.77681e-15
0.219421 	61.8205 	1.22208e-06 	3.77681e-15
0.219676 	61.7538 	1.22208e-06 	3.77682e-15
0.21993 	61.687 	1.22208e-06 	3.77682e-15
0.220184 	61.6202 	1.22208e-06 	3.77683e-15
0.220438 	61.5534 	1.22208e-06 	3.77683e-15
0.220693 	61.4876 	1.10805e-06 	3.77521e-15
0.220947 	61.4258 	1.10805e-06 	3.77522e-15
0.221201 	61.364 	1.10805e-06 	3.77522e-15
0.221455 	61.3022 	1.10805e-06 	3.77523e-15
0.22171 	61.2405 	1.10805e-06 	3.77523e-15
0.221964 	61.1787 	1.10805e-06 	3.77523e-15
0.222218 	61.1169 	1.10805e-06 	3.77524e-15
0.222472 	61.0552 	1.10805e-06 	3.77524e-15
0.222727 	60.9934 	1.10805e-06 	3.77525e-15
0.222981 	60.9316 	1.10805e-06 	3.77525e-15
0.223235 	60.8703 	9.94993e-07 	3.68593e-15
0.223489 	60.8135 	9.94993e-07 	3.68593e-15
0.223744 	60.7566 	9.94993e-07 	3.68593e-15
0.223998 	60.6998 	9.94993e-07 	3.68594e-15
0.224252 	60.643 	9.94993e-07 	3.68594e-15
0.224507 	60.5861 	9.94993e-07 	3.68595e-15
0.224761 	60.5293 	9.94993e-07 	3.68595e-15
0.225015 	60.4725 	9.94993e-07 	3.68595e-15
0.225269 	60.4157 	9.94993e-07 	3.68596e-15
0.225524 	60.3588 	9.94993e-07 	3.68596e-15
0.225778 	60.302 	8.94484e-07 	2.00245e-19
0.226032 	60.25 	8.82636e-07 	3.7031e-15
0.226286 	60.1981 	8.82636e-07 	3.7031e-15
0.226541 	60.1461 	8.82636e-07 	3.7031e-15
0.226795 	60.0942 	8.82636e-07 	3.70311e-15
0.227049 	60.0422 	8.82636e-07 	3.70311e-15
0.227303 	59.9902 	8.82636e-07 	3.70311e-15
0.227558 	59.9383 	8.82636e-07 	3.70312e-15
0.227812 	59.8863 	8.82636e-07 	3.70312e-15
0.228066 	59.8344 	8.82636e-07 	3.70312e-15
0.22832 	59.7824 	8.82636e-07 	3.70313e-15
0.228575 	59.7348 	7.70742e-07 	3.71784e-15
0.228829 	59.6876 	7.70742e-07 	3.71784e-15
0.229083 	59.6405 	7.70742e-07 	3.71784e-15
0.229337 	59.5933 	7.70742e-07 	3.71785e-15
0.229592 	59.5461 	7.70742e-07 	3.71785e-15
0.229846 	59.4989 	7.70742e-07 	3.71785e-15
0.2301 	59.4518 	7.70742e-07 	3.71786e-15
0.230354 	59.4046 	7.70742e-07 	3.71786e-15
0.230609 	59.3574 	7.70742e-07 	3.71786e-15
0.230863 	59.3103 	7.70742e-07 	3.71787e-15
0.231117 	59.2669 	6.60379e-07 	3.67809e-15
0.231371 	59.2245 	6.60379e-07 	3.67809e-15
0.231626 	59.182 	6.60379e-07 	3.67809e-15
0.23188 	59.1395 	6.60379e-07 	3.6781e-15
0.232134 	59.0971 	6.60379e-07 	3.6781e-15
0.232388 	59.0546 	6.60379e-07 	3.6781e-15
0.232643 	59.0121 	6.60379e-07 	3.6781e-15
0.232897 	58.9697 	6.60379e-07 	3.67811e-15
0.233151 	58.9272 	6.60379e-07 	3.67811e-15
0.233405 	58.8847 	6.60379e-07 	3.67811e-15
0.23366 	58.8456 	5.54501e-07 	3.64783e-15
0.233914 	58.8077 	5.54501e-07 	3.64783e-15
0.234168 	58.7699 	5.54501e-07 	3.64784e-15
0.234422 	58.732 	5.54501e-07 	3.64784e-15
0.234677 	58.6941 	5.54501e-07 	3.64784e-15
0.234931 	58.6563 	5.54501e-07 	3.64784e-15
0.235185 	58.6184 	5.54501e-07 	3.64785e-15
0.235439 	58.5805 	5.54501e-07 	3.64785e-15
0.235694 	58.5427 	5.54501e-07 	3.64785e-15
0.235948 	58.5048 	5.54501e-07 	3.64785e-15
0.236202 	58.4698 	4.54709e-07 	3.6222e-15
0.236456 	58.4364 	4.54709e-07 	3.6222e-15
0.236711 	58.403 	4.54709e-07 	3.6222e-15
0.236965 	58.3696 	4.54709e-07 	3.6222e-15
0.237219 	58.3362 	4.54709e-07 	3.62221e-15
0.237473 	58.3028 	4.54709e-07 	3.62221e-15
0.237728 	58.2695 	4.54709e-07 	3.62221e-15
0.237982 	58.2361 	4.54709e-07 	3.62221e-15
0.238236 	58.2027 	4.54709e-07 	3.62222e-15
0.23849 	58.1693 	4.54709e-07 	3.62222e-15
0.238745 	58.1383 	3.66388e-07 	3.59907e-15
0.238999 	58.1092 	3.66388e-07 	3.59907e-15
0.239253 	58.0802 	3.66388e-07 	3.59908e-15
0.239508 	58.0511 	3.66388e-07 	3.59908e-15
0.239762 	58.022 	3.66388e-07 	3.59908e-15
0.240016 	57.993 	3.66388e-07 	3.59908e-15
0.24027 	57.9639 	3.66388e-07 	3.59908e-15
0.240525 	57.9349 	3.66388e-07 	3.59909e-15
0.240779 	57.9058 	3.66388e-07 	3.59909e-15
0.241033 	57.8767 	3.66388e-07 	3.59909e-15
0.241287 	57.8495 	2.89479e-07 	3.52853e-15
0.241542 	57.8246 	2.89479e-07 	3.52853e-15
0.241796 	57.7997 	2.89479e-07 	3.52853e-15
0.24205 	57.7747 	2.89479e-07 	3.52853e-15
0.242304 	57.7498 	2.89479e-07 	3.52853e-15
0.242559 	57.7248 	2.89479e-07 	3.52854e-15
0.242813 	57.6999 	2.89479e-07 	3.52854e-15
0.243067 	57.675 	2.89479e-07 	3.52854e-15
0.243321 	57.65 	2.89479e-07 	3.52854e-15
0.243576 	57.6251 	2.89479e-07 	3.52854e-15
0.24383 	57.6015 	2.21266e-07 	3.50797e-15
0.244084 	57.5804 	2.21266e-07 	3.50797e-15
0.244338 	57.5593 	2.21266e-07 	3.50797e-15
0.244593 	57.5382 	2.21266e-07 	3.50797e-15
0.244847 	57.5171 	2.21266e-07 	3.50798e-15
0.245101 	57.496 	2.21266e-07 	3.50798e-15
0.245355 	57.4749 	2.21266e-07 	3.50798e-15
0.24561 	57.4538 	2.21266e-07 	3.50798e-15
0.245864 	57.4326 	2.21266e-07 	3.50798e-15
0.246118 	57.4115 	2.21266e-07 	3.50798e-15
0.246372 	57.3914 	1.62544e-07 	3.54055e-15
0.246627 	57.3737 	1.62544e-07 	3.54055e-15
0.246881 	57.3561 	1.62544e-07 	3.54055e-15
0.247135 	57.3385 	1.62544e-07 	3.54056e-15
0.247389 	57.3208 	1.62544e-07 	3.54056e-15
0.247644 	57.3032 	1.62544e-07 	3.54056e-15
0.247898 	57.2855 	1.62544e-07 	3.54056e-15
0.248152 	57.2679 	1.62544e-07 	3.54056e-15
0.248406 	57.2503 	1.62544e-07 	3.54056e-15
0.248661 	57.2326 	1.62544e-07 	3.54056e-15
0.248915 	57.2143 	1.15486e-07 	3.52733e-15
0.249169 	57.1931 	1.15486e-07 	3.52733e-15
0.249423 	57.1719 	1.15486e-07 	3.52733e-15
0.249678 	57.1507 	1.15486e-07 	3.52733e-15
0.249932 	57.1295 	1.15486e-07 	3.52733e-15
0.250186 	57.1082 	1.15486e-07 	3.52733e-15
0.25044 	57.087 	1.15486e-07 	3.52734e-15
0.250695 	57.0658 	1.15486e-07 	3.52734e-15
0.250949 	57.0446 	1.15486e-07 	3.52734e-15
0.251203 	57.0234 	1.15486e-07 	3.52734e-15
0.251457 	57.0029 	8.28837e-08 	3.51567e-15
0.251712 	56.9896 	8.28837e-08 	3.51567e-15
0.251966 	56.9764 	8.28837e-08 	3.51567e-15
0.25222 	56.9632 	8.28837e-08 	3.51567e-15
0.252474 	56.95 	8.28837e-08 	3.51567e-15
0.252729 	56.9367 	8.28837e-08 	3.51567e-15
0.252983 	56.9235 	8.28837e-08 	3.51567e-15
0.253237 	56.9103 	8.28837e-08 	3.51567e-15
0.253491 	56.8971 	8.28837e-08 	3.51567e-15
0.253746 	56.8838 	8.28837e-08 	3.51568e-15
0.254 	56.8706 	1.92437e-07 	7.13762e-19
