0 	31.897 	-2.73462e-07 	6.17255e-19
0.000254254 	31.9028 	-2.73694e-07 	2.31919e-15
0.000508509 	31.9085 	-2.73694e-07 	2.31919e-15
0.000762763 	31.9143 	-2.73694e-07 	2.31919e-15
0.00101702 	31.9201 	-2.73694e-07 	2.31919e-15
0.00127127 	31.9258 	-2.73694e-07 	2.31919e-15
0.00152553 	31.9316 	-2.73694e-07 	2.31919e-15
0.00177978 	31.9374 	-2.73694e-07 	2.31919e-15
0.00203403 	31.9431 	-2.73694e-07 	2.31919e-15
0.00228829 	31.9489 	-2.73694e-07 	2.31919e-15
0.00254254 	31.9547 	-2.73694e-07 	2.31919e-15
0.0027968 	31.9681 	-2.79145e-07 	2.31981e-15
0.00305105 	31.9823 	-2.79145e-07 	2.31981e-15
0.00330531 	31.9965 	-2.79145e-07 	2.31981e-15
0.00355956 	32.0107 	-2.79145e-07 	2.31981e-15
0.00381381 	32.0249 	-2.79145e-07 	2.31981e-15
0.00406807 	32.0391 	-2.79145e-07 	2.31981e-15
0.00432232 	32.0533 	-2.79145e-07 	2.31981e-15
0.00457658 	32.0675 	-2.79145e-07 	2.31981e-15
0.00483083 	32.0817 	-2.79145e-07 	2.31981e-15
0.00508509 	32.0959 	-2.79145e-07 	2.31981e-15
0.00533934 	32.1126 	-3.02516e-07 	2.36724e-15
0.00559359 	32.1299 	-3.02516e-07 	2.36724e-15
0.00584785 	32.1472 	-3.02516e-07 	2.36724e-15
0.0061021 	32.1645 	-3.02516e-07 	2.36724e-15
0.00635636 	32.1817 	-3.02516e-07 	2.36724e-15
0.00661061 	32.199 	-3.02516e-07 	2.36724e-15
0.00686486 	32.2163 	-3.02516e-07 	2.36724e-15
0.00711912 	32.2336 	-3.02516e-07 	2.36724e-15
0.00737337 	32.2509 	-3.02516e-07 	2.36724e-15
0.00762763 	32.2682 	-3.02516e-07 	2.36723e-15
0.00788188 	32.2862 	-3.42888e-07 	2.36786e-15
0.00813614 	32.3045 	-3.42888e-07 	2.36786e-15
0.00839039 	32.3228 	-3.42888e-07 	2.36786e-15
0.00864464 	32.3411 	-3.42888e-07 	2.36785e-15
0.0088989 	32.3595 	-3.42888e-07 	2.36785e-15
0.00915315 	32.3778 	-3.42888e-07 	2.36785e-15
0.00940741 	32.3961 	-3.42888e-07 	2.36785e-15
0.00966166 	32.4144 	-3.42888e-07 	2.36785e-15
0.00991592 	32.4327 	-3.42888e-07 	2.36785e-15
0.0101702 	32.451 	-3.42888e-07 	2.36785e-15
0.0104244 	32.4705 	-3.96396e-07 	2.41246e-15
0.0106787 	32.4907 	-3.96396e-07 	2.41246e-15
0.0109329 	32.5108 	-3.96396e-07 	2.41245e-15
0.0111872 	32.531 	-3.96396e-07 	2.41245e-15
0.0114414 	32.5511 	-3.96396e-07 	2.41245e-15
0.0116957 	32.5713 	-3.96396e-07 	2.41245e-15
0.0119499 	32.5914 	-3.96396e-07 	2.41245e-15
0.0122042 	32.6116 	-3.96396e-07 	2.41245e-15
0.0124585 	32.6317 	-3.96396e-07 	2.41245e-15
0.0127127 	32.6519 	-3.96396e-07 	2.41244e-15
0.012967 	32.6736 	-4.59574e-07 	2.4654e-15
0.0132212 	32.6967 	-4.59574e-07 	2.4654e-15
0.0134755 	32.7198 	-4.59574e-07 	2.46539e-15
0.0137297 	32.7428 	-4.59574e-07 	2.46539e-15
0.013984 	32.7659 	-4.59574e-07 	2.46539e-15
0.0142382 	32.789 	-4.59574e-07 	2.46539e-15
0.0144925 	32.812 	-4.59574e-07 	2.46539e-15
0.0147467 	32.8351 	-4.59574e-07 	2.46539e-15
0.015001 	32.8582 	-4.59574e-07 	2.46539e-15
0.0152553 	32.8813 	-4.59574e-07 	2.46538e-15
0.0155095 	32.906 	-5.29796e-07 	2.47636e-15
0.0157638 	32.9327 	-5.29796e-07 	2.47636e-15
0.016018 	32.9593 	-5.29796e-07 	2.47635e-15
0.0162723 	32.986 	-5.29796e-07 	2.47635e-15
0.0165265 	33.0127 	-5.29796e-07 	2.47635e-15
0.0167808 	33.0394 	-5.29796e-07 	2.47635e-15
0.017035 	33.0661 	-5.29796e-07 	2.47635e-15
0.0172893 	33.0928 	-5.29796e-07 	2.47635e-15
0.0175435 	33.1194 	-5.29796e-07 	2.47634e-15
0.0177978 	33.1461 	-5.29796e-07 	2.47634e-15
0.0180521 	33.1743 	-6.05229e-07 	2.49244e-15
0.0183063 	33.2049 	-6.05229e-07 	2.49244e-15
0.0185606 	33.2356 	-6.05229e-07 	2.49243e-15
0.0188148 	33.2663 	-6.05229e-07 	2.49243e-15
0.0190691 	33.2969 	-6.05229e-07 	2.49243e-15
0.0193233 	33.3276 	-6.05229e-07 	2.49243e-15
0.0195776 	33.3583 	-6.05229e-07 	2.49243e-15
0.0198318 	33.389 	-6.05229e-07 	2.49242e-15
0.0200861 	33.4196 	-6.05229e-07 	2.49242e-15
0.0203403 	33.4503 	-6.05229e-07 	2.49242e-15
0.0205946 	33.4821 	-6.84717e-07 	2.51277e-15
0.0208488 	33.517 	-6.84717e-07 	2.51277e-15
0.0211031 	33.5519 	-6.84717e-07 	2.51277e-15
0.0213574 	33.5868 	-6.84717e-07 	2.51277e-15
0.0216116 	33.6217 	-6.84717e-07 	2.51276e-15
0.0218659 	33.6566 	-6.84717e-07 	2.51276e-15
0.0221201 	33.6915 	-6.84717e-07 	2.51276e-15
0.0223744 	33.7264 	-6.84717e-07 	2.51276e-15
0.0226286 	33.7613 	-6.84717e-07 	2.51276e-15
0.0228829 	33.7962 	-6.84717e-07 	2.51275e-15
0.0231371 	33.8319 	-7.67594e-07 	2.53732e-15
0.0233914 	33.8712 	-7.67594e-07 	2.53732e-15
0.0236456 	33.9105 	-7.67594e-07 	2.53731e-15
0.0238999 	33.9498 	-7.67594e-07 	2.53731e-15
0.0241542 	33.9891 	-7.67594e-07 	2.53731e-15
0.0244084 	34.0284 	-7.67594e-07 	2.53731e-15
0.0246627 	34.0677 	-7.67594e-07 	2.5373e-15
0.0249169 	34.107 	-7.67594e-07 	2.5373e-15
0.0251712 	34.1463 	-7.67594e-07 	2.5373e-15
0.0254254 	34.1856 	-7.67594e-07 	2.5373e-15
0.0256797 	34.2253 	-8.53313e-07 	2.56599e-15
0.0259339 	34.2692 	-8.53313e-07 	2.56599e-15
0.0261882 	34.3131 	-8.53313e-07 	2.56598e-15
0.0264424 	34.357 	-8.53313e-07 	2.56598e-15
0.0266967 	34.4009 	-8.53313e-07 	2.56598e-15
0.026951 	34.4448 	-8.53313e-07 	2.56598e-15
0.0272052 	34.4887 	-8.53313e-07 	2.56597e-15
0.0274595 	34.5326 	-8.53313e-07 	2.56597e-15
0.0277137 	34.5765 	-8.53313e-07 	2.56597e-15
0.027968 	34.6203 	-8.53313e-07 	2.56596e-15
0.0282222 	34.6642 	-9.91486e-07 	-1.12743e-18
0.0284765 	34.7129 	-9.40524e-07 	2.59849e-15
0.0287307 	34.7616 	-9.40524e-07 	2.59849e-15
0.028985 	34.8102 	-9.40524e-07 	2.59848e-15
0.0292392 	34.8589 	-9.40524e-07 	2.59848e-15
0.0294935 	34.9076 	-9.40524e-07 	2.59848e-15
0.0297477 	34.9562 	-9.40524e-07 	2.59848e-15
0.030002 	35.0049 	-9.40524e-07 	2.59847e-15
0.0302563 	35.0535 	-9.40524e-07 	2.59847e-15
0.0305105 	35.1022 	-9.40524e-07 	2.59847e-15
0.0307648 	35.1509 	-9.40524e-07 	2.59846e-15
0.031019 	35.204 	-1.0271e-06 	2.68064e-15
0.0312733 	35.2576 	-1.0271e-06 	2.68063e-15
0.0315275 	35.3113 	-1.0271e-06 	2.68063e-15
0.0317818 	35.3649 	-1.0271e-06 	2.68063e-15
0.032036 	35.4185 	-1.0271e-06 	2.68062e-15
0.0322903 	35.4721 	-1.0271e-06 	2.68062e-15
0.0325445 	35.5257 	-1.0271e-06 	2.68062e-15
0.0327988 	35.5793 	-1.0271e-06 	2.68061e-15
0.0330531 	35.6329 	-1.0271e-06 	2.68061e-15
0.0333073 	35.6865 	-1.0271e-06 	2.6806e-15
0.0335616 	35.7444 	-1.11522e-06 	2.6795e-15
0.0338158 	35.8031 	-1.11522e-06 	2.6795e-15
0.0340701 	35.8619 	-1.11522e-06 	2.67949e-15
0.0343243 	35.9206 	-1.11522e-06 	2.67949e-15
0.0345786 	35.9794 	-1.11522e-06 	2.67948e-15
0.0348328 	36.0381 	-1.11522e-06 	2.67948e-15
0.0350871 	36.0969 	-1.11522e-06 	2.67948e-15
0.0353413 	36.1556 	-1.11522e-06 	2.67947e-15
0.0355956 	36.2144 	-1.11522e-06 	2.67947e-15
0.0358498 	36.2731 	-1.11522e-06 	2.67947e-15
0.0361041 	36.3358 	-1.20593e-06 	2.77199e-15
0.0363584 	36.3998 	-1.20593e-06 	2.77199e-15
0.0366126 	36.4639 	-1.20593e-06 	2.77199e-15
0.0368669 	36.528 	-1.20593e-06 	2.77198e-15
0.0371211 	36.5921 	-1.20593e-06 	2.77198e-15
0.0373754 	36.6562 	-1.20593e-06 	2.77197e-15
0.0376296 	36.7203 	-1.20593e-06 	2.77197e-15
0.0378839 	36.7844 	-1.20593e-06 	2.77197e-15
0.0381381 	36.8484 	-1.20593e-06 	2.77196e-15
0.0383924 	36.9125 	-1.20593e-06 	2.77196e-15
0.0386466 	36.9801 	-1.30095e-06 	2.86874e-15
0.0389009 	37.0498 	-1.30095e-06 	2.86873e-15
0.0391552 	37.1194 	-1.30095e-06 	2.86873e-15
0.0394094 	37.189 	-1.30095e-06 	2.86872e-15
0.0396637 	37.2586 	-1.30095e-06 	2.86872e-15
0.0399179 	37.3283 	-1.30095e-06 	2.86871e-15
0.0401722 	37.3979 	-1.30095e-06 	2.86871e-15
0.0404264 	37.4675 	-1.30095e-06 	2.8687e-15
0.0406807 	37.5371 	-1.30095e-06 	2.8687e-15
0.0409349 	37.6068 	-1.30095e-06 	2.8687e-15
0.0411892 	37.6795 	-1.39973e-06 	2.96743e-15
0.0414434 	37.7549 	-1.39973e-06 	2.96743e-15
0.0416977 	37.8303 	-1.39973e-06 	2.96742e-15
0.041952 	37.9057 	-1.39973e-06 	2.96742e-15
0.0422062 	37.9811 	-1.39973e-06 	2.96741e-15
0.0424605 	38.0564 	-1.39973e-06 	2.96741e-15
0.0427147 	38.1318 	-1.39973e-06 	2.9674e-15
0.042969 	38.2072 	-1.39973e-06 	2.9674e-15
0.0432232 	38.2826 	-1.39973e-06 	2.9674e-15
0.0434775 	38.358 	-1.39973e-06 	2.96739e-15
0.0437317 	38.436 	-1.50198e-06 	3.01678e-15
0.043986 	38.5174 	-1.50198e-06 	3.01678e-15
0.0442402 	38.5988 	-1.50198e-06 	3.01677e-15
0.0444945 	38.6801 	-1.50198e-06 	3.01677e-15
0.0447487 	38.7615 	-1.50198e-06 	3.01676e-15
0.045003 	38.8429 	-1.50198e-06 	3.01676e-15
0.0452573 	38.9242 	-1.50198e-06 	3.01675e-15
0.0455115 	39.0056 	-1.50198e-06 	3.01675e-15
0.0457658 	39.0869 	-1.50198e-06 	3.01674e-15
0.04602 	39.1683 	-1.50198e-06 	3.01674e-15
0.0462743 	39.2519 	-1.60763e-06 	3.02627e-15
0.0465285 	39.3395 	-1.60763e-06 	3.02627e-15
0.0467828 	39.4271 	-1.60763e-06 	3.02626e-15
0.047037 	39.5147 	-1.60763e-06 	3.02626e-15
0.0472913 	39.6022 	-1.60763e-06 	3.02625e-15
0.0475455 	39.6898 	-1.60763e-06 	3.02624e-15
0.0477998 	39.7774 	-1.60763e-06 	3.02624e-15
0.0480541 	39.865 	-1.60763e-06 	3.02623e-15
0.0483083 	39.9526 	-1.60763e-06 	3.02623e-15
0.0485626 	40.0401 	-1.60763e-06 	3.02622e-15
0.0488168 	40.1295 	-1.71648e-06 	3.05871e-15
0.0490711 	40.2235 	-1.71648e-06 	3.0587e-15
0.0493253 	40.3176 	-1.71648e-06 	3.0587e-15
0.0495796 	40.4116 	-1.71648e-06 	3.05869e-15
0.0498338 	40.5057 	-1.71648e-06 	3.05868e-15
0.0500881 	40.5997 	-1.71648e-06 	3.05868e-15
0.0503423 	40.6937 	-1.71648e-06 	3.05867e-15
0.0505966 	40.7878 	-1.71648e-06 	3.05867e-15
0.0508509 	40.8818 	-1.71648e-06 	3.05866e-15
0.0511051 	40.9759 	-1.71648e-06 	3.05865e-15
0.0513594 	41.0711 	-1.82822e-06 	3.12787e-15
0.0516136 	41.1719 	-1.82822e-06 	3.12787e-15
0.0518679 	41.2727 	-1.82822e-06 	3.12786e-15
0.0521221 	41.3734 	-1.82822e-06 	3.12785e-15
0.0523764 	41.4742 	-1.82822e-06 	3.12785e-15
0.0526306 	41.5749 	-1.82822e-06 	3.12784e-15
0.0528849 	41.6757 	-1.82822e-06 	3.12783e-15
0.0531391 	41.7764 	-1.82822e-06 	3.12783e-15
0.0533934 	41.8772 	-1.82822e-06 	3.12782e-15
0.0536476 	41.978 	-1.82822e-06 	3.12781e-15
0.0539019 	42.0794 	-1.94238e-06 	3.15968e-15
0.0541562 	42.1871 	-1.94238e-06 	3.15967e-15
0.0544104 	42.2948 	-1.94238e-06 	3.15967e-15
0.0546647 	42.4026 	-1.94238e-06 	3.15966e-15
0.0549189 	42.5103 	-1.94238e-06 	3.15965e-15
0.0551732 	42.618 	-1.94238e-06 	3.15964e-15
0.0554274 	42.7257 	-1.94238e-06 	3.15964e-15
0.0556817 	42.8335 	-1.94238e-06 	3.15963e-15
0.0559359 	42.9412 	-1.94238e-06 	3.15962e-15
0.0561902 	43.0489 	-1.94238e-06 	3.15962e-15
0.0564444 	43.1567 	-2.31289e-06 	-1.27417e-18
0.0566987 	43.2716 	-2.05819e-06 	3.23716e-15
0.056953 	43.3866 	-2.05819e-06 	3.23715e-15
0.0572072 	43.5015 	-2.05819e-06 	3.23715e-15
0.0574615 	43.6165 	-2.05819e-06 	3.23714e-15
0.0577157 	43.7314 	-2.05819e-06 	3.23713e-15
0.05797 	43.8464 	-2.05819e-06 	3.23712e-15
0.0582242 	43.9614 	-2.05819e-06 	3.23712e-15
0.0584785 	44.0763 	-2.05819e-06 	3.23711e-15
0.0587327 	44.1913 	-2.05819e-06 	3.2371e-15
0.058987 	44.3062 	-2.05819e-06 	3.2371e-15
0.0592412 	44.428 	-2.17466e-06 	3.3196e-15
0.0594955 	44.5504 	-2.17466e-06 	3.31959e-15
0.0597497 	44.6729 	-2.17466e-06 	3.31959e-15
0.060004 	44.7953 	-2.17466e-06 	3.31958e-15
0.0602583 	44.9177 	-2.17466e-06 	3.31957e-15
0.0605125 	45.0402 	-2.17466e-06 	3.31956e-15
0.0607668 	45.1626 	-2.17466e-06 	3.31955e-15
0.061021 	45.2851 	-2.17466e-06 	3.31955e-15
0.0612753 	45.4075 	-2.17466e-06 	3.31954e-15
0.0615295 	45.5299 	-2.17466e-06 	3.31953e-15
0.0617838 	45.6587 	-2.29186e-06 	3.4625e-15
0.062038 	45.7888 	-2.29186e-06 	3.46249e-15
0.0622923 	45.919 	-2.29186e-06 	3.46248e-15
0.0625465 	46.0492 	-2.29186e-06 	3.46247e-15
0.0628008 	46.1793 	-2.29186e-06 	3.46246e-15
0.0630551 	46.3095 	-2.29186e-06 	3.46246e-15
0.0633093 	46.4396 	-2.29186e-06 	3.46245e-15
0.0635636 	46.5698 	-2.29186e-06 	3.46244e-15
0.0638178 	46.6999 	-2.29186e-06 	3.46243e-15
0.0640721 	46.8301 	-2.29186e-06 	3.46242e-15
0.0643263 	46.966 	-2.40957e-06 	3.49766e-15
0.0645806 	47.1042 	-2.40957e-06 	3.49765e-15
0.0648348 	47.2423 	-2.40957e-06 	3.49764e-15
0.0650891 	47.3804 	-2.40957e-06 	3.49764e-15
0.0653433 	47.5185 	-2.40957e-06 	3.49763e-15
0.0655976 	47.6566 	-2.40957e-06 	3.49762e-15
0.0658519 	47.7947 	-2.40957e-06 	3.49761e-15
0.0661061 	47.9328 	-2.40957e-06 	3.4976e-15
0.0663604 	48.0709 	-2.40957e-06 	3.49759e-15
0.0666146 	48.209 	-2.40957e-06 	3.49758e-15
0.0668689 	48.3523 	-2.52719e-06 	3.59931e-15
0.0671231 	48.4986 	-2.52719e-06 	3.5993e-15
0.0673774 	48.6449 	-2.52719e-06 	3.59929e-15
0.0676316 	48.7912 	-2.52719e-06 	3.59928e-15
0.0678859 	48.9375 	-2.52719e-06 	3.59927e-15
0.0681401 	49.0837 	-2.52719e-06 	3.59926e-15
0.0683944 	49.23 	-2.52719e-06 	3.59925e-15
0.0686486 	49.3763 	-2.52719e-06 	3.59924e-15
0.0689029 	49.5226 	-2.52719e-06 	3.59923e-15
0.0691572 	49.6689 	-2.52719e-06 	3.59922e-15
0.0694114 	49.8197 	-2.64268e-06 	3.70571e-15
0.0696657 	49.9744 	-2.64268e-06 	3.7057e-15
0.0699199 	50.1291 	-2.64268e-06 	3.70569e-15
0.0701742 	50.2838 	-2.64268e-06 	3.70568e-15
0.0704284 	50.4385 	-2.64268e-06 	3.70567e-15
0.0706827 	50.5932 	-2.64268e-06 	3.70566e-15
0.0709369 	50.7479 	-2.64268e-06 	3.70565e-15
0.0711912 	50.9026 	-2.64268e-06 	3.70564e-15
0.0714454 	51.0572 	-2.64268e-06 	3.70563e-15
0.0716997 	51.2119 	-2.64268e-06 	3.70562e-15
0.071954 	51.3705 	-2.74788e-06 	3.81513e-15
0.0722082 	51.5338 	-2.74788e-06 	3.81512e-15
0.0724625 	51.6971 	-2.74788e-06 	3.81511e-15
0.0727167 	51.8604 	-2.74788e-06 	3.81509e-15
0.072971 	52.0237 	-2.74788e-06 	3.81508e-15
0.0732252 	52.187 	-2.74788e-06 	3.81507e-15
0.0734795 	52.3503 	-2.74788e-06 	3.81506e-15
0.0737337 	52.5135 	-2.74788e-06 	3.81505e-15
0.073988 	52.6768 	-2.74788e-06 	3.81504e-15
0.0742422 	52.8401 	-2.74788e-06 	3.81503e-15
0.0744965 	53.0066 	-2.82464e-06 	3.92786e-15
0.0747508 	53.1786 	-2.82464e-06 	3.92785e-15
0.075005 	53.3506 	-2.82464e-06 	3.92784e-15
0.0752593 	53.5226 	-2.82464e-06 	3.92783e-15
0.0755135 	53.6946 	-2.82464e-06 	3.92782e-15
0.0757678 	53.8666 	-2.82464e-06 	3.92781e-15
0.076022 	54.0387 	-2.82464e-06 	3.92779e-15
0.0762763 	54.2107 	-2.82464e-06 	3.92778e-15
0.0765305 	54.3827 	-2.82464e-06 	3.92777e-15
0.0767848 	54.5547 	-2.82464e-06 	3.92776e-15
0.077039 	54.7291 	-2.8641e-06 	4.00106e-15
0.0772933 	54.9098 	-2.8641e-06 	4.00104e-15
0.0775475 	55.0905 	-2.8641e-06 	4.00103e-15
0.0778018 	55.2712 	-2.8641e-06 	4.00102e-15
0.0780561 	55.452 	-2.8641e-06 	4.00101e-15
0.0783103 	55.6327 	-2.8641e-06 	4.001e-15
0.0785646 	55.8134 	-2.8641e-06 	4.00099e-15
0.0788188 	55.9941 	-2.8641e-06 	4.00097e-15
0.0790731 	56.1748 	-2.8641e-06 	4.00096e-15
0.0793273 	56.3556 	-2.8641e-06 	4.00095e-15
0.0795816 	56.5378 	-2.89811e-06 	4.1114e-15
0.0798358 	56.7271 	-2.89811e-06 	4.11139e-15
0.0800901 	56.9163 	-2.89811e-06 	4.11137e-15
0.0803443 	57.1056 	-2.89811e-06 	4.11136e-15
0.0805986 	57.2949 	-2.89811e-06 	4.11135e-15
0.0808529 	57.4841 	-2.89811e-06 	4.11134e-15
0.0811071 	57.6734 	-2.89811e-06 	4.11132e-15
0.0813614 	57.8626 	-2.89811e-06 	4.11131e-15
0.0816156 	58.0519 	-2.89811e-06 	4.1113e-15
0.0818699 	58.2411 	-2.89811e-06 	4.11129e-15
0.0821241 	58.4311 	-2.92013e-06 	4.22705e-15
0.0823784 	58.6287 	-2.92013e-06 	4.22704e-15
0.0826326 	58.8263 	-2.92013e-06 	4.22703e-15
0.0828869 	59.0239 	-2.92013e-06 	4.22702e-15
0.0831411 	59.2214 	-2.92013e-06 	4.227e-15
0.0833954 	59.419 	-2.92013e-06 	4.22699e-15
0.0836496 	59.6166 	-2.92013e-06 	4.22698e-15
0.0839039 	59.8142 	-2.92013e-06 	4.22697e-15
0.0841582 	60.0117 	-2.92013e-06 	4.22695e-15
0.0844124 	60.2093 	-2.92013e-06 	4.22694e-15
0.0846667 	60.4069 	-3.84106e-06 	9.97159e-18
0.0849209 	60.6125 	-2.91809e-06 	4.34604e-15
0.0851752 	60.8182 	-2.91809e-06 	4.34603e-15
0.0854294 	61.0238 	-2.91809e-06 	4.34602e-15
0.0856837 	61.2294 	-2.91809e-06 	4.346e-15
0.0859379 	61.4351 	-2.91809e-06 	4.34599e-15
0.0861922 	61.6407 	-2.91809e-06 	4.34598e-15
0.0864464 	61.8463 	-2.91809e-06 	4.34597e-15
0.0867007 	62.052 	-2.91809e-06 	4.34595e-15
0.086955 	62.2576 	-2.91809e-06 	4.34594e-15
0.0872092 	62.4632 	-2.91809e-06 	4.34593e-15
0.0874635 	62.6758 	-2.93112e-06 	4.46668e-15
0.0877177 	62.8891 	-2.93112e-06 	4.46667e-15
0.087972 	63.1024 	-2.93112e-06 	4.46665e-15
0.0882262 	63.3157 	-2.93112e-06 	4.46664e-15
0.0884805 	63.5289 	-2.93112e-06 	4.46662e-15
0.0887347 	63.7422 	-2.93112e-06 	4.46661e-15
0.088989 	63.9555 	-2.93112e-06 	4.4666e-15
0.0892432 	64.1688 	-2.93112e-06 	4.46658e-15
0.0894975 	64.3821 	-2.93112e-06 	4.46657e-15
0.0897518 	64.5953 	-2.93112e-06 	4.46656e-15
0.090006 	64.8144 	-2.94722e-06 	4.58807e-15
0.0902603 	65.0347 	-2.94722e-06 	4.58806e-15
0.0905145 	65.255 	-2.94722e-06 	4.58804e-15
0.0907688 	65.4753 	-2.94722e-06 	4.58803e-15
0.091023 	65.6957 	-2.94722e-06 	4.58801e-15
0.0912773 	65.916 	-2.94722e-06 	4.588e-15
0.0915315 	66.1363 	-2.94722e-06 	4.58799e-15
0.0917858 	66.3566 	-2.94722e-06 	4.58797e-15
0.09204 	66.5769 	-2.94722e-06 	4.58796e-15
0.0922943 	66.7973 	-2.94722e-06 	4.58794e-15
0.0925485 	67.0222 	-2.94278e-06 	4.70936e-15
0.0928028 	67.2488 	-2.94278e-06 	4.70935e-15
0.0930571 	67.4754 	-2.94278e-06 	4.70933e-15
0.0933113 	67.702 	-2.94278e-06 	4.70932e-15
0.0935656 	67.9286 	-2.94278e-06 	4.7093e-15
0.0938198 	68.1552 	-2.94278e-06 	4.70929e-15
0.0940741 	68.3818 	-2.94278e-06 	4.70928e-15
0.0943283 	68.6084 	-2.94278e-06 	4.70926e-15
0.0945826 	68.835 	-2.94278e-06 	4.70925e-15
0.0948368 	69.0616 	-2.94278e-06 	4.70923e-15
0.0950911 	69.2915 	-2.89329e-06 	4.77962e-15
0.0953453 	69.5233 	-2.89329e-06 	4.7796e-15
0.0955996 	69.7552 	-2.89329e-06 	4.77959e-15
0.0958539 	69.987 	-2.89329e-06 	4.77957e-15
0.0961081 	70.2188 	-2.89329e-06 	4.77956e-15
0.0963624 	70.4507 	-2.89329e-06 	4.77954e-15
0.0966166 	70.6825 	-2.89329e-06 	4.77953e-15
0.0968709 	70.9143 	-2.89329e-06 	4.77951e-15
0.0971251 	71.1462 	-2.89329e-06 	4.7795e-15
0.0973794 	71.378 	-2.89329e-06 	4.77948e-15
0.0976336 	71.6119 	-2.81723e-06 	4.94028e-15
0.0978879 	71.8475 	-2.81723e-06 	4.94026e-15
0.0981421 	72.0831 	-2.81723e-06 	4.94025e-15
0.0983964 	72.3187 	-2.81723e-06 	4.94023e-15
0.0986507 	72.5543 	-2.81723e-06 	4.94022e-15
0.0989049 	72.79 	-2.81723e-06 	4.9402e-15
0.0991592 	73.0256 	-2.81723e-06 	4.94019e-15
0.0994134 	73.2612 	-2.81723e-06 	4.94017e-15
0.0996677 	73.4968 	-2.81723e-06 	4.94016e-15
0.0999219 	73.7324 	-2.81723e-06 	4.94014e-15
0.100176 	73.9689 	-2.70799e-06 	5.12112e-15
0.10043 	74.2065 	-2.70799e-06 	5.1211e-15
0.100685 	74.4441 	-2.70799e-06 	5.12109e-15
0.100939 	74.6817 	-2.70799e-06 	5.12107e-15
0.101193 	74.9192 	-2.70799e-06 	5.12106e-15
0.101447 	75.1568 	-2.70799e-06 	5.12104e-15
0.101702 	75.3944 	-2.70799e-06 	5.12103e-15
0.101956 	75.632 	-2.70799e-06 	5.12101e-15
0.10221 	75.8695 	-2.70799e-06 	5.121e-15
0.102464 	76.1071 	-2.70799e-06 	5.12098e-15
0.102719 	76.3446 	-2.5349e-06 	5.2271e-15
0.102973 	76.582 	-2.5349e-06 	5.22708e-15
0.103227 	76.8194 	-2.5349e-06 	5.22707e-15
0.103481 	77.0568 	-2.5349e-06 	5.22705e-15
0.103736 	77.2942 	-2.5349e-06 	5.22703e-15
0.10399 	77.5316 	-2.5349e-06 	5.22702e-15
0.104244 	77.7689 	-2.5349e-06 	5.227e-15
0.104498 	78.0063 	-2.5349e-06 	5.22699e-15
0.104753 	78.2437 	-2.5349e-06 	5.22697e-15
0.105007 	78.4811 	-2.5349e-06 	5.22696e-15
0.105261 	78.7178 	-2.3507e-06 	5.38701e-15
0.105516 	78.9525 	-2.3507e-06 	5.387e-15
0.10577 	79.1873 	-2.3507e-06 	5.38698e-15
0.106024 	79.4221 	-2.3507e-06 	5.38697e-15
0.106278 	79.6569 	-2.3507e-06 	5.38695e-15
0.106533 	79.8916 	-2.3507e-06 	5.38694e-15
0.106787 	80.1264 	-2.3507e-06 	5.38692e-15
0.107041 	80.3612 	-2.3507e-06 	5.38691e-15
0.107295 	80.5959 	-2.3507e-06 	5.38689e-15
0.10755 	80.8307 	-2.3507e-06 	5.38688e-15
0.107804 	81.0645 	-2.07221e-06 	5.52122e-15
0.108058 	81.2941 	-2.07221e-06 	5.5212e-15
0.108312 	81.5237 	-2.07221e-06 	5.52119e-15
0.108567 	81.7533 	-2.07221e-06 	5.52117e-15
0.108821 	81.9829 	-2.07221e-06 	5.52116e-15
0.109075 	82.2125 	-2.07221e-06 	5.52114e-15
0.109329 	82.4421 	-2.07221e-06 	5.52113e-15
0.109584 	82.6717 	-2.07221e-06 	5.52111e-15
0.109838 	82.9013 	-2.07221e-06 	5.5211e-15
0.110092 	83.1309 	-2.07221e-06 	5.52108e-15
0.110346 	83.3597 	-1.75837e-06 	5.59944e-15
0.110601 	83.5814 	-1.75837e-06 	5.59943e-15
0.110855 	83.803 	-1.75837e-06 	5.59941e-15
0.111109 	84.0246 	-1.75837e-06 	5.5994e-15
0.111363 	84.2462 	-1.75837e-06 	5.59939e-15
0.111618 	84.4678 	-1.75837e-06 	5.59937e-15
0.111872 	84.6894 	-1.75837e-06 	5.59936e-15
0.112126 	84.911 	-1.75837e-06 	5.59934e-15
0.11238 	85.1326 	-1.75837e-06 	5.59933e-15
0.112635 	85.3542 	-1.75837e-06 	5.59931e-15
0.112889 	85.5758 	-2.86985e-06 	1.92019e-17
0.113143 	85.7863 	-1.42612e-06 	5.66047e-15
0.113397 	85.9968 	-1.42612e-06 	5.66046e-15
0.113652 	86.2072 	-1.42612e-06 	5.66045e-15
0.113906 	86.4177 	-1.42612e-06 	5.66043e-15
0.11416 	86.6282 	-1.42612e-06 	5.66042e-15
0.114414 	86.8387 	-1.42612e-06 	5.66041e-15
0.114669 	87.0492 	-1.42612e-06 	5.66039e-15
0.114923 	87.2597 	-1.42612e-06 	5.66038e-15
0.115177 	87.4702 	-1.42612e-06 	5.66036e-15
0.115431 	87.6807 	-1.42612e-06 	5.66035e-15
0.115686 	87.8781 	-1.01552e-06 	5.70727e-15
0.11594 	88.0741 	-1.01552e-06 	5.70726e-15
0.116194 	88.2702 	-1.01552e-06 	5.70725e-15
0.116448 	88.4663 	-1.01552e-06 	5.70724e-15
0.116703 	88.6624 	-1.01552e-06 	5.70722e-15
0.116957 	88.8585 	-1.01552e-06 	5.70721e-15
0.117211 	89.0546 	-1.01552e-06 	5.7072e-15
0.117465 	89.2506 	-1.01552e-06 	5.70719e-15
0.11772 	89.4467 	-1.01552e-06 	5.70717e-15
0.117974 	89.6428 	-1.01552e-06 	5.70716e-15
0.118228 	89.8243 	-6.03856e-07 	5.74052e-15
0.118482 	90.0025 	-6.03856e-07 	5.74051e-15
0.118737 	90.1807 	-6.03856e-07 	5.7405e-15
0.118991 	90.359 	-6.03856e-07 	5.74049e-15
0.119245 	90.5372 	-6.03856e-07 	5.74048e-15
0.119499 	90.7154 	-6.03856e-07 	5.74046e-15
0.119754 	90.8936 	-6.03856e-07 	5.74045e-15
0.120008 	91.0718 	-6.03856e-07 	5.74044e-15
0.120262 	91.2501 	-6.03856e-07 	5.74043e-15
0.120517 	91.4283 	-6.03856e-07 	5.74042e-15
0.120771 	91.5911 	-1.91486e-07 	5.75964e-15
0.121025 	91.7481 	-1.91486e-07 	5.75963e-15
0.121279 	91.9051 	-1.91486e-07 	5.75962e-15
0.121534 	92.0621 	-1.91486e-07 	5.75961e-15
0.121788 	92.2191 	-1.91486e-07 	5.7596e-15
0.122042 	92.376 	-1.91486e-07 	5.75959e-15
0.122296 	92.533 	-1.91486e-07 	5.75958e-15
0.122551 	92.69 	-1.91486e-07 	5.75957e-15
0.122805 	92.847 	-1.91486e-07 	5.75956e-15
0.123059 	93.004 	-1.91486e-07 	5.75955e-15
0.123313 	93.1456 	2.21652e-07 	5.76409e-15
0.123568 	93.2784 	2.21652e-07 	5.76408e-15
0.123822 	93.4112 	2.21652e-07 	5.76407e-15
0.124076 	93.544 	2.21652e-07 	5.76406e-15
0.12433 	93.6768 	2.21652e-07 	5.76405e-15
0.124585 	93.8096 	2.21652e-07 	5.76405e-15
0.124839 	93.9424 	2.21652e-07 	5.76404e-15
0.125093 	94.0752 	2.21652e-07 	5.76403e-15
0.125347 	94.208 	2.21652e-07 	5.76402e-15
0.125602 	94.3408 	2.21652e-07 	5.76401e-15
0.125856 	94.4591 	5.96225e-07 	5.75416e-15
0.12611 	94.5655 	5.96225e-07 	5.75415e-15
0.126364 	94.6718 	5.96225e-07 	5.75414e-15
0.126619 	94.7781 	5.96225e-07 	5.75414e-15
0.126873 	94.8844 	5.96225e-07 	5.75413e-15
0.127127 	94.9907 	5.96225e-07 	5.75412e-15
0.127381 	95.0971 	5.96225e-07 	5.75411e-15
0.127636 	95.2034 	5.96225e-07 	5.75411e-15
0.12789 	95.3097 	5.96225e-07 	5.7541e-15
0.128144 	95.416 	5.96225e-07 	5.75409e-15
0.128398 	95.5098 	9.24845e-07 	5.73068e-15
0.128653 	95.5884 	9.24845e-07 	5.73068e-15
0.128907 	95.667 	9.24845e-07 	5.73067e-15
0.129161 	95.7456 	9.24845e-07 	5.73067e-15
0.129415 	95.8242 	9.24845e-07 	5.73066e-15
0.12967 	95.9028 	9.24845e-07 	5.73066e-15
0.129924 	95.9814 	9.24845e-07 	5.73065e-15
0.130178 	96.06 	9.24845e-07 	5.73065e-15
0.130432 	96.1386 	9.24845e-07 	5.73064e-15
0.130687 	96.2172 	9.24845e-07 	5.73064e-15
0.130941 	96.2857 	1.20392e-06 	5.69644e-15
0.131195 	96.3366 	1.20392e-06 	5.69644e-15
0.131449 	96.3874 	1.20392e-06 	5.69643e-15
0.131704 	96.4382 	1.20392e-06 	5.69643e-15
0.131958 	96.489 	1.20392e-06 	5.69643e-15
0.132212 	96.5398 	1.20392e-06 	5.69642e-15
0.132466 	96.5907 	1.20392e-06 	5.69642e-15
0.132721 	96.6415 	1.20392e-06 	5.69642e-15
0.132975 	96.6923 	1.20392e-06 	5.69641e-15
0.133229 	96.7431 	1.20392e-06 	5.69641e-15
0.133483 	96.7866 	1.42454e-06 	5.65402e-15
0.133738 	96.8106 	1.42454e-06 	5.65402e-15
0.133992 	96.8346 	1.42454e-06 	5.65402e-15
0.134246 	96.8586 	1.42454e-06 	5.65402e-15
0.134501 	96.8826 	1.42454e-06 	5.65402e-15
0.134755 	96.9066 	1.42454e-06 	5.65402e-15
0.135009 	96.9306 	1.42454e-06 	5.65402e-15
0.135263 	96.9546 	1.42454e-06 	5.65401e-15
0.135518 	96.9786 	1.42454e-06 	5.65401e-15
0.135772 	97.0026 	1.42454e-06 	5.65401e-15
0.136026 	97.022 	1.62277e-06 	5.65877e-15
0.13628 	97.0208 	1.62277e-06 	5.65877e-15
0.136535 	97.0197 	1.62277e-06 	5.65877e-15
0.136789 	97.0186 	1.62277e-06 	5.65877e-15
0.137043 	97.0174 	1.62277e-06 	5.65877e-15
0.137297 	97.0163 	1.62277e-06 	5.65877e-15
0.137552 	97.0151 	1.62277e-06 	5.65877e-15
0.137806 	97.014 	1.62277e-06 	5.65877e-15
0.13806 	97.0129 	1.62277e-06 	5.65877e-15
0.138314 	97.0117 	1.62277e-06 	5.65877e-15
0.138569 	97.0085 	1.77899e-06 	5.54499e-15
0.138823 	96.9843 	1.77899e-06 	5.54499e-15
0.139077 	96.96 	1.77899e-06 	5.54499e-15
0.139331 	96.9358 	1.77899e-06 	5.54499e-15
0.139586 	96.9116 	1.77899e-06 	5.54499e-15
0.13984 	96.8873 	1.77899e-06 	5.545e-15
0.140094 	96.8631 	1.77899e-06 	5.545e-15
0.140348 	96.8388 	1.77899e-06 	5.545e-15
0.140603 	96.8146 	1.77899e-06 	5.545e-15
0.140857 	96.7904 	1.77899e-06 	5.545e-15
0.141111 	96.7661 	9.65472e-07 	1.21565e-17
0.141365 	96.721 	1.90434e-06 	5.49011e-15
0.14162 	96.6758 	1.90434e-06 	5.49011e-15
0.141874 	96.6306 	1.90434e-06 	5.49012e-15
0.142128 	96.5854 	1.90434e-06 	5.49012e-15
0.142382 	96.5402 	1.90434e-06 	5.49012e-15
0.142637 	96.4951 	1.90434e-06 	5.49013e-15
0.142891 	96.4499 	1.90434e-06 	5.49013e-15
0.143145 	96.4047 	1.90434e-06 	5.49013e-15
0.143399 	96.3595 	1.90434e-06 	5.49013e-15
0.143654 	96.3144 	1.90434e-06 	5.49014e-15
0.143908 	96.2521 	2.02161e-06 	5.3793e-15
0.144162 	96.1881 	2.02161e-06 	5.37931e-15
0.144416 	96.1241 	2.02161e-06 	5.37931e-15
0.144671 	96.0602 	2.02161e-06 	5.37931e-15
0.144925 	95.9962 	2.02161e-06 	5.37932e-15
0.145179 	95.9322 	2.02161e-06 	5.37932e-15
0.145433 	95.8683 	2.02161e-06 	5.37933e-15
0.145688 	95.8043 	2.02161e-06 	5.37933e-15
0.145942 	95.7403 	2.02161e-06 	5.37934e-15
0.146196 	95.6763 	2.02161e-06 	5.37934e-15
0.14645 	95.5986 	2.12763e-06 	5.26573e-15
0.146705 	95.5179 	2.12763e-06 	5.26573e-15
0.146959 	95.4372 	2.12763e-06 	5.26574e-15
0.147213 	95.3564 	2.12763e-06 	5.26574e-15
0.147467 	95.2757 	2.12763e-06 	5.26575e-15
0.147722 	95.1949 	2.12763e-06 	5.26575e-15
0.147976 	95.1142 	2.12763e-06 	5.26576e-15
0.14823 	95.0335 	2.12763e-06 	5.26576e-15
0.148484 	94.9527 	2.12763e-06 	5.26577e-15
0.148739 	94.872 	2.12763e-06 	5.26577e-15
0.148993 	94.7804 	2.22853e-06 	5.18426e-15
0.149247 	94.6848 	2.22853e-06 	5.18426e-15
0.149502 	94.5892 	2.22853e-06 	5.18427e-15
0.149756 	94.4936 	2.22853e-06 	5.18428e-15
0.15001 	94.3979 	2.22853e-06 	5.18428e-15
0.150264 	94.3023 	2.22853e-06 	5.18429e-15
0.150519 	94.2067 	2.22853e-06 	5.18429e-15
0.150773 	94.1111 	2.22853e-06 	5.1843e-15
0.151027 	94.0154 	2.22853e-06 	5.18431e-15
0.151281 	93.9198 	2.22853e-06 	5.18431e-15
0.151536 	93.8159 	2.32433e-06 	5.10874e-15
0.15179 	93.7072 	2.32433e-06 	5.10875e-15
0.152044 	93.5985 	2.32433e-06 	5.10876e-15
0.152298 	93.4897 	2.32433e-06 	5.10876e-15
0.152553 	93.381 	2.32433e-06 	5.10877e-15
0.152807 	93.2723 	2.32433e-06 	5.10878e-15
0.153061 	93.1636 	2.32433e-06 	5.10878e-15
0.153315 	93.0549 	2.32433e-06 	5.10879e-15
0.15357 	92.9462 	2.32433e-06 	5.1088e-15
0.153824 	92.8375 	2.32433e-06 	5.1088e-15
0.154078 	92.7227 	2.41175e-06 	5.02999e-15
0.154332 	92.6027 	2.41175e-06 	5.03e-15
0.154587 	92.4827 	2.41175e-06 	5.03001e-15
0.154841 	92.3627 	2.41175e-06 	5.03002e-15
0.155095 	92.2427 	2.41175e-06 	5.03003e-15
0.155349 	92.1227 	2.41175e-06 	5.03003e-15
0.155604 	92.0027 	2.41175e-06 	5.03004e-15
0.155858 	91.8827 	2.41175e-06 	5.03005e-15
0.156112 	91.7627 	2.41175e-06 	5.03006e-15
0.156366 	91.6427 	2.41175e-06 	5.03006e-15
0.156621 	91.5184 	2.48746e-06 	4.94962e-15
0.156875 	91.389 	2.48746e-06 	4.94963e-15
0.157129 	91.2595 	2.48746e-06 	4.94964e-15
0.157383 	91.1301 	2.48746e-06 	4.94965e-15
0.157638 	91.0006 	2.48746e-06 	4.94966e-15
0.157892 	90.8712 	2.48746e-06 	4.94967e-15
0.158146 	90.7417 	2.48746e-06 	4.94967e-15
0.1584 	90.6123 	2.48746e-06 	4.94968e-15
0.158655 	90.4828 	2.48746e-06 	4.94969e-15
0.158909 	90.3534 	2.48746e-06 	4.9497e-15
0.159163 	90.2212 	2.54929e-06 	4.9129e-15
0.159417 	90.0841 	2.54929e-06 	4.91291e-15
0.159672 	89.9471 	2.54929e-06 	4.91292e-15
0.159926 	89.81 	2.54929e-06 	4.91293e-15
0.16018 	89.673 	2.54929e-06 	4.91294e-15
0.160434 	89.5359 	2.54929e-06 	4.91295e-15
0.160689 	89.3989 	2.54929e-06 	4.91295e-15
0.160943 	89.2619 	2.54929e-06 	4.91296e-15
0.161197 	89.1248 	2.54929e-06 	4.91297e-15
0.161451 	88.9878 	2.54929e-06 	4.91298e-15
0.161706 	88.8492 	2.59656e-06 	4.87891e-15
0.16196 	88.7064 	2.59656e-06 	4.87891e-15
0.162214 	88.5636 	2.59656e-06 	4.87892e-15
0.162468 	88.4208 	2.59656e-06 	4.87893e-15
0.162723 	88.2781 	2.59656e-06 	4.87894e-15
0.162977 	88.1353 	2.59656e-06 	4.87895e-15
0.163231 	87.9925 	2.59656e-06 	4.87896e-15
0.163485 	87.8498 	2.59656e-06 	4.87897e-15
0.16374 	87.707 	2.59656e-06 	4.87898e-15
0.163994 	87.5642 	2.59656e-06 	4.87899e-15
0.164248 	87.4207 	2.62967e-06 	4.7905e-15
0.164503 	87.274 	2.62967e-06 	4.79051e-15
0.164757 	87.1273 	2.62967e-06 	4.79051e-15
0.165011 	86.9806 	2.62967e-06 	4.79052e-15
0.165265 	86.8339 	2.62967e-06 	4.79053e-15
0.16552 	86.6872 	2.62967e-06 	4.79054e-15
0.165774 	86.5405 	2.62967e-06 	4.79055e-15
0.166028 	86.3938 	2.62967e-06 	4.79056e-15
0.166282 	86.2471 	2.62967e-06 	4.79057e-15
0.166537 	86.1004 	2.62967e-06 	4.79058e-15
0.166791 	85.9534 	2.64949e-06 	4.7053e-15
0.167045 	85.8045 	2.64949e-06 	4.7053e-15
0.167299 	85.6555 	2.64949e-06 	4.70531e-15
0.167554 	85.5065 	2.64949e-06 	4.70532e-15
0.167808 	85.3576 	2.64949e-06 	4.70533e-15
0.168062 	85.2086 	2.64949e-06 	4.70534e-15
0.168316 	85.0596 	2.64949e-06 	4.70535e-15
0.168571 	84.9106 	2.64949e-06 	4.70536e-15
0.168825 	84.7617 	2.64949e-06 	4.70537e-15
0.169079 	84.6127 	2.64949e-06 	4.70538e-15
0.169333 	84.4637 	2.00928e-06 	6.07569e-18
0.169588 	84.314 	2.65676e-06 	4.66584e-15
0.169842 	84.1642 	2.65676e-06 	4.66585e-15
0.170096 	84.0145 	2.65676e-06 	4.66586e-15
0.17035 	83.8648 	2.65676e-06 	4.66587e-15
0.170605 	83.715 	2.65676e-06 	4.66588e-15
0.170859 	83.5653 	2.65676e-06 	4.66589e-15
0.171113 	83.4155 	2.65676e-06 	4.6659e-15
0.171367 	83.2658 	2.65676e-06 	4.66591e-15
0.171622 	83.1161 	2.65676e-06 	4.66592e-15
0.171876 	82.9663 	2.65676e-06 	4.66593e-15
0.17213 	82.8171 	2.65248e-06 	4.58234e-15
0.172384 	82.6679 	2.65248e-06 	4.58235e-15
0.172639 	82.5186 	2.65248e-06 	4.58236e-15
0.172893 	82.3694 	2.65248e-06 	4.58236e-15
0.173147 	82.2202 	2.65248e-06 	4.58237e-15
0.173401 	82.071 	2.65248e-06 	4.58238e-15
0.173656 	81.9218 	2.65248e-06 	4.58239e-15
0.17391 	81.7726 	2.65248e-06 	4.5824e-15
0.174164 	81.6234 	2.65248e-06 	4.58241e-15
0.174418 	81.4742 	2.65248e-06 	4.58242e-15
0.174673 	81.3263 	2.63725e-06 	4.53813e-15
0.174927 	81.1788 	2.63725e-06 	4.53814e-15
0.175181 	81.0312 	2.63725e-06 	4.53815e-15
0.175435 	80.8836 	2.63725e-06 	4.53816e-15
0.17569 	80.736 	2.63725e-06 	4.53817e-15
0.175944 	80.5885 	2.63725e-06 	4.53818e-15
0.176198 	80.4409 	2.63725e-06 	4.53819e-15
0.176452 	80.2933 	2.63725e-06 	4.5382e-15
0.176707 	80.1458 	2.63725e-06 	4.53821e-15
0.176961 	79.9982 	2.63725e-06 	4.53822e-15
0.177215 	79.8525 	2.61239e-06 	4.5094e-15
0.177469 	79.7074 	2.61239e-06 	4.50941e-15
0.177724 	79.5624 	2.61239e-06 	4.50942e-15
0.177978 	79.4174 	2.61239e-06 	4.50943e-15
0.178232 	79.2723 	2.61239e-06 	4.50944e-15
0.178486 	79.1273 	2.61239e-06 	4.50945e-15
0.178741 	78.9823 	2.61239e-06 	4.50946e-15
0.178995 	78.8373 	2.61239e-06 	4.50947e-15
0.179249 	78.6922 	2.61239e-06 	4.50948e-15
0.179504 	78.5472 	2.61239e-06 	4.50949e-15
0.179758 	78.4043 	2.57819e-06 	4.43087e-15
0.180012 	78.2625 	2.57819e-06 	4.43088e-15
0.180266 	78.1207 	2.57819e-06 	4.43089e-15
0.180521 	77.979 	2.57819e-06 	4.43089e-15
0.180775 	77.8372 	2.57819e-06 	4.4309e-15
0.181029 	77.6955 	2.57819e-06 	4.43091e-15
0.181283 	77.5537 	2.57819e-06 	4.43092e-15
0.181538 	77.4119 	2.57819e-06 	4.43093e-15
0.181792 	77.2702 	2.57819e-06 	4.43094e-15
0.182046 	77.1284 	2.57819e-06 	4.43095e-15
0.1823 	76.9888 	2.53482e-06 	4.33951e-15
0.182555 	76.8509 	2.53482e-06 	4.33952e-15
0.182809 	76.7129 	2.53482e-06 	4.33953e-15
0.183063 	76.575 	2.53482e-06 	4.33954e-15
0.183317 	76.4371 	2.53482e-06 	4.33955e-15
0.183572 	76.2992 	2.53482e-06 	4.33956e-15
0.183826 	76.1613 	2.53482e-06 	4.33957e-15
0.18408 	76.0234 	2.53482e-06 	4.33958e-15
0.184334 	75.8855 	2.53482e-06 	4.33958e-15
0.184589 	75.7476 	2.53482e-06 	4.33959e-15
0.184843 	75.6116 	2.48306e-06 	4.2514e-15
0.185097 	75.478 	2.48306e-06 	4.25141e-15
0.185351 	75.3444 	2.48306e-06 	4.25142e-15
0.185606 	75.2108 	2.48306e-06 	4.25143e-15
0.18586 	75.0772 	2.48306e-06 	4.25143e-15
0.186114 	74.9436 	2.48306e-06 	4.25144e-15
0.186368 	74.81 	2.48306e-06 	4.25145e-15
0.186623 	74.6763 	2.48306e-06 	4.25146e-15
0.186877 	74.5427 	2.48306e-06 	4.25147e-15
0.187131 	74.4091 	2.48306e-06 	4.25148e-15
0.187385 	74.2772 	2.42134e-06 	4.11086e-15
0.18764 	74.1482 	2.42134e-06 	4.11086e-15
0.187894 	74.0192 	2.42134e-06 	4.11087e-15
0.188148 	73.8903 	2.42134e-06 	4.11088e-15
0.188402 	73.7613 	2.42134e-06 	4.11089e-15
0.188657 	73.6323 	2.42134e-06 	4.1109e-15
0.188911 	73.5034 	2.42134e-06 	4.11091e-15
0.189165 	73.3744 	2.42134e-06 	4.11091e-15
0.189419 	73.2454 	2.42134e-06 	4.11092e-15
0.189674 	73.1164 	2.42134e-06 	4.11093e-15
0.189928 	72.9888 	2.3502e-06 	4.03123e-15
0.190182 	72.8647 	2.3502e-06 	4.03124e-15
0.190436 	72.7406 	2.3502e-06 	4.03125e-15
0.190691 	72.6165 	2.3502e-06 	4.03126e-15
0.190945 	72.4925 	2.3502e-06 	4.03127e-15
0.191199 	72.3684 	2.3502e-06 	4.03127e-15
0.191453 	72.2443 	2.3502e-06 	4.03128e-15
0.191708 	72.1202 	2.3502e-06 	4.03129e-15
0.191962 	71.9961 	2.3502e-06 	4.0313e-15
0.192216 	71.8721 	2.3502e-06 	4.03131e-15
0.19247 	71.7489 	2.26767e-06 	3.90197e-15
0.192725 	71.6299 	2.26767e-06 	3.90197e-15
0.192979 	71.5109 	2.26767e-06 	3.90198e-15
0.193233 	71.3919 	2.26767e-06 	3.90199e-15
0.193487 	71.2728 	2.26767e-06 	3.902e-15
0.193742 	71.1538 	2.26767e-06 	3.902e-15
0.193996 	71.0348 	2.26767e-06 	3.90201e-15
0.19425 	70.9158 	2.26767e-06 	3.90202e-15
0.194505 	70.7968 	2.26767e-06 	3.90203e-15
0.194759 	70.6778 	2.26767e-06 	3.90204e-15
0.195013 	70.5592 	2.17375e-06 	3.87051e-15
0.195267 	70.4454 	2.17375e-06 	3.87051e-15
0.195522 	70.3316 	2.17375e-06 	3.87052e-15
0.195776 	70.2177 	2.17375e-06 	3.87053e-15
0.19603 	70.1039 	2.17375e-06 	3.87054e-15
0.196284 	69.9901 	2.17375e-06 	3.87054e-15
0.196539 	69.8762 	2.17375e-06 	3.87055e-15
0.196793 	69.7624 	2.17375e-06 	3.87056e-15
0.197047 	69.6485 	2.17375e-06 	3.87057e-15
0.197301 	69.5347 	2.17375e-06 	3.87057e-15
0.197556 	69.4209 	1.65575e-06 	2.6531e-18
0.19781 	69.3123 	2.07614e-06 	3.79992e-15
0.198064 	69.2037 	2.07614e-06 	3.79993e-15
0.198318 	69.0951 	2.07614e-06 	3.79993e-15
0.198573 	68.9866 	2.07614e-06 	3.79994e-15
0.198827 	68.878 	2.07614e-06 	3.79995e-15
0.199081 	68.7694 	2.07614e-06 	3.79996e-15
0.199335 	68.6608 	2.07614e-06 	3.79996e-15
0.19959 	68.5523 	2.07614e-06 	3.79997e-15
0.199844 	68.4437 	2.07614e-06 	3.79998e-15
0.200098 	68.3351 	2.07614e-06 	3.79998e-15
0.200352 	68.2313 	1.98061e-06 	3.73683e-15
0.200607 	68.1281 	1.98061e-06 	3.73684e-15
0.200861 	68.0248 	1.98061e-06 	3.73684e-15
0.201115 	67.9215 	1.98061e-06 	3.73685e-15
0.201369 	67.8183 	1.98061e-06 	3.73686e-15
0.201624 	67.715 	1.98061e-06 	3.73686e-15
0.201878 	67.6117 	1.98061e-06 	3.73687e-15
0.202132 	67.5085 	1.98061e-06 	3.73688e-15
0.202386 	67.4052 	1.98061e-06 	3.73688e-15
0.202641 	67.3019 	1.98061e-06 	3.73689e-15
0.202895 	67.203 	1.88631e-06 	3.67529e-15
0.203149 	67.1051 	1.88631e-06 	3.67529e-15
0.203403 	67.0071 	1.88631e-06 	3.6753e-15
0.203658 	66.9092 	1.88631e-06 	3.67531e-15
0.203912 	66.8112 	1.88631e-06 	3.67531e-15
0.204166 	66.7133 	1.88631e-06 	3.67532e-15
0.20442 	66.6153 	1.88631e-06 	3.67533e-15
0.204675 	66.5174 	1.88631e-06 	3.67533e-15
0.204929 	66.4195 	1.88631e-06 	3.67534e-15
0.205183 	66.3215 	1.88631e-06 	3.67534e-15
0.205437 	66.2274 	1.78637e-06 	3.61551e-15
0.205692 	66.1348 	1.78637e-06 	3.61551e-15
0.205946 	66.0422 	1.78637e-06 	3.61552e-15
0.2062 	65.9495 	1.78637e-06 	3.61552e-15
0.206454 	65.8569 	1.78637e-06 	3.61553e-15
0.206709 	65.7643 	1.78637e-06 	3.61554e-15
0.206963 	65.6716 	1.78637e-06 	3.61554e-15
0.207217 	65.579 	1.78637e-06 	3.61555e-15
0.207471 	65.4864 	1.78637e-06 	3.61555e-15
0.207726 	65.3937 	1.78637e-06 	3.61556e-15
0.20798 	65.3045 	1.67829e-06 	3.50668e-15
0.208234 	65.2171 	1.67829e-06 	3.50669e-15
0.208488 	65.1298 	1.67829e-06 	3.50669e-15
0.208743 	65.0424 	1.67829e-06 	3.5067e-15
0.208997 	64.9551 	1.67829e-06 	3.5067e-15
0.209251 	64.8677 	1.67829e-06 	3.50671e-15
0.209506 	64.7804 	1.67829e-06 	3.50671e-15
0.20976 	64.693 	1.67829e-06 	3.50672e-15
0.210014 	64.6057 	1.67829e-06 	3.50673e-15
0.210268 	64.5183 	1.67829e-06 	3.50673e-15
0.210523 	64.4338 	1.56587e-06 	3.51089e-15
0.210777 	64.3517 	1.56587e-06 	3.51089e-15
0.211031 	64.2696 	1.56587e-06 	3.5109e-15
0.211285 	64.1875 	1.56587e-06 	3.5109e-15
0.21154 	64.1053 	1.56587e-06 	3.51091e-15
0.211794 	64.0232 	1.56587e-06 	3.51091e-15
0.212048 	63.9411 	1.56587e-06 	3.51092e-15
0.212302 	63.859 	1.56587e-06 	3.51092e-15
0.212557 	63.7769 	1.56587e-06 	3.51093e-15
0.212811 	63.6948 	1.56587e-06 	3.51093e-15
0.213065 	63.615 	1.4514e-06 	3.45661e-15
0.213319 	63.5381 	1.4514e-06 	3.45661e-15
0.213574 	63.4612 	1.4514e-06 	3.45662e-15
0.213828 	63.3842 	1.4514e-06 	3.45662e-15
0.214082 	63.3073 	1.4514e-06 	3.45663e-15
0.214336 	63.2304 	1.4514e-06 	3.45663e-15
0.214591 	63.1534 	1.4514e-06 	3.45664e-15
0.214845 	63.0765 	1.4514e-06 	3.45664e-15
0.215099 	62.9996 	1.4514e-06 	3.45665e-15
0.215353 	62.9227 	1.4514e-06 	3.45665e-15
0.215608 	62.8476 	1.33636e-06 	3.45361e-15
0.215862 	62.7758 	1.33636e-06 	3.45361e-15
0.216116 	62.704 	1.33636e-06 	3.45362e-15
0.21637 	62.6322 	1.33636e-06 	3.45362e-15
0.216625 	62.5604 	1.33636e-06 	3.45363e-15
0.216879 	62.4886 	1.33636e-06 	3.45363e-15
0.217133 	62.4168 	1.33636e-06 	3.45364e-15
0.217387 	62.345 	1.33636e-06 	3.45364e-15
0.217642 	62.2732 	1.33636e-06 	3.45365e-15
0.217896 	62.2014 	1.33636e-06 	3.45365e-15
0.21815 	62.131 	1.22152e-06 	3.36191e-15
0.218404 	62.0643 	1.22152e-06 	3.36191e-15
0.218659 	61.9975 	1.22152e-06 	3.36192e-15
0.218913 	61.9308 	1.22152e-06 	3.36192e-15
0.219167 	61.8641 	1.22152e-06 	3.36193e-15
0.219421 	61.7973 	1.22152e-06 	3.36193e-15
0.219676 	61.7306 	1.22152e-06 	3.36194e-15
0.21993 	61.6639 	1.22152e-06 	3.36194e-15
0.220184 	61.5971 	1.22152e-06 	3.36194e-15
0.220438 	61.5304 	1.22152e-06 	3.36195e-15
0.220693 	61.4646 	1.10754e-06 	3.37121e-15
0.220947 	61.4029 	1.10754e-06 	3.37121e-15
0.221201 	61.3411 	1.10754e-06 	3.37121e-15
0.221455 	61.2794 	1.10754e-06 	3.37122e-15
0.22171 	61.2177 	1.10754e-06 	3.37122e-15
0.221964 	61.1559 	1.10754e-06 	3.37123e-15
0.222218 	61.0942 	1.10754e-06 	3.37123e-15
0.222472 	61.0325 	1.10754e-06 	3.37123e-15
0.222727 	60.9708 	1.10754e-06 	3.37124e-15
0.222981 	60.909 	1.10754e-06 	3.37124e-15
0.223235 	60.8477 	9.94524e-07 	3.27013e-15
0.223489 	60.791 	9.94524e-07 	3.27013e-15
0.223744 	60.7342 	9.94524e-07 	3.27013e-15
0.223998 	60.6774 	9.94524e-07 	3.27014e-15
0.224252 	60.6206 	9.94524e-07 	3.27014e-15
0.224507 	60.5638 	9.94524e-07 	3.27014e-15
0.224761 	60.507 	9.94524e-07 	3.27015e-15
0.225015 	60.4502 	9.94524e-07 	3.27015e-15
0.225269 	60.3934 	9.94524e-07 	3.27016e-15
0.225524 	60.3366 	9.94524e-07 	3.27016e-15
0.225778 	60.2798 	8.94189e-07 	-2.39221e-19
0.226032 	60.2279 	8.82214e-07 	3.30237e-15
0.226286 	60.176 	8.82214e-07 	3.30238e-15
0.226541 	60.1241 	8.82214e-07 	3.30238e-15
0.226795 	60.0721 	8.82214e-07 	3.30238e-15
0.227049 	60.0202 	8.82214e-07 	3.30239e-15
0.227303 	59.9683 	8.82214e-07 	3.30239e-15
0.227558 	59.9164 	8.82214e-07 	3.30239e-15
0.227812 	59.8644 	8.82214e-07 	3.3024e-15
0.228066 	59.8125 	8.82214e-07 	3.3024e-15
0.22832 	59.7606 	8.82214e-07 	3.3024e-15
0.228575 	59.713 	7.70368e-07 	3.3188e-15
0.228829 	59.6659 	7.70368e-07 	3.31881e-15
0.229083 	59.6187 	7.70368e-07 	3.31881e-15
0.229337 	59.5716 	7.70368e-07 	3.31881e-15
0.229592 	59.5245 	7.70368e-07 	3.31882e-15
0.229846 	59.4773 	7.70368e-07 	3.31882e-15
0.2301 	59.4302 	7.70368e-07 	3.31882e-15
0.230354 	59.383 	7.70368e-07 	3.31883e-15
0.230609 	59.3359 	7.70368e-07 	3.31883e-15
0.230863 	59.2888 	7.70368e-07 	3.31883e-15
0.231117 	59.2455 	6.60063e-07 	3.28757e-15
0.231371 	59.203 	6.60063e-07 	3.28757e-15
0.231626 	59.1606 	6.60063e-07 	3.28757e-15
0.23188 	59.1181 	6.60063e-07 	3.28758e-15
0.232134 	59.0757 	6.60063e-07 	3.28758e-15
0.232388 	59.0333 	6.60063e-07 	3.28758e-15
0.232643 	58.9908 	6.60063e-07 	3.28758e-15
0.232897 	58.9484 	6.60063e-07 	3.28759e-15
0.233151 	58.9059 	6.60063e-07 	3.28759e-15
0.233405 	58.8635 	6.60063e-07 	3.28759e-15
0.23366 	58.8244 	5.54247e-07 	3.26125e-15
0.233914 	58.7866 	5.54247e-07 	3.26125e-15
0.234168 	58.7487 	5.54247e-07 	3.26126e-15
0.234422 	58.7109 	5.54247e-07 	3.26126e-15
0.234677 	58.673 	5.54247e-07 	3.26126e-15
0.234931 	58.6352 	5.54247e-07 	3.26126e-15
0.235185 	58.5974 	5.54247e-07 	3.26127e-15
0.235439 	58.5595 	5.54247e-07 	3.26127e-15
0.235694 	58.5217 	5.54247e-07 	3.26127e-15
0.235948 	58.4838 	5.54247e-07 	3.26127e-15
0.236202 	58.4488 	4.54516e-07 	3.23789e-15
0.236456 	58.4155 	4.54516e-07 	3.23789e-15
0.236711 	58.3821 	4.54516e-07 	3.23789e-15
0.236965 	58.3487 	4.54516e-07 	3.2379e-15
0.237219 	58.3154 	4.54516e-07 	3.2379e-15
0.237473 	58.282 	4.54516e-07 	3.2379e-15
0.237728 	58.2486 	4.54516e-07 	3.2379e-15
0.237982 	58.2153 	4.54516e-07 	3.23791e-15
0.238236 	58.1819 	4.54516e-07 	3.23791e-15
0.23849 	58.1485 	4.54516e-07 	3.23791e-15
0.238745 	58.1175 	3.66267e-07 	3.21645e-15
0.238999 	58.0885 	3.66267e-07 	3.21645e-15
0.239253 	58.0595 	3.66267e-07 	3.21645e-15
0.239508 	58.0304 	3.66267e-07 	3.21646e-15
0.239762 	58.0014 	3.66267e-07 	3.21646e-15
0.240016 	57.9723 	3.66267e-07 	3.21646e-15
0.24027 	57.9433 	3.66267e-07 	3.21646e-15
0.240525 	57.9143 	3.66267e-07 	3.21646e-15
0.240779 	57.8852 	3.66267e-07 	3.21646e-15
0.241033 	57.8562 	3.66267e-07 	3.21647e-15
0.241287 	57.829 	2.89406e-07 	3.14057e-15
0.241542 	57.8041 	2.89406e-07 	3.14057e-15
0.241796 	57.7792 	2.89406e-07 	3.14057e-15
0.24205 	57.7542 	2.89406e-07 	3.14057e-15
0.242304 	57.7293 	2.89406e-07 	3.14057e-15
0.242559 	57.7044 	2.89406e-07 	3.14057e-15
0.242813 	57.6795 	2.89406e-07 	3.14058e-15
0.243067 	57.6546 	2.89406e-07 	3.14058e-15
0.243321 	57.6296 	2.89406e-07 	3.14058e-15
0.243576 	57.6047 	2.89406e-07 	3.14058e-15
0.24383 	57.5812 	2.2123e-07 	3.12433e-15
0.244084 	57.5601 	2.2123e-07 	3.12433e-15
0.244338 	57.539 	2.2123e-07 	3.12433e-15
0.244593 	57.5179 	2.2123e-07 	3.12434e-15
0.244847 	57.4968 	2.2123e-07 	3.12434e-15
0.245101 	57.4757 	2.2123e-07 	3.12434e-15
0.245355 	57.4546 	2.2123e-07 	3.12434e-15
0.24561 	57.4335 	2.2123e-07 	3.12434e-15
0.245864 	57.4124 	2.2123e-07 	3.12434e-15
0.246118 	57.3913 	2.2123e-07 	3.12434e-15
0.246372 	57.3712 	1.62541e-07 	3.15605e-15
0.246627 	57.3535 	1.62541e-07 	3.15606e-15
0.246881 	57.3359 	1.62541e-07 	3.15606e-15
0.247135 	57.3183 	1.62541e-07 	3.15606e-15
0.247389 	57.3007 	1.62541e-07 	3.15606e-15
0.247644 	57.283 	1.62541e-07 	3.15606e-15
0.247898 	57.2654 	1.62541e-07 	3.15606e-15
0.248152 	57.2478 	1.62541e-07 	3.15606e-15
0.248406 	57.2302 	1.62541e-07 	3.15606e-15
0.248661 	57.2125 	1.62541e-07 	3.15606e-15
0.248915 	57.1943 	1.15509e-07 	3.14585e-15
0.249169 	57.1731 	1.15509e-07 	3.14585e-15
0.249423 	57.1519 	1.15509e-07 	3.14585e-15
0.249678 	57.1307 	1.15509e-07 	3.14585e-15
0.249932 	57.1095 	1.15509e-07 	3.14585e-15
0.250186 	57.0883 	1.15509e-07 	3.14585e-15
0.25044 	57.0671 	1.15509e-07 	3.14586e-15
0.250695 	57.0459 	1.15509e-07 	3.14586e-15
0.250949 	57.0247 	1.15509e-07 	3.14586e-15
0.251203 	57.0035 	1.15509e-07 	3.14586e-15
0.251457 	56.983 	8.29289e-08 	3.13448e-15
0.251712 	56.9698 	8.29289e-08 	3.13448e-15
0.251966 	56.9566 	8.29289e-08 	3.13449e-15
0.25222 	56.9434 	8.29289e-08 	3.13449e-15
0.252474 	56.9301 	8.29289e-08 	3.13449e-15
0.252729 	56.9169 	8.29289e-08 	3.13449e-15
0.252983 	56.9037 	8.29289e-08 	3.13449e-15
0.253237 	56.8905 	8.29289e-08 	3.13449e-15
0.253491 	56.8773 	8.29289e-08 	3.13449e-15
0.253746 	56.8641 	8.29289e-08 	3.13449e-15
0.254 	56.8509 	1.92382e-07 	3.8273e-19
