0 	31.8969 	-0.0273462 	2.57452e-13
0.000254254 	31.897 	-0.0273498 	3.67546e-11
0.000508509 	31.897 	-0.0273535 	7.32518e-11
0.000762763 	31.9002 	-0.0275191 	-7.16092e-06
0.00101702 	31.906 	-0.0278071 	-1.97384e-05
0.00127127 	31.9118 	-0.0280952 	-3.23159e-05
0.00152553 	31.9175 	-0.0283833 	-2.0905e-05
0.00177978 	31.9233 	-0.0286713 	-8.3377e-06
0.00203403 	31.931 	-0.0289904 	7.6401e-11
0.00228829 	31.9425 	-0.0293707 	3.98732e-11
0.00254254 	31.954 	-0.0297509 	3.34531e-12
0.0027968 	31.9656 	-0.0295183 	3.31842e-11
0.00305105 	31.9771 	-0.0292239 	6.9714e-11
0.00330531 	31.9899 	-0.029171 	-4.30701e-06
0.00355956 	32.0041 	-0.029375 	-1.31963e-05
0.00381381 	32.0183 	-0.029579 	-2.20856e-05
0.00406807 	32.0324 	-0.029783 	-1.56606e-05
0.00432232 	32.0466 	-0.029987 	-6.78747e-06
0.00457658 	32.0614 	-0.0302759 	7.97019e-11
0.00483083 	32.0782 	-0.0308413 	4.31942e-11
0.00508509 	32.0949 	-0.0314067 	6.68658e-12
0.00533934 	32.1118 	-0.0313486 	3.04181e-11
0.00559359 	32.1288 	-0.0311508 	6.76567e-11
0.00584785 	32.1458 	-0.0312076 	-7.59892e-06
0.0061021 	32.1631 	-0.0316363 	-2.62954e-05
0.00635636 	32.1803 	-0.0320649 	-4.49918e-05
0.00661061 	32.1976 	-0.0324936 	-3.49287e-05
0.00686486 	32.2148 	-0.0329223 	-1.62887e-05
0.00711912 	32.2321 	-0.0333937 	8.46215e-11
0.00737337 	32.2497 	-0.0341611 	4.74204e-11
0.00762763 	32.2673 	-0.0349286 	1.02194e-11
0.00788188 	32.2851 	-0.0350426 	2.69725e-11
0.00813614 	32.3029 	-0.0349091 	6.41609e-11
0.00839039 	32.3209 	-0.0350294 	-9.11569e-06
0.00864464 	32.3392 	-0.0356511 	-3.62417e-05
0.0088989 	32.3575 	-0.0362728 	-6.33677e-05
0.00915315 	32.3757 	-0.0368945 	-5.37671e-05
0.00940741 	32.394 	-0.0375163 	-2.67558e-05
0.00966166 	32.4123 	-0.0381412 	8.7872e-11
0.00991592 	32.4311 	-0.0391005 	5.0736e-11
0.0101702 	32.4498 	-0.0400599 	1.36e-11
0.0104244 	32.4688 	-0.0403347 	2.39597e-11
0.0106787 	32.4878 	-0.0402139 	6.17643e-11
0.0109329 	32.5072 	-0.0403358 	-9.14833e-06
0.0111872 	32.5273 	-0.0411027 	-4.26124e-05
0.0114414 	32.5475 	-0.0418697 	-7.60764e-05
0.0116957 	32.5676 	-0.0426366 	-7.03931e-05
0.0119499 	32.5877 	-0.0434035 	-3.71107e-05
0.0122042 	32.6079 	-0.0441705 	-3.82828e-06
0.0124585 	32.6289 	-0.0452666 	5.50077e-11
0.0127127 	32.6501 	-0.0464054 	1.72715e-11
0.012967 	32.6715 	-0.0468446 	2.08924e-11
0.0132212 	32.6931 	-0.0466933 	5.94175e-11
0.0134755 	32.715 	-0.0467655 	-8.30957e-06
0.0137297 	32.7381 	-0.0476375 	-4.63491e-05
0.013984 	32.7611 	-0.0485095 	-8.43886e-05
0.0142382 	32.7842 	-0.0493815 	-8.49224e-05
0.0144925 	32.8073 	-0.0502535 	-4.71349e-05
0.0147467 	32.8303 	-0.0511255 	-9.34741e-06
0.015001 	32.8545 	-0.0523253 	5.95474e-11
0.0152553 	32.879 	-0.0536329 	2.11075e-11
0.0155095 	32.9038 	-0.0542547 	1.73884e-11
0.0157638 	32.9288 	-0.0540413 	5.59529e-11
0.016018 	32.954 	-0.0540269 	-7.07817e-06
0.0162723 	32.9807 	-0.0549746 	-4.84012e-05
0.0165265 	33.0074 	-0.0559223 	-8.97243e-05
0.0167808 	33.0341 	-0.05687 	-9.78932e-05
0.017035 	33.0608 	-0.0578177 	-5.68931e-05
0.0172893 	33.0874 	-0.0587654 	-1.5893e-05
0.0175435 	33.1152 	-0.0600319 	6.30979e-11
0.0177978 	33.1435 	-0.0615001 	2.46342e-11
0.0180521 	33.1721 	-0.0623336 	1.38998e-11
0.0183063 	33.2009 	-0.0620364 	5.25592e-11
0.0185606 	33.23 	-0.0619109 	-5.77186e-06
0.0188148 	33.2607 	-0.0629148 	-4.95147e-05
0.0190691 	33.2914 	-0.0639187 	-9.32576e-05
0.0193233 	33.322 	-0.0649226 	-0.000109929
0.0195776 	33.3527 	-0.0659265 	-6.65796e-05
0.0198318 	33.3834 	-0.0669304 	-2.32304e-05
0.0200861 	33.4149 	-0.0682221 	6.67458e-11
0.0203403 	33.4474 	-0.0698463 	2.82027e-11
0.0205946 	33.48 	-0.0709286 	1.04079e-11
0.0208488 	33.513 	-0.0705333 	4.92035e-11
0.0211031 	33.5462 	-0.070283 	-4.58622e-06
0.0213574 	33.5811 	-0.0713314 	-5.02291e-05
0.0216116 	33.616 	-0.0723798 	-9.58719e-05
0.0218659 	33.6509 	-0.0734282 	-0.00012163
0.0221201 	33.6858 	-0.0744766 	-7.64515e-05
0.0223744 	33.7207 	-0.0755251 	-3.12732e-05
0.0226286 	33.7562 	-0.0767982 	7.04797e-11
0.0228829 	33.7929 	-0.0785767 	3.18162e-11
0.0231371 	33.8298 	-0.0799511 	6.90167e-12
0.0233914 	33.8671 	-0.0794476 	4.58729e-11
0.0236456 	33.9046 	-0.0790665 	-3.63779e-06
0.0238999 	33.9439 	-0.0801537 	-5.09187e-05
0.0241542 	33.9833 	-0.0812409 	-9.81996e-05
0.0244084 	34.0226 	-0.0823281 	-0.000133535
0.0246627 	34.0619 	-0.0834154 	-8.67904e-05
0.0249169 	34.1012 	-0.0845026 	-4.00461e-05
0.0251712 	34.1408 	-0.0857112 	7.4307e-11
0.0254254 	34.1821 	-0.0876458 	3.54838e-11
0.0256797 	34.2234 	-0.0893604 	3.37038e-12
0.0259339 	34.2652 	-0.0887375 	4.25542e-11
0.0261882 	34.3072 	-0.0882219 	-3.00136e-06
0.0264424 	34.3511 	-0.0893475 	-5.18894e-05
0.0266967 	34.395 	-0.0904731 	-0.000100777
0.026951 	34.4389 	-0.0915987 	-0.000146251
0.0272052 	34.4828 	-0.0927243 	-9.79744e-05
0.0274595 	34.5268 	-0.0938499 	-4.96978e-05
0.0277137 	34.5707 	-0.0949755 	-1.42122e-06
0.027968 	34.6166 	-0.0970477 	3.92132e-11
0.0282222 	34.6625 	-0.0991486 	1.9344e-13
0.0284765 	34.709 	-0.0983887 	3.92323e-11
0.0287307 	34.7556 	-0.0977191 	-2.72611e-06
0.028985 	34.8043 	-0.0988853 	-5.32951e-05
0.0292392 	34.853 	-0.100051 	-0.000103864
0.0294935 	34.9017 	-0.101218 	-0.000154433
0.0297477 	34.9504 	-0.102384 	-0.000110257
0.030002 	34.9991 	-0.10355 	-6.03788e-05
0.0302563 	35.0478 	-0.104716 	-1.05005e-05
0.0305105 	35.0981 	-0.106778 	4.30081e-11
0.0307648 	35.1489 	-0.109079 	3.76056e-12
0.031019 	35.2002 	-0.108403 	3.65213e-11
0.0312733 	35.2518 	-0.10753 	-2.84911e-06
0.0315275 	35.3054 	-0.108738 	-5.5066e-05
0.0317818 	35.359 	-0.109945 	-0.000107283
0.032036 	35.4127 	-0.111152 	-0.0001595
0.0322903 	35.4663 	-0.112359 	-0.000123469
0.0325445 	35.5199 	-0.113566 	-7.20247e-05
0.0327988 	35.5736 	-0.114773 	-2.05804e-05
0.0330531 	35.6285 	-0.116795 	4.76891e-11
0.0333073 	35.6844 	-0.119361 	7.49774e-12
0.0335616 	35.7407 	-0.118829 	3.25963e-11
0.0338158 	35.7973 	-0.117744 	-3.40826e-06
0.0340701 	35.8561 	-0.11899 	-5.71383e-05
0.0343243 	35.9148 	-0.120235 	-0.000110868
0.0345786 	35.9736 	-0.121481 	-0.000164598
0.0348328 	36.0324 	-0.122726 	-0.000137376
0.0350871 	36.0912 	-0.123972 	-8.45009e-05
0.0353413 	36.1499 	-0.125217 	-3.16261e-05
0.0355956 	36.2096 	-0.127112 	5.09049e-11
0.0358498 	36.2707 	-0.129971 	1.10468e-11
0.0361041 	36.3322 	-0.129674 	2.97233e-11
0.0363584 	36.3941 	-0.128392 	-4.44203e-06
0.0366126 	36.4582 	-0.129673 	-5.95555e-05
0.0368669 	36.5223 	-0.130955 	-0.000114669
0.0371211 	36.5864 	-0.132237 	-0.000169783
0.0373754 	36.6505 	-0.133518 	-0.000151954
0.0376296 	36.7146 	-0.1348 	-9.77785e-05
0.0378839 	36.7787 	-0.136082 	-4.36033e-05
0.0381381 	36.8433 	-0.13773 	5.5915e-11
0.0383924 	36.9098 	-0.140893 	1.50298e-11
0.0386466 	36.9767 	-0.140945 	2.66787e-11
0.0389009 	37.0441 	-0.139513 	-5.98686e-06
0.0391552 	37.1137 	-0.140829 	-6.23932e-05
0.0394094 	37.1834 	-0.142145 	-0.0001188
0.0396637 	37.253 	-0.143461 	-0.000175206
0.0399179 	37.3227 	-0.144777 	-0.00016728
0.0401722 	37.3923 	-0.146093 	-0.000111896
0.0404264 	37.462 	-0.147409 	-5.65112e-05
0.0406807 	37.5316 	-0.148725 	-1.12664e-06
0.0409349 	37.6037 	-0.15213 	1.92013e-11
0.0411892 	37.6761 	-0.152626 	2.34379e-11
0.0414434 	37.7493 	-0.151095 	-8.07979e-06
0.0416977 	37.8247 	-0.152445 	-6.57443e-05
0.041952 	37.9001 	-0.153794 	-0.000123409
0.0422062 	37.9755 	-0.155144 	-0.000181073
0.0424605 	38.051 	-0.156494 	-0.000183514
0.0427147 	38.1264 	-0.157843 	-0.000126956
0.042969 	38.2018 	-0.159193 	-7.03974e-05
0.0432232 	38.2772 	-0.160543 	-1.38391e-05
0.0434775 	38.3545 	-0.163687 	2.35464e-11
0.0437317 	38.4328 	-0.164717 	1.96708e-11
0.043986 	38.512 	-0.16314 	-1.07562e-05
0.0442402 	38.5934 	-0.164523 	-6.96616e-05
0.0444945 	38.6748 	-0.165906 	-0.000128567
0.0447487 	38.7562 	-0.16729 	-0.000187472
0.045003 	38.8376 	-0.168673 	-0.000200726
0.0452573 	38.9189 	-0.170056 	-0.000143012
0.0455115 	39.0003 	-0.17144 	-8.52983e-05
0.0457658 	39.0817 	-0.172823 	-2.75844e-05
0.04602 	39.1645 	-0.175572 	2.75891e-11
0.0462743 	39.2488 	-0.177227 	1.56403e-11
0.0465285 	39.3343 	-0.175659 	-1.40407e-05
0.0467828 	39.4219 	-0.177076 	-7.41308e-05
0.047037 	39.5095 	-0.178492 	-0.000134221
0.0472913 	39.5971 	-0.179908 	-0.000194311
0.0475455 	39.6847 	-0.181324 	-0.000218799
0.0477998 	39.7724 	-0.18274 	-0.000159985
0.0480541 	39.86 	-0.184156 	-0.000101172
0.0483083 	39.9476 	-0.185572 	-4.23582e-05
0.0485626 	40.036 	-0.187786 	3.12396e-11
0.0488168 	40.1265 	-0.190155 	1.17548e-11
0.0490711 	40.2185 	-0.188659 	-1.79434e-05
0.0493253 	40.3126 	-0.190106 	-7.9114e-05
0.0495796 	40.4067 	-0.191553 	-0.000140285
0.0498338 	40.5008 	-0.192999 	-0.000201455
0.0500881 	40.5949 	-0.194446 	-0.000237539
0.0503423 	40.689 	-0.195893 	-0.000177728
0.0505966 	40.7831 	-0.197339 	-0.000117918
0.0508509 	40.8771 	-0.198786 	-5.81071e-05
0.0511051 	40.9713 	-0.200321 	3.50726e-11
0.0513594 	41.0684 	-0.203491 	7.96574e-12
0.0516136 	41.1672 	-0.202134 	-2.24544e-05
0.0518679 	41.268 	-0.203608 	-8.45438e-05
0.0521221 	41.3688 	-0.205082 	-0.000146633
0.0523764 	41.4696 	-0.206556 	-0.000208723
0.0526306 	41.5704 	-0.20803 	-0.000256664
0.0528849 	41.6713 	-0.209504 	-0.000196014
0.0531391 	41.7721 	-0.210978 	-0.000135364
0.0533934 	41.8729 	-0.212452 	-7.47141e-05
0.0536476 	41.9737 	-0.213926 	-1.40641e-05
0.0539019 	42.0768 	-0.217215 	4.04609e-12
0.0541562 	42.1828 	-0.216068 	-2.75339e-05
0.0544104 	42.2906 	-0.217565 	-9.03108e-05
0.0546647 	42.3984 	-0.219061 	-0.000153088
0.0549189 	42.5062 	-0.220557 	-0.000215865
0.0551732 	42.6139 	-0.222054 	-0.00027577
0.0554274 	42.7217 	-0.22355 	-0.000214506
0.0556817 	42.8295 	-0.225046 	-0.000153242
0.0559359 	42.9373 	-0.226543 	-9.19773e-05
0.0561902 	43.045 	-0.228039 	-3.0713e-05
0.0564444 	43.1543 	-0.231289 	1.48144e-13
0.0566987 	43.2678 	-0.23043 	-3.31053e-05
0.056953 	43.3828 	-0.231942 	-9.62636e-05
0.0572072 	43.4978 	-0.233454 	-0.000159422
0.0574615 	43.6128 	-0.234966 	-0.00022258
0.0577157 	43.7278 	-0.236478 	-0.000285738
0.05797 	43.8429 	-0.23799 	-0.000232763
0.0582242 	43.9579 	-0.239502 	-0.000171182
0.0584785 	44.0729 	-0.241014 	-0.0001096
0.0587327 	44.1879 	-0.242526 	-4.80184e-05
0.058987 	44.3036 	-0.244882 	3.76e-12
0.0592412 	44.4247 	-0.245172 	-3.9138e-05
0.0594955 	44.5472 	-0.246695 	-0.000102439
0.0597497 	44.6697 	-0.248218 	-0.000165741
0.060004 	44.7922 	-0.249741 	-0.000229042
0.0602583 	44.9147 	-0.251264 	-0.000292343
0.0605125 	45.0372 	-0.252787 	-0.000250815
0.0607668 	45.1597 	-0.25431 	-0.000189145
0.061021 	45.2822 	-0.255833 	-0.000127476
0.0612753 	45.4046 	-0.257356 	-6.58065e-05
0.0615295 	45.5271 	-0.258879 	-4.13708e-06
0.0617838 	45.656 	-0.26027 	-4.56127e-05
0.062038 	45.7862 	-0.261801 	-0.00010889
0.0622923 	45.9164 	-0.263331 	-0.000172167
0.0625465 	46.0466 	-0.264861 	-0.000235444
0.0628008 	46.1769 	-0.266392 	-0.000298721
0.0630551 	46.307 	-0.267826 	-0.000267675
0.0633093 	46.4371 	-0.269175 	-0.000204039
0.0635636 	46.5672 	-0.270525 	-0.000140404
0.0638178 	46.6973 	-0.271874 	-7.67679e-05
0.0640721 	46.8274 	-0.273224 	-1.31323e-05
0.0643263 	46.9634 	-0.274644 	-4.13361e-05
0.0645806 	47.1014 	-0.275986 	-0.000102418
0.0648348 	47.2395 	-0.277327 	-0.000163499
0.0650891 	47.3775 	-0.278668 	-0.00022458
0.0653433 	47.5156 	-0.280009 	-0.000285662
0.0655976 	47.6536 	-0.281351 	-0.000264752
0.0658519 	47.7916 	-0.282692 	-0.000201264
0.0661061 	47.9297 	-0.284033 	-0.000137776
0.0663604 	48.0677 	-0.285374 	-7.42878e-05
0.0666146 	48.2058 	-0.286716 	-1.07997e-05
0.0668689 	48.3491 	-0.288303 	-2.81775e-05
0.0671231 	48.4953 	-0.289648 	-8.95717e-05
0.0673774 	48.6416 	-0.290993 	-0.000150966
0.0676316 	48.7878 	-0.292338 	-0.00021236
0.0678859 	48.934 	-0.293683 	-0.000273754
0.0681401 	49.0802 	-0.295028 	-0.000263729
0.0683944 	49.2264 	-0.296373 	-0.000199858
0.0686486 	49.3727 	-0.297718 	-0.000135988
0.0689029 	49.5189 	-0.299063 	-7.21177e-05
0.0691572 	49.6651 	-0.300408 	-8.24737e-06
0.0694114 	49.816 	-0.302211 	-1.46146e-05
0.0696657 	49.9706 	-0.303564 	-7.64407e-05
0.0699199 	50.1253 	-0.304917 	-0.000138267
0.0701742 	50.2799 	-0.306269 	-0.000200093
0.0704284 	50.4345 	-0.307622 	-0.000261919
0.0706827 	50.5892 	-0.308975 	-0.000262864
0.0709369 	50.7438 	-0.310328 	-0.000198495
0.0711912 	50.8984 	-0.311681 	-0.000134125
0.0714454 	51.0531 	-0.313034 	-6.97557e-05
0.0716997 	51.2077 	-0.314387 	-5.38625e-06
0.071954 	51.3664 	-0.316452 	-5.51523e-07
0.0722082 	51.5296 	-0.317753 	-6.01254e-05
0.0724625 	51.6929 	-0.319054 	-0.000119699
0.0727167 	51.8561 	-0.320356 	-0.000179273
0.072971 	52.0194 	-0.321657 	-0.000238847
0.0732252 	52.1826 	-0.322958 	-0.000250373
0.0734795 	52.3459 	-0.324259 	-0.000188308
0.0737337 	52.5091 	-0.325561 	-0.000126244
0.073988 	52.6724 	-0.326862 	-6.41789e-05
0.0742422 	52.8356 	-0.328163 	-2.1142e-06
0.0744965 	53.003 	-0.330301 	6.33574e-05
0.0747508 	53.1742 	-0.331646 	-4.24979e-05
0.075005 	53.3461 	-0.332836 	-9.71293e-05
0.0752593 	53.5181 	-0.334025 	-0.000151761
0.0755135 	53.6901 	-0.335215 	-0.000206392
0.0757678 	53.8621 	-0.336405 	-0.000226675
0.076022 	54.034 	-0.337594 	-0.000169731
0.0762763 	54.206 	-0.338784 	-0.000112787
0.0765305 	54.378 	-0.339974 	-5.58432e-05
0.0767848 	54.55 	-0.341168 	6.03307e-06
0.077039 	54.7261 	-0.342977 	0.000138262
0.0772933 	54.9052 	-0.34486 	-2.80059e-05
0.0775475 	55.0858 	-0.345986 	-7.96095e-05
0.0778018 	55.2665 	-0.347113 	-0.000131213
0.0780561 	55.4471 	-0.348239 	-0.000182817
0.0783103 	55.6278 	-0.349366 	-0.000211132
0.0785646 	55.8085 	-0.350492 	-0.000157326
0.0788188 	55.9891 	-0.351619 	-0.00010352
0.0790731 	56.1698 	-0.352746 	-4.97141e-05
0.0793273 	56.3507 	-0.353808 	2.50668e-05
0.0795816 	56.5352 	-0.354834 	0.000222151
0.0798358 	56.7221 	-0.357868 	-1.48874e-05
0.0800901 	56.9113 	-0.358943 	-6.38312e-05
0.0803443 	57.1005 	-0.360018 	-0.000112775
0.0805986 	57.2896 	-0.361093 	-0.000161719
0.0808529 	57.4788 	-0.362168 	-0.000197244
0.0811071 	57.668 	-0.363243 	-0.000146203
0.0813614 	57.8572 	-0.364318 	-9.51629e-05
0.0816156 	58.0464 	-0.365393 	-4.41225e-05
0.0818699 	58.2361 	-0.366179 	4.73127e-05
0.0821241 	58.4289 	-0.365812 	0.000316837
0.0823784 	58.6234 	-0.370498 	-2.61289e-06
0.0826326 	58.8209 	-0.371412 	-4.41717e-05
0.0828869 	59.0184 	-0.372327 	-8.57305e-05
0.0831411 	59.2159 	-0.373241 	-0.000127289
0.0833954 	59.4134 	-0.374155 	-0.000164805
0.0836496 	59.6109 	-0.37507 	-0.000121468
0.0839039 	59.8084 	-0.375984 	-7.81305e-05
0.0841582 	60.0059 	-0.376898 	-3.47933e-05
0.0844124 	60.2041 	-0.377128 	7.1798e-05
0.0846667 	60.4051 	-0.3748 	0.000416441
0.0849209 	60.6074 	-0.380555 	6.36739e-05
0.0851752 	60.8124 	-0.382204 	-2.77446e-05
0.0854294 	61.0179 	-0.382949 	-6.16002e-05
0.0856837 	61.2235 	-0.383693 	-9.54558e-05
0.0859379 	61.4291 	-0.384438 	-0.000129311
0.0861922 	61.6346 	-0.385182 	-9.67041e-05
0.0864464 	61.8402 	-0.385927 	-6.1409e-05
0.0867007 	62.0457 	-0.386671 	-2.61138e-05
0.086955 	62.2522 	-0.386218 	9.77976e-05
0.0872092 	62.4611 	-0.38236 	0.00047376
0.0874635 	62.6711 	-0.388112 	0.000154868
0.0877177 	62.883 	-0.391176 	-1.59905e-05
0.087972 	63.0962 	-0.391787 	-4.38065e-05
0.0882262 	63.3094 	-0.392398 	-7.16225e-05
0.0884805 	63.5226 	-0.393009 	-9.94385e-05
0.0887347 	63.7358 	-0.393621 	-7.75735e-05
0.088989 	63.949 	-0.394232 	-4.85892e-05
0.0892432 	64.1622 	-0.394843 	-1.9605e-05
0.0894975 	64.3765 	-0.393658 	0.000125719
0.0897518 	64.593 	-0.388718 	0.000514223
0.090006 	64.8102 	-0.393744 	0.000252365
0.0902603 	65.0286 	-0.39842 	-6.00342e-06
0.0905145 	65.2489 	-0.398813 	-2.42008e-05
0.0907688 	65.4692 	-0.399206 	-4.23982e-05
0.091023 	65.6894 	-0.399599 	-6.05956e-05
0.0912773 	65.9097 	-0.399992 	-4.95176e-05
0.0915315 	66.13 	-0.400385 	-3.05702e-05
0.0917858 	66.3503 	-0.400778 	-1.16228e-05
0.09204 	66.5718 	-0.398709 	0.000153841
0.0922943 	66.7951 	-0.392736 	0.000551804
0.0925485 	67.019 	-0.39655 	0.000352963
0.0928028 	67.2433 	-0.402848 	-2.82935e-07
0.0930571 	67.4699 	-0.402899 	-3.58616e-06
0.0933113 	67.6965 	-0.40295 	-6.88939e-06
0.0935656 	67.9231 	-0.403001 	-1.01926e-05
0.0938198 	68.1497 	-0.403052 	-8.76836e-06
0.0940741 	68.3763 	-0.403103 	-5.33252e-06
0.0943283 	68.6028 	-0.403154 	-1.89667e-06
0.0945826 	68.8306 	-0.400076 	0.000178247
0.0948368 	69.0599 	-0.39314 	0.000576177
0.0950911 	69.2896 	-0.395388 	0.000446858
0.0953453 	69.5195 	-0.402113 	6.05035e-05
0.0955996 	69.751 	-0.402912 	1.01339e-05
0.0958539 	69.9828 	-0.402611 	2.21492e-05
0.0961081 	70.2146 	-0.40231 	3.41646e-05
0.0963624 	70.4465 	-0.402009 	3.11227e-05
0.0966166 	70.6783 	-0.401708 	1.86414e-05
0.0968709 	70.9101 	-0.401407 	6.16009e-06
0.0971251 	71.1431 	-0.397339 	0.000198436
0.0973794 	71.3771 	-0.389601 	0.00059024
0.0976336 	71.6113 	-0.390212 	0.000531508
0.0978879 	71.8457 	-0.39679 	0.000150677
0.0981421 	72.0808 	-0.399015 	1.58431e-05
0.0983964 	72.3164 	-0.39839 	4.20579e-05
0.0986507 	72.5521 	-0.397764 	6.82728e-05
0.0989049 	72.7877 	-0.397139 	6.63155e-05
0.0991592 	73.0233 	-0.396514 	3.91279e-05
0.0994134 	73.259 	-0.395888 	1.19404e-05
0.0996677 	73.4954 	-0.390806 	0.000215574
0.0999219 	73.7325 	-0.382233 	0.000599966
0.100176 	73.9697 	-0.381035 	0.000609844
0.10043 	74.207 	-0.3874 	0.000235714
0.100685 	74.4444 	-0.391039 	1.58087e-05
0.100939 	74.682 	-0.390036 	5.85381e-05
0.101193 	74.9196 	-0.389033 	0.000101268
0.101447 	75.1572 	-0.38803 	0.000105729
0.101702 	75.3948 	-0.387027 	6.14991e-05
0.101956 	75.6325 	-0.386024 	1.72695e-05
0.10221 	75.8704 	-0.379915 	0.000225716
0.102464 	76.1085 	-0.370534 	0.000596015
0.102719 	76.3466 	-0.367444 	0.000670792
0.102973 	76.5848 	-0.37363 	0.000309807
0.103227 	76.8229 	-0.378753 	7.98513e-06
0.103481 	77.0604 	-0.377441 	6.43066e-05
0.103736 	77.2978 	-0.37613 	0.000120628
0.10399 	77.5353 	-0.374818 	0.000136629
0.104244 	77.7727 	-0.373507 	7.84606e-05
0.104498 	78.0102 	-0.372195 	2.02924e-05
0.104753 	78.2472 	-0.365142 	0.000231195
0.105007 	78.4841 	-0.355013 	0.000586254
0.105261 	78.721 	-0.350013 	0.000720793
0.105516 	78.9577 	-0.356208 	0.000374031
0.10577 	79.1945 	-0.362403 	2.72689e-05
0.106024 	79.4296 	-0.361344 	6.68155e-05
0.106278 	79.6644 	-0.359666 	0.000139334
0.106533 	79.8993 	-0.357989 	0.000173013
0.106787 	80.1342 	-0.356311 	9.8309e-05
0.107041 	80.369 	-0.354634 	2.36047e-05
0.107295 	80.6027 	-0.346486 	0.000228306
0.10755 	80.8358 	-0.33535 	0.000562072
0.107804 	81.0688 	-0.328062 	0.000747895
0.108058 	81.3017 	-0.334101 	0.000421253
0.108312 	81.5346 	-0.34014 	9.46106e-05
0.108567 	81.7653 	-0.340409 	6.42576e-05
0.108821 	81.995 	-0.338325 	0.000154716
0.109075 	82.2247 	-0.336241 	0.000213099
0.109329 	82.4544 	-0.334156 	0.000120181
0.109584 	82.6841 	-0.332072 	2.7262e-05
0.109838 	82.9116 	-0.322992 	0.000213029
0.110092 	83.1382 	-0.311008 	0.000514511
0.110346 	83.3648 	-0.301435 	0.000736246
0.110601 	83.5911 	-0.307516 	0.000440521
0.110855 	83.8174 	-0.313597 	0.000144796
0.111109 	84.0413 	-0.315381 	5.19901e-05
0.111363 	84.263 	-0.313043 	0.000153857
0.111618 	84.4848 	-0.310704 	0.0002381
0.111872 	84.7065 	-0.308366 	0.000133794
0.112126 	84.9282 	-0.306028 	2.94869e-05
0.11238 	85.1467 	-0.296144 	0.00019485
0.112635 	85.364 	-0.283286 	0.00046649
0.112889 	85.5812 	-0.271244 	0.000715098
0.113143 	85.798 	-0.277466 	0.000447973
0.113397 	86.0147 	-0.283688 	0.000180849
0.113652 	86.2295 	-0.287037 	3.76794e-05
0.113906 	86.4401 	-0.284366 	0.00015434
0.11416 	86.6507 	-0.281695 	0.000271
0.114414 	86.8614 	-0.279024 	0.000153017
0.114669 	87.072 	-0.276352 	3.39715e-05
0.114923 	87.2783 	-0.265582 	0.000172329
0.115177 	87.483 	-0.251579 	0.00041347
0.115431 	87.6876 	-0.237575 	0.000654612
0.115686 	87.8916 	-0.242963 	0.000439973
0.11594 	88.0955 	-0.249336 	0.000202195
0.116194 	88.2983 	-0.254303 	1.97595e-05
0.116448 	88.4945 	-0.251284 	0.0001518
0.116703 	88.6907 	-0.248265 	0.00028384
0.116957 	88.8869 	-0.245245 	0.000174893
0.117211 	89.0831 	-0.242226 	4.06487e-05
0.117465 	89.2741 	-0.230694 	0.000147281
0.11772 	89.4627 	-0.215464 	0.000358526
0.117974 	89.6512 	-0.200234 	0.00056977
0.118228 	89.8391 	-0.203782 	0.00041954
0.118482 	90.0267 	-0.210377 	0.00021064
0.118737 	90.2144 	-0.216972 	1.73955e-06
0.118991 	90.3928 	-0.213825 	0.000140132
0.119245 	90.5712 	-0.210595 	0.000281441
0.119499 	90.7495 	-0.207366 	0.000191223
0.119754 	90.9278 	-0.204137 	4.81129e-05
0.120008 	91.1 	-0.192279 	0.000124798
0.120262 	91.2692 	-0.17605 	0.000312802
0.120517 	91.4383 	-0.159822 	0.000500806
0.120771 	91.6065 	-0.161414 	0.000400904
0.121025 	91.7745 	-0.168366 	0.000214423
0.121279 	91.9424 	-0.175318 	2.79419e-05
0.121534 	92.1012 	-0.17351 	0.000124697
0.121788 	92.2583 	-0.170158 	0.000271372
0.122042 	92.4154 	-0.166806 	0.000205132
0.122296 	92.5725 	-0.163454 	5.71883e-05
0.122551 	92.7229 	-0.151749 	0.000102002
0.122805 	92.8692 	-0.134779 	0.000268278
0.123059 	93.0155 	-0.11781 	0.000434553
0.123313 	93.1609 	-0.117355 	0.000376235
0.123568 	93.306 	-0.124775 	0.000210791
0.123822 	93.451 	-0.132196 	4.53473e-05
0.124076 	93.5872 	-0.131825 	0.000105168
0.12433 	93.7201 	-0.128512 	0.000250047
0.124585 	93.853 	-0.125199 	0.000211669
0.124839 	93.9858 	-0.121886 	6.61365e-05
0.125093 	94.1121 	-0.110919 	8.03829e-05
0.125347 	94.2328 	-0.0935758 	0.000227723
0.125602 	94.3535 	-0.0762329 	0.000375064
0.125856 	94.4735 	-0.0737731 	0.000350141
0.12611 	94.5929 	-0.0818637 	0.000203103
0.126364 	94.7123 	-0.0899543 	5.60649e-05
0.126619 	94.8237 	-0.0911256 	8.35869e-05
0.126873 	94.9301 	-0.0880326 	0.000218686
0.127127 	95.0364 	-0.0849396 	0.000208037
0.127381 	95.1428 	-0.0818467 	7.2821e-05
0.127636 	95.2431 	-0.0721406 	6.19096e-05
0.12789 	95.3364 	-0.0547164 	0.000196073
0.128144 	95.4297 	-0.0372922 	0.000330236
0.128398 	95.5224 	-0.0328475 	0.000332047
0.128653 	95.6145 	-0.0417397 	0.000197864
0.128907 	95.7065 	-0.0506319 	6.36815e-05
0.129161 	95.7915 	-0.0533995 	6.33628e-05
0.129415 	95.8701 	-0.0506351 	0.000183958
0.12967 	95.9488 	-0.0478706 	0.000196752
0.129924 	96.0274 	-0.0451062 	7.63092e-05
0.130178 	96.1011 	-0.0370286 	4.56724e-05
0.130432 	96.1663 	-0.0197645 	0.000170313
0.130687 	96.2315 	-0.00250047 	0.000294953
0.130941 	96.2962 	0.00392296 	0.000319501
0.131195 	96.3603 	-0.00583239 	0.000194671
0.131449 	96.4243 	-0.0155877 	6.98413e-05
0.131704 	96.4826 	-0.0200025 	4.54353e-05
0.131958 	96.5334 	-0.0176341 	0.000148577
0.132212 	96.5843 	-0.0152657 	0.000178533
0.132466 	96.6351 	-0.0128973 	7.56722e-05
0.132721 	96.6824 	-0.00667827 	3.10887e-05
0.132975 	96.72 	0.0102579 	0.000148704
0.133229 	96.7576 	0.027194 	0.00026632
0.133483 	96.7949 	0.0356299 	0.000311104
0.133738 	96.8315 	0.0250758 	0.000193181
0.133992 	96.8681 	0.0145218 	7.52583e-05
0.134246 	96.9002 	0.00850205 	3.10907e-05
0.134501 	96.9242 	0.0104806 	0.000117023
0.134755 	96.9482 	0.0124592 	0.000157794
0.135009 	96.9722 	0.0144378 	7.22149e-05
0.135263 	96.9943 	0.0186815 	1.71098e-05
0.135518 	97.0056 	0.0351651 	0.000126669
0.135772 	97.0169 	0.0516487 	0.000236229
0.136026 	97.0281 	0.0620878 	0.000298107
0.13628 	97.0388 	0.0507433 	0.000188147
0.136535 	97.0494 	0.0393987 	7.81866e-05
0.136789 	97.0566 	0.0318032 	2.03664e-05
0.137043 	97.0555 	0.033433 	9.0848e-05
0.137297 	97.0544 	0.0350629 	0.000137238
0.137552 	97.0532 	0.0366927 	6.71407e-05
0.137806 	97.0516 	0.038935 	4.23861e-06
0.13806 	97.0387 	0.0550856 	0.000104724
0.138314 	97.0258 	0.0712362 	0.00020521
0.138569 	97.0128 	0.0838652 	0.000280474
0.138823 	96.9993 	0.0718881 	0.000179518
0.139077 	96.9859 	0.0599111 	7.85624e-05
0.139331 	96.97 	0.0508894 	1.28362e-05
0.139586 	96.9458 	0.0522359 	7.07037e-05
0.13984 	96.9216 	0.0535824 	0.000119404
0.140094 	96.8974 	0.0549288 	6.19282e-05
0.140348 	96.8731 	0.0562753 	4.4521e-06
0.140603 	96.839 	0.0710921 	8.67917e-05
0.140857 	96.804 	0.0870399 	0.00018087
0.141111 	96.769 	0.102046 	0.000268682
0.141365 	96.7335 	0.0896382 	0.00017407
0.14162 	96.6981 	0.0772305 	7.94577e-05
0.141874 	96.6612 	0.0670003 	8.1127e-06
0.142128 	96.616 	0.0681868 	5.87604e-05
0.142382 	96.5708 	0.0693734 	0.000109408
0.142637 	96.5257 	0.0705599 	6.0416e-05
0.142891 	96.4805 	0.0717465 	1.01745e-05
0.143145 	96.4276 	0.0846565 	7.06433e-05
0.143399 	96.3727 	0.100544 	0.000159225
0.143654 	96.3178 	0.116431 	0.000247806
0.143908 	96.2626 	0.105446 	0.000169083
0.144162 	96.2074 	0.0927844 	7.99144e-05
0.144416 	96.1513 	0.0815513 	4.8624e-06
0.144671 	96.0873 	0.082656 	5.17123e-05
0.144925 	96.0234 	0.0837607 	9.85623e-05
0.145179 	95.9594 	0.0848654 	6.18616e-05
0.145433 	95.8954 	0.0859701 	1.54438e-05
0.145688 	95.8257 	0.096931 	5.55206e-05
0.145942 	95.753 	0.112806 	0.000138723
0.146196 	95.6803 	0.128681 	0.000221926
0.14645 	95.6074 	0.120158 	0.00016327
0.146705 	95.5345 	0.107305 	7.94406e-05
0.146959 	95.4612 	0.0951798 	2.31335e-06
0.147213 	95.3805 	0.0962283 	4.64943e-05
0.147467 	95.2997 	0.0972769 	9.06752e-05
0.147722 	95.219 	0.0983255 	6.41747e-05
0.147976 	95.1383 	0.0993741 	2.04517e-05
0.14823 	95.0534 	0.10832 	4.16274e-05
0.148484 	94.9649 	0.124207 	0.000119838
0.148739 	94.8764 	0.140094 	0.000198048
0.148993 	94.7877 	0.134102 	0.000157293
0.149247 	94.6991 	0.121101 	7.84268e-05
0.149502 	94.6103 	0.108178 	2.34599e-07
0.149756 	94.5147 	0.109181 	4.22367e-05
0.15001 	94.4191 	0.110185 	8.42389e-05
0.150264 	94.3235 	0.111188 	6.67382e-05
0.150519 	94.2279 	0.112191 	2.52165e-05
0.150773 	94.1295 	0.119034 	2.85772e-05
0.151027 	94.027 	0.134906 	0.000101349
0.151281 	93.9245 	0.150778 	0.00017412
0.151536 	93.8219 	0.14733 	0.000149591
0.15179 	93.7192 	0.134169 	7.61501e-05
0.152044 	93.6166 	0.121008 	2.70928e-06
0.152298 	93.5081 	0.121427 	3.75463e-05
0.152553 	93.3994 	0.122366 	7.65304e-05
0.152807 	93.2907 	0.123306 	6.74124e-05
0.153061 	93.182 	0.124245 	2.89133e-05
0.153315 	93.0718 	0.128886 	1.6655e-05
0.15357 	92.957 	0.144696 	8.35433e-05
0.153824 	92.8423 	0.160506 	0.000150432
0.154078 	92.7275 	0.159587 	0.000140202
0.154332 	92.6127 	0.146234 	7.26481e-05
0.154587 	92.4979 	0.132881 	5.0945e-06
0.154841 	92.3783 	0.132658 	3.21332e-05
0.155095 	92.2583 	0.133505 	6.68871e-05
0.155349 	92.1382 	0.134352 	6.50978e-05
0.155604 	92.0182 	0.135199 	3.08084e-05
0.155858 	91.8977 	0.137555 	6.19222e-06
0.156112 	91.7725 	0.153259 	6.71816e-05
0.156366 	91.6473 	0.168963 	0.000128171
0.156621 	91.5221 	0.170562 	0.000130079
0.156875 	91.397 	0.15699 	6.84412e-05
0.157129 	91.2718 	0.143417 	6.80323e-06
0.157383 	91.1428 	0.142572 	2.63321e-05
0.157638 	91.0133 	0.143306 	5.59307e-05
0.157892 	90.8839 	0.14404 	5.97957e-05
0.158146 	90.7544 	0.144774 	3.06174e-05
0.1584 	90.6249 	0.145508 	1.43914e-06
0.158655 	90.4914 	0.160347 	5.27398e-05
0.158909 	90.3576 	0.175917 	0.000108215
0.159163 	90.2238 	0.180031 	0.000120175
0.159417 	90.0902 	0.16623 	6.40752e-05
0.159672 	89.9565 	0.152428 	7.9752e-06
0.159926 	89.8199 	0.15099 	2.06066e-05
0.16018 	89.6829 	0.151601 	4.46278e-05
0.160434 	89.5458 	0.152212 	5.21302e-05
0.160689 	89.4087 	0.152823 	2.84684e-05
0.160943 	89.2717 	0.153434 	4.80657e-06
0.161197 	89.1319 	0.165847 	4.03173e-05
0.161451 	88.9914 	0.18127 	9.09114e-05
0.161706 	88.851 	0.18791 	0.000111147
0.16196 	88.7107 	0.173887 	5.99547e-05
0.162214 	88.5704 	0.159864 	8.76262e-06
0.162468 	88.428 	0.157869 	1.53066e-05
0.162723 	88.2853 	0.158357 	3.37741e-05
0.162977 	88.1425 	0.158845 	4.2893e-05
0.163231 	87.9997 	0.159333 	2.47143e-05
0.163485 	87.8569 	0.159821 	6.53553e-06
0.16374 	87.7125 	0.169777 	2.97337e-05
0.163994 	87.5671 	0.185047 	7.61565e-05
0.164248 	87.4219 	0.194226 	0.000103284
0.164503 	87.2768 	0.180003 	5.62899e-05
0.164757 	87.1317 	0.16578 	9.29566e-06
0.165011 	86.9853 	0.163265 	1.05814e-05
0.165265 	86.8386 	0.163636 	2.37716e-05
0.16552 	86.6919 	0.164008 	3.2675e-05
0.165774 	86.5452 	0.164379 	1.96987e-05
0.166028 	86.3984 	0.16475 	6.7224e-06
0.166282 	86.2509 	0.172227 	2.06805e-05
0.166537 	86.1025 	0.187342 	6.3589e-05
0.166791 	85.9541 	0.199067 	9.65769e-05
0.167045 	85.806 	0.184672 	5.31218e-05
0.167299 	85.6579 	0.170278 	9.66679e-06
0.167554 	85.5091 	0.167279 	6.41686e-06
0.167808 	85.3601 	0.167541 	1.46693e-05
0.168062 	85.2111 	0.167803 	2.17334e-05
0.168316 	85.0621 	0.168065 	1.36189e-05
0.168571 	84.9131 	0.168326 	5.50444e-06
0.168825 	84.7639 	0.173313 	1.28426e-05
0.169079 	84.6139 	0.188265 	5.27666e-05
0.169333 	84.464 	0.202532 	9.08237e-05
0.169588 	84.3145 	0.187997 	5.0377e-05
0.169842 	84.1649 	0.173462 	9.93022e-06
0.170096 	84.0152 	0.170014 	2.78968e-06
0.17035 	83.8655 	0.170175 	6.48689e-06
0.170605 	83.7157 	0.170335 	1.01841e-05
0.170859 	83.566 	0.170496 	6.6864e-06
0.171113 	83.4162 	0.170656 	3.05254e-06
0.171367 	83.2664 	0.173156 	5.97693e-06
0.171622 	83.1164 	0.187938 	4.3327e-05
0.171876 	82.9664 	0.20272 	8.06771e-05
0.17213 	82.8168 	0.190095 	4.79696e-05
0.172384 	82.6672 	0.175457 	1.01195e-05
0.172639 	82.5178 	0.171592 	-3.70521e-07
0.172893 	82.3686 	0.171659 	-8.76481e-07
0.173147 	82.2194 	0.171726 	-1.38244e-06
0.173401 	82.0702 	0.171792 	-9.95381e-07
0.173656 	81.921 	0.171859 	-4.98257e-07
0.17391 	81.7717 	0.171925 	-1.13436e-09
0.174164 	81.6228 	0.186483 	3.49874e-05
0.174418 	81.474 	0.201079 	7.00663e-05
0.174673 	81.3254 	0.191063 	4.58094e-05
0.174927 	81.177 	0.176358 	1.0253e-05
0.175181 	81.0292 	0.172106 	-3.04005e-06
0.175435 	80.8816 	0.172088 	-7.31213e-06
0.17569 	80.734 	0.17207 	-1.15842e-05
0.175944 	80.5864 	0.172052 	-9.08873e-06
0.176198 	80.4388 	0.172034 	-4.8923e-06
0.176452 	80.2912 	0.172016 	-6.95868e-07
0.176707 	80.1443 	0.184026 	2.74735e-05
0.176961 	79.9976 	0.198427 	6.04097e-05
0.177215 	79.8512 	0.191032 	4.37028e-05
0.177469 	79.7049 	0.176314 	1.0313e-05
0.177724 	79.5594 	0.171703 	-5.2603e-06
0.177978 	79.4144 	0.17161 	-1.28716e-05
0.178232 	79.2693 	0.171517 	-2.04829e-05
0.178486 	79.1243 	0.171423 	-1.74125e-05
0.178741 	78.9793 	0.17133 	-9.93726e-06
0.178995 	78.8342 	0.171237 	-2.46199e-06
0.179249 	78.69 	0.180711 	2.04359e-05
0.179504 	78.5462 	0.194884 	5.09084e-05
0.179758 	78.4027 	0.190103 	4.10665e-05
0.180012 	78.2593 	0.175423 	1.01713e-05
0.180266 	78.117 	0.17048 	-7.21801e-06
0.180521 	77.9753 	0.170315 	-1.79788e-05
0.180775 	77.8335 	0.17015 	-2.87395e-05
0.181029 	77.6917 	0.169985 	-2.63427e-05
0.181283 	77.55 	0.16982 	-1.57752e-05
0.181538 	77.4082 	0.169655 	-5.20765e-06
0.181792 	77.2672 	0.176624 	1.39353e-05
0.182046 	77.127 	0.190525 	4.14105e-05
0.1823 	76.987 	0.18832 	3.76e-05
0.182555 	76.8472 	0.173736 	9.74269e-06
0.182809 	76.7087 	0.168489 	-8.71691e-06
0.183063 	76.5708 	0.168264 	-2.21222e-05
0.183317 	76.4329 	0.168038 	-3.55275e-05
0.183572 	76.2949 	0.167813 	-3.49629e-05
0.183826 	76.157 	0.167587 	-2.17984e-05
0.18408 	76.0191 	0.167361 	-8.63398e-06
0.184334 	75.8818 	0.171892 	8.10201e-06
0.184589 	75.7457 	0.185489 	3.16448e-05
0.184843 	75.6098 	0.185825 	3.27185e-05
0.185097 	75.4741 	0.171442 	8.84886e-06
0.185351 	75.3397 	0.165937 	-9.77541e-06
0.185606 	75.2061 	0.165662 	-2.53097e-05
0.18586 	75.0725 	0.165386 	-4.0844e-05
0.186114 	74.9389 	0.165111 	-4.29955e-05
0.186368 	74.8052 	0.164836 	-2.77393e-05
0.186623 	74.6716 	0.164561 	-1.24831e-05
0.186877 	74.5384 	0.166739 	3.40815e-06
0.187131 	74.4068 	0.179966 	2.21582e-05
0.187385 	74.2753 	0.182748 	2.64688e-05
0.18764 	74.1441 	0.168664 	7.45995e-06
0.187894 	74.0143 	0.162942 	-1.05963e-05
0.188148 	73.8853 	0.162622 	-2.80372e-05
0.188402 	73.7563 	0.162301 	-4.54781e-05
0.188657 	73.6273 	0.16198 	-5.10446e-05
0.188911 	73.4983 	0.16166 	-3.39136e-05
0.189165 	73.3693 	0.161339 	-1.67825e-05
0.189419 	73.2404 	0.161285 	2.79753e-07
0.189674 	73.1136 	0.174072 	1.40267e-05
0.189928 	72.9869 	0.179156 	1.97203e-05
0.190182 	72.8605 	0.165462 	5.78552e-06
0.190436 	72.7354 	0.159563 	-1.13081e-05
0.190691 	72.6113 	0.159196 	-3.06442e-05
0.190945 	72.4872 	0.15883 	-4.99803e-05
0.191199 	72.3631 	0.158463 	-5.96464e-05
0.191453 	72.239 	0.158097 	-4.06499e-05
0.191708 	72.1149 	0.15773 	-2.16534e-05
0.191962 	71.9909 	0.157364 	-2.65688e-06
0.192216 	71.8687 	0.167865 	7.76345e-06
0.19247 	71.747 	0.17505 	1.31648e-05
0.192725 	71.6256 	0.161825 	4.01738e-06
0.192979 	71.5055 	0.155784 	-1.19646e-05
0.193233 	71.3864 	0.155368 	-3.32984e-05
0.193487 	71.2674 	0.154953 	-5.46322e-05
0.193742 	71.1484 	0.154537 	-6.91551e-05
0.193996 	71.0294 	0.154122 	-4.81903e-05
0.19425 	70.9103 	0.153706 	-2.72255e-05
0.194505 	70.7913 	0.153291 	-6.26064e-06
0.194759 	70.674 	0.161358 	3.64864e-06
0.195013 	70.5574 	0.170408 	7.72013e-06
0.195267 	70.441 	0.157731 	2.44918e-06
0.195522 	70.326 	0.151599 	-1.21526e-05
0.195776 	70.2122 	0.151148 	-3.48525e-05
0.19603 	70.0984 	0.150698 	-5.75524e-05
0.196284 	69.9845 	0.150247 	-7.71137e-05
0.196539 	69.8707 	0.149796 	-5.47989e-05
0.196793 	69.7569 	0.149346 	-3.24842e-05
0.197047 	69.643 	0.148895 	-1.01695e-05
0.197301 	69.5305 	0.154694 	7.48085e-07
0.197556 	69.4192 	0.165346 	2.07684e-06
0.19781 	69.3081 	0.153297 	6.84736e-07
0.198064 	69.1982 	0.147136 	-1.17044e-05
0.198318 	69.0897 	0.146673 	-3.47352e-05
0.198573 	68.9811 	0.14621 	-5.77661e-05
0.198827 	68.8725 	0.145748 	-8.0797e-05
0.199081 	68.7639 	0.145285 	-5.91358e-05
0.199335 	68.6554 	0.144822 	-3.64869e-05
0.19959 	68.5468 	0.144359 	-1.38379e-05
0.199844 	68.4392 	0.148098 	-1.6616e-06
0.200098 	68.3331 	0.158435 	-5.93307e-06
0.200352 	68.2273 	0.148704 	-2.25271e-06
0.200607 	68.1227 	0.142564 	-1.10483e-05
0.200861 	68.0194 	0.142096 	-3.41052e-05
0.201115 	67.9161 	0.141628 	-5.71622e-05
0.201369 	67.8129 	0.14116 	-8.02192e-05
0.201624 	67.7096 	0.140692 	-6.27047e-05
0.201878 	67.6063 	0.140224 	-4.00199e-05
0.202132 	67.5031 	0.139755 	-1.73351e-05
0.202386 	67.4004 	0.14166 	-2.85523e-06
0.202641 	67.2997 	0.151252 	-1.49634e-05
0.202895 	67.1991 	0.143988 	-6.76451e-06
0.203149 	67.0997 	0.1379 	-1.06619e-05
0.203403 	67.0018 	0.13741 	-3.4456e-05
0.203658 	66.9039 	0.136921 	-5.825e-05
0.203912 	66.8059 	0.136431 	-8.20441e-05
0.204166 	66.708 	0.135942 	-6.82781e-05
0.20442 	66.61 	0.135452 	-4.48565e-05
0.204675 	66.5121 	0.134963 	-2.14349e-05
0.204929 	66.4143 	0.135261 	-1.73219e-06
0.205183 	66.3189 	0.144063 	-2.21559e-05
0.205437 	66.2237 	0.138998 	-1.20937e-05
0.205692 	66.1295 	0.132993 	-1.04828e-05
0.205946 	66.0369 	0.132465 	-3.57543e-05
0.2062 	65.9442 	0.131937 	-6.10258e-05
0.206454 	65.8516 	0.131409 	-8.62974e-05
0.206709 	65.759 	0.130881 	-7.62573e-05
0.206963 	65.6663 	0.130353 	-5.13678e-05
0.207217 	65.5737 	0.129825 	-2.64783e-05
0.207471 	65.4811 	0.129297 	-1.58878e-06
0.207726 	65.3908 	0.136736 	-2.55969e-05
0.20798 	65.3008 	0.133599 	-1.7169e-05
0.208234 	65.2118 	0.127727 	-1.00699e-05
0.208488 	65.1245 	0.127165 	-3.66273e-05
0.208743 	65.0371 	0.126603 	-6.31848e-05
0.208997 	64.9498 	0.12604 	-8.97422e-05
0.209251 	64.8624 	0.125478 	-8.40106e-05
0.209506 	64.7751 	0.124916 	-5.78391e-05
0.20976 	64.6877 	0.124353 	-3.16676e-05
0.210014 	64.6004 	0.123791 	-5.49619e-06
0.210268 	64.515 	0.129319 	-2.59564e-05
0.210523 	64.4303 	0.127831 	-2.18878e-05
0.210777 	64.3465 	0.122159 	-9.32055e-06
0.211031 	64.2643 	0.121574 	-3.66485e-05
0.211285 	64.1822 	0.120989 	-6.39764e-05
0.21154 	64.1001 	0.120404 	-9.13043e-05
0.211794 	64.018 	0.119819 	-9.03715e-05
0.212048 	63.9359 	0.119234 	-6.34237e-05
0.212302 	63.8538 	0.118649 	-3.6476e-05
0.212557 	63.7717 	0.118064 	-9.52822e-06
0.212811 	63.6912 	0.121927 	-2.4378e-05
0.213065 	63.6117 	0.121787 	-2.66612e-05
0.213319 	63.5329 	0.116375 	-8.36866e-06
0.213574 	63.456 	0.115773 	-3.62305e-05
0.213828 	63.3791 	0.115171 	-6.40924e-05
0.214082 	63.3022 	0.114568 	-9.19543e-05
0.214336 	63.2252 	0.113966 	-9.60719e-05
0.214591 	63.1483 	0.113364 	-6.85792e-05
0.214845 	63.0714 	0.112762 	-4.10865e-05
0.215099 	62.9945 	0.112159 	-1.35938e-05
0.215353 	62.9188 	0.114611 	-2.12431e-05
0.215608 	62.8445 	0.115509 	-3.15326e-05
0.215862 	62.7708 	0.110411 	-7.29317e-06
0.216116 	62.699 	0.109792 	-3.56748e-05
0.21637 	62.6272 	0.109173 	-6.40565e-05
0.216625 	62.5554 	0.108554 	-9.24381e-05
0.216879 	62.4836 	0.107935 	-0.000101803
0.217133 	62.4118 	0.107316 	-7.37774e-05
0.217387 	62.34 	0.106697 	-4.57521e-05
0.217642 	62.2682 	0.106078 	-1.77267e-05
0.217896 	62.1973 	0.10737 	-1.67918e-05
0.21815 	62.1281 	0.108992 	-3.64016e-05
0.218404 	62.0593 	0.10425 	-6.08835e-06
0.218659 	61.9926 	0.103615 	-3.49721e-05
0.218913 	61.9259 	0.10298 	-6.38559e-05
0.219167 	61.8592 	0.102345 	-9.27397e-05
0.219421 	61.7924 	0.10171 	-0.000107539
0.219676 	61.7257 	0.101074 	-7.89969e-05
0.21993 	61.659 	0.100439 	-5.04546e-05
0.220184 	61.5922 	0.0998042 	-2.19123e-05
0.220438 	61.5261 	0.100187 	-1.13427e-05
0.220693 	61.4619 	0.102242 	-4.1294e-05
0.220947 	61.3981 	0.0979071 	-4.72709e-06
0.221201 	61.3363 	0.0972599 	-3.39535e-05
0.221455 	61.2746 	0.0966126 	-6.31799e-05
0.22171 	61.2129 	0.0959653 	-9.24063e-05
0.221964 	61.1511 	0.095318 	-0.00011272
0.222218 	61.0894 	0.0946707 	-8.38174e-05
0.222472 	61.0277 	0.0940234 	-5.49144e-05
0.222727 	60.966 	0.0933762 	-2.60114e-05
0.222981 	60.9045 	0.0930873 	-5.16193e-06
0.223235 	60.8452 	0.0952965 	-4.63109e-05
0.223489 	60.7863 	0.0914291 	-3.22672e-06
0.223744 	60.7295 	0.0907739 	-3.26263e-05
0.223998 	60.6727 	0.0901187 	-6.20259e-05
0.224252 	60.6159 	0.0894634 	-9.14255e-05
0.224507 	60.5591 	0.0888082 	-0.000117239
0.224761 	60.5023 	0.088153 	-8.81412e-05
0.225015 	60.4455 	0.0874978 	-5.90438e-05
0.225269 	60.3887 	0.0868425 	-2.99463e-05
0.225524 	60.3319 	0.0861873 	-8.48917e-07
0.225778 	60.2775 	0.0881959 	-5.15569e-05
0.226032 	60.2233 	0.0848688 	-1.61217e-06
0.226286 	60.1714 	0.084209 	-3.10508e-05
0.226541 	60.1195 	0.0835493 	-6.04895e-05
0.226795 	60.0675 	0.0828895 	-8.99282e-05
0.227049 	60.0156 	0.0822297 	-0.000119367
0.227303 	59.9637 	0.0815699 	-9.20092e-05
0.227558 	59.9118 	0.0809102 	-6.28492e-05
0.227812 	59.8599 	0.0802504 	-3.36892e-05
0.228066 	59.8079 	0.0795906 	-4.52922e-06
0.22832 	59.7581 	0.0806356 	-4.76886e-05
0.228575 	59.7085 	0.0782715 	-1.86526e-07
0.228829 	59.6614 	0.0776003 	-2.94048e-05
0.229083 	59.6142 	0.0769357 	-5.89065e-05
0.229337 	59.5671 	0.0762712 	-8.84082e-05
0.229592 	59.52 	0.0756066 	-0.00011791
0.229846 	59.4728 	0.0749421 	-9.58821e-05
0.2301 	59.4257 	0.0742776 	-6.6635e-05
0.230354 	59.3786 	0.073613 	-3.7388e-05
0.230609 	59.3314 	0.0729485 	-8.14093e-06
0.230863 	59.286 	0.0731834 	-4.19766e-05
0.231117 	59.2413 	0.0716747 	-3.77174e-06
0.231371 	59.1987 	0.0709246 	-2.76022e-05
0.231626 	59.1562 	0.0702572 	-5.71055e-05
0.23188 	59.1138 	0.0695897 	-8.66089e-05
0.232134 	59.0714 	0.0689222 	-0.000116112
0.232388 	59.0289 	0.0682547 	-9.9479e-05
0.232643 	58.9865 	0.0675873 	-7.02051e-05
0.232897 	58.9441 	0.0669198 	-4.09312e-05
0.233151 	58.9016 	0.0662523 	-1.16573e-05
0.233405 	58.8606 	0.0658935 	-3.56023e-05
0.23366 	58.8205 	0.0649328 	-7.6594e-06
0.233914 	58.7824 	0.0641936 	-2.54547e-05
0.234168 	58.7445 	0.0635303 	-5.46707e-05
0.234422 	58.7067 	0.0628669 	-8.38868e-05
0.234677 	58.6689 	0.0622036 	-0.000113103
0.234931 	58.6311 	0.0615403 	-0.000101982
0.235185 	58.5932 	0.060877 	-7.29676e-05
0.235439 	58.5554 	0.0602136 	-4.39533e-05
0.235694 	58.5176 	0.0595503 	-1.4939e-05
0.235948 	58.4808 	0.0588082 	-2.8997e-05
0.236202 	58.4453 	0.0581192 	-1.17875e-05
0.236456 	58.4115 	0.057474 	-2.30536e-05
0.236711 	58.3782 	0.056821 	-5.17357e-05
0.236965 	58.3448 	0.0561679 	-8.04177e-05
0.237219 	58.3115 	0.0555148 	-0.0001091
0.237473 	58.2781 	0.0548618 	-0.000103442
0.237728 	58.2448 	0.0542087 	-7.49321e-05
0.237982 	58.2114 	0.0535556 	-4.64226e-05
0.238236 	58.1781 	0.0529026 	-1.79132e-05
0.23849 	58.1455 	0.0519648 	-2.22579e-05
0.238745 	58.1144 	0.0512718 	-1.60538e-05
0.238999 	58.0848 	0.0507771 	-2.05048e-05
0.239253 	58.0558 	0.0501389 	-4.84764e-05
0.239508 	58.0268 	0.0495006 	-7.6448e-05
0.239762 	57.9977 	0.0488624 	-0.00010442
0.240016 	57.9687 	0.0482242 	-0.000104037
0.24027 	57.9397 	0.047586 	-7.62088e-05
0.240525 	57.9107 	0.0469478 	-4.83802e-05
0.240779 	57.8817 	0.0463096 	-2.05517e-05
0.241033 	57.8532 	0.0453533 	-1.5356e-05
0.241287 	57.8263 	0.0444735 	-2.00903e-05
0.241542 	57.8007 	0.0441646 	-1.75337e-05
0.241796 	57.7758 	0.0435568 	-4.41358e-05
0.24205 	57.7509 	0.042949 	-7.07379e-05
0.242304 	57.726 	0.0423412 	-9.73399e-05
0.242559 	57.7011 	0.0417333 	-0.000101867
0.242813 	57.6762 	0.0411255 	-7.53763e-05
0.243067 	57.6513 	0.0405177 	-4.8886e-05
0.243321 	57.6263 	0.0399099 	-2.23957e-05
0.243576 	57.6017 	0.0390714 	-8.70213e-06
0.24383 	57.5788 	0.0379575 	-2.36063e-05
0.244084 	57.557 	0.0378833 	-1.39721e-05
0.244338 	57.5359 	0.0373341 	-3.79833e-05
0.244593 	57.5148 	0.0367849 	-6.19945e-05
0.244847 	57.4938 	0.0362357 	-8.60057e-05
0.245101 	57.4727 	0.0356865 	-9.45108e-05
0.245355 	57.4516 	0.0351373 	-7.05783e-05
0.24561 	57.4305 	0.0345881 	-4.66459e-05
0.245864 	57.4094 	0.0340389 	-2.27134e-05
0.246118 	57.3884 	0.0334041 	-2.73198e-06
0.246372 	57.3692 	0.0320348 	-2.67992e-05
0.246627 	57.3508 	0.0322513 	-1.00742e-05
0.246881 	57.3332 	0.0317914 	-3.01662e-05
0.247135 	57.3156 	0.0313315 	-5.02582e-05
0.247389 	57.298 	0.0308716 	-7.03502e-05
0.247644 	57.2803 	0.0304116 	-8.11693e-05
0.247898 	57.2627 	0.0299517 	-6.11245e-05
0.248152 	57.2451 	0.0294918 	-4.10797e-05
0.248406 	57.2275 	0.0290318 	-2.10348e-05
0.248661 	57.2099 	0.0285719 	-9.90023e-07
0.248915 	57.1939 	0.0270296 	-2.99556e-05
0.249169 	57.1758 	0.0275969 	-6.17533e-06
0.249423 	57.1546 	0.0272582 	-2.09624e-05
0.249678 	57.1334 	0.0269195 	-3.57495e-05
0.249932 	57.1123 	0.0265808 	-5.05366e-05
0.250186 	57.0911 	0.0262421 	-6.12269e-05
0.25044 	57.07 	0.0259034 	-4.64606e-05
0.250695 	57.0488 	0.0255647 	-3.16944e-05
0.250949 	57.0276 	0.025226 	-1.69282e-05
0.251203 	57.0065 	0.0248873 	-2.16197e-06
0.251457 	56.9809 	0.0232786 	-3.33924e-05
0.251712 	56.959 	0.024173 	-6.29395e-06
0.251966 	56.9458 	0.0237368 	-2.53335e-05
0.25222 	56.9326 	0.0233006 	-4.43731e-05
0.252474 	56.9194 	0.0228645 	-6.34126e-05
0.252729 	56.9063 	0.0224283 	-8.06891e-05
0.252983 	56.8931 	0.0219922 	-6.16615e-05
0.253237 	56.8799 	0.021556 	-4.26339e-05
0.253491 	56.8668 	0.0211198 	-2.36063e-05
0.253746 	56.8536 	0.0206837 	-4.57865e-06
0.254 	56.8504 	0.0189148 	-1.41183e-05
