0 	31.9371 	-2.73818e-07 	1.60821e-17
0.000254254 	31.9429 	-2.74188e-07 	2.42839e-14
0.000508509 	31.9487 	-2.74188e-07 	2.42839e-14
0.000762763 	31.9544 	-2.74188e-07 	2.42839e-14
0.00101702 	31.9602 	-2.74188e-07 	2.42839e-14
0.00127127 	31.966 	-2.74188e-07 	2.42839e-14
0.00152553 	31.9718 	-2.74188e-07 	2.42839e-14
0.00177978 	31.9776 	-2.74188e-07 	2.42839e-14
0.00203403 	31.9833 	-2.74188e-07 	2.42839e-14
0.00228829 	31.9891 	-2.74188e-07 	2.42839e-14
0.00254254 	31.9949 	-2.74188e-07 	2.42839e-14
0.0027968 	32.0083 	-2.79633e-07 	2.4313e-14
0.00305105 	32.0226 	-2.79633e-07 	2.4313e-14
0.00330531 	32.0368 	-2.79633e-07 	2.4313e-14
0.00355956 	32.051 	-2.79633e-07 	2.4313e-14
0.00381381 	32.0652 	-2.79633e-07 	2.4313e-14
0.00406807 	32.0794 	-2.79633e-07 	2.4313e-14
0.00432232 	32.0936 	-2.79633e-07 	2.4313e-14
0.00457658 	32.1078 	-2.79633e-07 	2.4313e-14
0.00483083 	32.1221 	-2.79633e-07 	2.4313e-14
0.00508509 	32.1363 	-2.79633e-07 	2.4313e-14
0.00533934 	32.153 	-3.03015e-07 	2.44183e-14
0.00559359 	32.1703 	-3.03015e-07 	2.44183e-14
0.00584785 	32.1876 	-3.03015e-07 	2.44183e-14
0.0061021 	32.2049 	-3.03015e-07 	2.44183e-14
0.00635636 	32.2222 	-3.03015e-07 	2.44183e-14
0.00661061 	32.2395 	-3.03015e-07 	2.44183e-14
0.00686486 	32.2568 	-3.03015e-07 	2.44183e-14
0.00711912 	32.2741 	-3.03015e-07 	2.44183e-14
0.00737337 	32.2914 	-3.03015e-07 	2.44183e-14
0.00762763 	32.3087 	-3.03015e-07 	2.44183e-14
0.00788188 	32.3268 	-3.43419e-07 	2.45081e-14
0.00813614 	32.3451 	-3.43419e-07 	2.45081e-14
0.00839039 	32.3635 	-3.43419e-07 	2.45081e-14
0.00864464 	32.3818 	-3.43419e-07 	2.45081e-14
0.0088989 	32.4001 	-3.43419e-07 	2.45081e-14
0.00915315 	32.4184 	-3.43419e-07 	2.45081e-14
0.00940741 	32.4368 	-3.43419e-07 	2.4508e-14
0.00966166 	32.4551 	-3.43419e-07 	2.4508e-14
0.00991592 	32.4734 	-3.43419e-07 	2.4508e-14
0.0101702 	32.4918 	-3.43419e-07 	2.4508e-14
0.0104244 	32.5113 	-3.9698e-07 	2.46786e-14
0.0106787 	32.5315 	-3.9698e-07 	2.46786e-14
0.0109329 	32.5516 	-3.9698e-07 	2.46786e-14
0.0111872 	32.5718 	-3.9698e-07 	2.46786e-14
0.0114414 	32.592 	-3.9698e-07 	2.46786e-14
0.0116957 	32.6121 	-3.9698e-07 	2.46786e-14
0.0119499 	32.6323 	-3.9698e-07 	2.46786e-14
0.0122042 	32.6525 	-3.9698e-07 	2.46786e-14
0.0124585 	32.6726 	-3.9698e-07 	2.46786e-14
0.0127127 	32.6928 	-3.9698e-07 	2.46786e-14
0.012967 	32.7146 	-4.60227e-07 	2.48814e-14
0.0132212 	32.7377 	-4.60227e-07 	2.48814e-14
0.0134755 	32.7608 	-4.60227e-07 	2.48814e-14
0.0137297 	32.7839 	-4.60227e-07 	2.48814e-14
0.013984 	32.807 	-4.60227e-07 	2.48814e-14
0.0142382 	32.8301 	-4.60227e-07 	2.48814e-14
0.0144925 	32.8532 	-4.60227e-07 	2.48814e-14
0.0147467 	32.8762 	-4.60227e-07 	2.48814e-14
0.015001 	32.8993 	-4.60227e-07 	2.48814e-14
0.0152553 	32.9224 	-4.60227e-07 	2.48814e-14
0.0155095 	32.9472 	-5.30531e-07 	2.50841e-14
0.0157638 	32.9739 	-5.30531e-07 	2.50841e-14
0.016018 	33.0006 	-5.30531e-07 	2.50841e-14
0.0162723 	33.0273 	-5.30531e-07 	2.50841e-14
0.0165265 	33.054 	-5.30531e-07 	2.50841e-14
0.0167808 	33.0807 	-5.30531e-07 	2.50841e-14
0.017035 	33.1074 	-5.30531e-07 	2.50841e-14
0.0172893 	33.1342 	-5.30531e-07 	2.50841e-14
0.0175435 	33.1609 	-5.30531e-07 	2.50841e-14
0.0177978 	33.1876 	-5.30531e-07 	2.50841e-14
0.0180521 	33.2157 	-6.06054e-07 	2.53185e-14
0.0183063 	33.2465 	-6.06054e-07 	2.53185e-14
0.0185606 	33.2772 	-6.06054e-07 	2.53185e-14
0.0188148 	33.3079 	-6.06054e-07 	2.53185e-14
0.0190691 	33.3386 	-6.06054e-07 	2.53185e-14
0.0193233 	33.3693 	-6.06054e-07 	2.53185e-14
0.0195776 	33.4 	-6.06054e-07 	2.53185e-14
0.0198318 	33.4307 	-6.06054e-07 	2.53185e-14
0.0200861 	33.4614 	-6.06054e-07 	2.53185e-14
0.0203403 	33.4921 	-6.06054e-07 	2.53185e-14
0.0205946 	33.5239 	-6.85638e-07 	2.55895e-14
0.0208488 	33.5589 	-6.85638e-07 	2.55895e-14
0.0211031 	33.5938 	-6.85638e-07 	2.55895e-14
0.0213574 	33.6287 	-6.85638e-07 	2.55895e-14
0.0216116 	33.6637 	-6.85638e-07 	2.55895e-14
0.0218659 	33.6986 	-6.85638e-07 	2.55895e-14
0.0221201 	33.7335 	-6.85638e-07 	2.55895e-14
0.0223744 	33.7685 	-6.85638e-07 	2.55895e-14
0.0226286 	33.8034 	-6.85638e-07 	2.55895e-14
0.0228829 	33.8383 	-6.85638e-07 	2.55895e-14
0.0231371 	33.8741 	-7.68615e-07 	2.58993e-14
0.0233914 	33.9134 	-7.68615e-07 	2.58993e-14
0.0236456 	33.9528 	-7.68615e-07 	2.58993e-14
0.0238999 	33.9921 	-7.68615e-07 	2.58993e-14
0.0241542 	34.0315 	-7.68615e-07 	2.58993e-14
0.0244084 	34.0708 	-7.68615e-07 	2.58993e-14
0.0246627 	34.1102 	-7.68615e-07 	2.58993e-14
0.0249169 	34.1495 	-7.68615e-07 	2.58993e-14
0.0251712 	34.1889 	-7.68615e-07 	2.58993e-14
0.0254254 	34.2282 	-7.68615e-07 	2.58993e-14
0.0256797 	34.268 	-8.54441e-07 	2.62495e-14
0.0259339 	34.3119 	-8.54441e-07 	2.62495e-14
0.0261882 	34.3559 	-8.54441e-07 	2.62495e-14
0.0264424 	34.3998 	-8.54441e-07 	2.62495e-14
0.0266967 	34.4438 	-8.54441e-07 	2.62495e-14
0.026951 	34.4877 	-8.54441e-07 	2.62495e-14
0.0272052 	34.5316 	-8.54441e-07 	2.62495e-14
0.0274595 	34.5756 	-8.54441e-07 	2.62495e-14
0.0277137 	34.6195 	-8.54441e-07 	2.62495e-14
0.027968 	34.6635 	-8.54441e-07 	2.62495e-14
0.0282222 	34.7074 	-9.92695e-07 	1.66661e-17
0.0284765 	34.7561 	-9.41785e-07 	2.6641e-14
0.0287307 	34.8049 	-9.41785e-07 	2.6641e-14
0.028985 	34.8536 	-9.41785e-07 	2.6641e-14
0.0292392 	34.9023 	-9.41785e-07 	2.6641e-14
0.0294935 	34.951 	-9.41785e-07 	2.6641e-14
0.0297477 	34.9997 	-9.41785e-07 	2.6641e-14
0.030002 	35.0485 	-9.41785e-07 	2.6641e-14
0.0302563 	35.0972 	-9.41785e-07 	2.6641e-14
0.0305105 	35.1459 	-9.41785e-07 	2.6641e-14
0.0307648 	35.1946 	-9.41785e-07 	2.6641e-14
0.031019 	35.2479 	-1.02852e-06 	2.71198e-14
0.0312733 	35.3015 	-1.02852e-06 	2.71198e-14
0.0315275 	35.3552 	-1.02852e-06 	2.71198e-14
0.0317818 	35.4089 	-1.02852e-06 	2.71198e-14
0.032036 	35.4626 	-1.02852e-06 	2.71198e-14
0.0322903 	35.5162 	-1.02852e-06 	2.71198e-14
0.0325445 	35.5699 	-1.02852e-06 	2.71198e-14
0.0327988 	35.6236 	-1.02852e-06 	2.71198e-14
0.0330531 	35.6773 	-1.02852e-06 	2.71198e-14
0.0333073 	35.731 	-1.02852e-06 	2.71198e-14
0.0335616 	35.7888 	-1.11682e-06 	2.75589e-14
0.0338158 	35.8477 	-1.11682e-06 	2.75589e-14
0.0340701 	35.9065 	-1.11682e-06 	2.75589e-14
0.0343243 	35.9653 	-1.11682e-06 	2.75589e-14
0.0345786 	36.0241 	-1.11682e-06 	2.75589e-14
0.0348328 	36.083 	-1.11682e-06 	2.75589e-14
0.0350871 	36.1418 	-1.11682e-06 	2.75589e-14
0.0353413 	36.2006 	-1.11682e-06 	2.75589e-14
0.0355956 	36.2594 	-1.11682e-06 	2.75589e-14
0.0358498 	36.3183 	-1.11682e-06 	2.75589e-14
0.0361041 	36.381 	-1.20772e-06 	2.81092e-14
0.0363584 	36.4451 	-1.20772e-06 	2.81091e-14
0.0366126 	36.5093 	-1.20772e-06 	2.81091e-14
0.0368669 	36.5735 	-1.20772e-06 	2.81091e-14
0.0371211 	36.6376 	-1.20772e-06 	2.81091e-14
0.0373754 	36.7018 	-1.20772e-06 	2.81091e-14
0.0376296 	36.7659 	-1.20772e-06 	2.81091e-14
0.0378839 	36.8301 	-1.20772e-06 	2.81091e-14
0.0381381 	36.8943 	-1.20772e-06 	2.81091e-14
0.0383924 	36.9584 	-1.20772e-06 	2.81091e-14
0.0386466 	37.0261 	-1.30292e-06 	2.87162e-14
0.0389009 	37.0958 	-1.30292e-06 	2.87162e-14
0.0391552 	37.1656 	-1.30292e-06 	2.87162e-14
0.0394094 	37.2353 	-1.30292e-06 	2.87162e-14
0.0396637 	37.305 	-1.30292e-06 	2.87162e-14
0.0399179 	37.3747 	-1.30292e-06 	2.87162e-14
0.0401722 	37.4444 	-1.30292e-06 	2.87162e-14
0.0404264 	37.5141 	-1.30292e-06 	2.87162e-14
0.0406807 	37.5838 	-1.30292e-06 	2.87162e-14
0.0409349 	37.6535 	-1.30292e-06 	2.87162e-14
0.0411892 	37.7264 	-1.40187e-06 	2.9374e-14
0.0414434 	37.8019 	-1.40187e-06 	2.9374e-14
0.0416977 	37.8773 	-1.40187e-06 	2.9374e-14
0.041952 	37.9528 	-1.40187e-06 	2.9374e-14
0.0422062 	38.0283 	-1.40187e-06 	2.9374e-14
0.0424605 	38.1038 	-1.40187e-06 	2.9374e-14
0.0427147 	38.1792 	-1.40187e-06 	2.9374e-14
0.042969 	38.2547 	-1.40187e-06 	2.9374e-14
0.0432232 	38.3302 	-1.40187e-06 	2.9374e-14
0.0434775 	38.4057 	-1.40187e-06 	2.9374e-14
0.0437317 	38.4839 	-1.5043e-06 	3.00381e-14
0.043986 	38.5653 	-1.5043e-06 	3.00381e-14
0.0442402 	38.6468 	-1.5043e-06 	3.00381e-14
0.0444945 	38.7283 	-1.5043e-06 	3.00381e-14
0.0447487 	38.8097 	-1.5043e-06 	3.00381e-14
0.045003 	38.8912 	-1.5043e-06 	3.0038e-14
0.0452573 	38.9726 	-1.5043e-06 	3.0038e-14
0.0455115 	39.0541 	-1.5043e-06 	3.0038e-14
0.0457658 	39.1356 	-1.5043e-06 	3.0038e-14
0.04602 	39.217 	-1.5043e-06 	3.0038e-14
0.0462743 	39.3008 	-1.61012e-06 	3.06976e-14
0.0465285 	39.3885 	-1.61012e-06 	3.06976e-14
0.0467828 	39.4762 	-1.61012e-06 	3.06976e-14
0.047037 	39.5638 	-1.61012e-06 	3.06976e-14
0.0472913 	39.6515 	-1.61012e-06 	3.06976e-14
0.0475455 	39.7392 	-1.61012e-06 	3.06976e-14
0.0477998 	39.8269 	-1.61012e-06 	3.06976e-14
0.0480541 	39.9146 	-1.61012e-06 	3.06976e-14
0.0483083 	40.0023 	-1.61012e-06 	3.06976e-14
0.0485626 	40.09 	-1.61012e-06 	3.06976e-14
0.0488168 	40.1795 	-1.71915e-06 	3.14195e-14
0.0490711 	40.2736 	-1.71915e-06 	3.14195e-14
0.0493253 	40.3678 	-1.71915e-06 	3.14195e-14
0.0495796 	40.462 	-1.71915e-06 	3.14195e-14
0.0498338 	40.5561 	-1.71915e-06 	3.14195e-14
0.0500881 	40.6503 	-1.71915e-06 	3.14195e-14
0.0503423 	40.7444 	-1.71915e-06 	3.14195e-14
0.0505966 	40.8386 	-1.71915e-06 	3.14195e-14
0.0508509 	40.9328 	-1.71915e-06 	3.14195e-14
0.0511051 	41.0269 	-1.71915e-06 	3.14195e-14
0.0513594 	41.1223 	-1.83109e-06 	3.22369e-14
0.0516136 	41.2232 	-1.83109e-06 	3.22369e-14
0.0518679 	41.3241 	-1.83109e-06 	3.22369e-14
0.0521221 	41.425 	-1.83109e-06 	3.22369e-14
0.0523764 	41.5259 	-1.83109e-06 	3.22369e-14
0.0526306 	41.6268 	-1.83109e-06 	3.22369e-14
0.0528849 	41.7277 	-1.83109e-06 	3.22369e-14
0.0531391 	41.8286 	-1.83109e-06 	3.22368e-14
0.0533934 	41.9295 	-1.83109e-06 	3.22368e-14
0.0536476 	42.0303 	-1.83109e-06 	3.22368e-14
0.0539019 	42.1319 	-1.94547e-06 	3.30671e-14
0.0541562 	42.2397 	-1.94547e-06 	3.30671e-14
0.0544104 	42.3476 	-1.94547e-06 	3.30671e-14
0.0546647 	42.4555 	-1.94547e-06 	3.30671e-14
0.0549189 	42.5634 	-1.94547e-06 	3.30671e-14
0.0551732 	42.6712 	-1.94547e-06 	3.30671e-14
0.0554274 	42.7791 	-1.94547e-06 	3.30671e-14
0.0556817 	42.887 	-1.94547e-06 	3.30671e-14
0.0559359 	42.9948 	-1.94547e-06 	3.30671e-14
0.0561902 	43.1027 	-1.94547e-06 	3.30671e-14
0.0564444 	43.2106 	-2.31569e-06 	1.29753e-17
0.0566987 	43.3257 	-2.06154e-06 	3.39997e-14
0.056953 	43.4408 	-2.06154e-06 	3.39997e-14
0.0572072 	43.5559 	-2.06154e-06 	3.39997e-14
0.0574615 	43.671 	-2.06154e-06 	3.39997e-14
0.0577157 	43.7861 	-2.06154e-06 	3.39997e-14
0.05797 	43.9013 	-2.06154e-06 	3.39997e-14
0.0582242 	44.0164 	-2.06154e-06 	3.39997e-14
0.0584785 	44.1315 	-2.06154e-06 	3.39997e-14
0.0587327 	44.2466 	-2.06154e-06 	3.39997e-14
0.058987 	44.3617 	-2.06154e-06 	3.39997e-14
0.0592412 	44.4836 	-2.17829e-06 	3.49909e-14
0.0594955 	44.6062 	-2.17829e-06 	3.49909e-14
0.0597497 	44.7288 	-2.17829e-06 	3.49909e-14
0.060004 	44.8514 	-2.17829e-06 	3.49909e-14
0.0602583 	44.974 	-2.17829e-06 	3.49909e-14
0.0605125 	45.0966 	-2.17829e-06 	3.49909e-14
0.0607668 	45.2193 	-2.17829e-06 	3.49909e-14
0.061021 	45.3419 	-2.17829e-06 	3.49909e-14
0.0612753 	45.4645 	-2.17829e-06 	3.49909e-14
0.0615295 	45.5871 	-2.17829e-06 	3.49909e-14
0.0617838 	45.716 	-2.29586e-06 	3.60881e-14
0.062038 	45.8463 	-2.29586e-06 	3.60881e-14
0.0622923 	45.9767 	-2.29586e-06 	3.60881e-14
0.0625465 	46.107 	-2.29586e-06 	3.6088e-14
0.0628008 	46.2374 	-2.29586e-06 	3.6088e-14
0.0630551 	46.3677 	-2.29586e-06 	3.6088e-14
0.0633093 	46.498 	-2.29586e-06 	3.6088e-14
0.0635636 	46.6284 	-2.29586e-06 	3.6088e-14
0.0638178 	46.7587 	-2.29586e-06 	3.6088e-14
0.0640721 	46.8891 	-2.29586e-06 	3.6088e-14
0.0643263 	47.0252 	-2.4141e-06 	3.71561e-14
0.0645806 	47.1635 	-2.4141e-06 	3.71561e-14
0.0648348 	47.3018 	-2.4141e-06 	3.71561e-14
0.0650891 	47.4401 	-2.4141e-06 	3.71561e-14
0.0653433 	47.5784 	-2.4141e-06 	3.71561e-14
0.0655976 	47.7168 	-2.4141e-06 	3.71561e-14
0.0658519 	47.8551 	-2.4141e-06 	3.71561e-14
0.0661061 	47.9934 	-2.4141e-06 	3.7156e-14
0.0663604 	48.1317 	-2.4141e-06 	3.7156e-14
0.0666146 	48.27 	-2.4141e-06 	3.7156e-14
0.0668689 	48.4135 	-2.53245e-06 	3.83281e-14
0.0671231 	48.56 	-2.53245e-06 	3.83281e-14
0.0673774 	48.7065 	-2.53245e-06 	3.83281e-14
0.0676316 	48.853 	-2.53245e-06 	3.8328e-14
0.0678859 	48.9995 	-2.53245e-06 	3.8328e-14
0.0681401 	49.146 	-2.53245e-06 	3.8328e-14
0.0683944 	49.2925 	-2.53245e-06 	3.8328e-14
0.0686486 	49.439 	-2.53245e-06 	3.8328e-14
0.0689029 	49.5855 	-2.53245e-06 	3.8328e-14
0.0691572 	49.732 	-2.53245e-06 	3.8328e-14
0.0694114 	49.8831 	-2.64849e-06 	3.9553e-14
0.0696657 	50.038 	-2.64849e-06 	3.95529e-14
0.0699199 	50.193 	-2.64849e-06 	3.95529e-14
0.0701742 	50.3479 	-2.64849e-06 	3.95529e-14
0.0704284 	50.5028 	-2.64849e-06 	3.95529e-14
0.0706827 	50.6577 	-2.64849e-06 	3.95529e-14
0.0709369 	50.8126 	-2.64849e-06 	3.95529e-14
0.0711912 	50.9675 	-2.64849e-06 	3.95529e-14
0.0714454 	51.1225 	-2.64849e-06 	3.95529e-14
0.0716997 	51.2774 	-2.64849e-06 	3.95529e-14
0.071954 	51.4362 	-2.75358e-06 	4.08313e-14
0.0722082 	51.5997 	-2.75358e-06 	4.08313e-14
0.0724625 	51.7632 	-2.75358e-06 	4.08313e-14
0.0727167 	51.9267 	-2.75358e-06 	4.08313e-14
0.072971 	52.0903 	-2.75358e-06 	4.08312e-14
0.0732252 	52.2538 	-2.75358e-06 	4.08312e-14
0.0734795 	52.4173 	-2.75358e-06 	4.08312e-14
0.0737337 	52.5808 	-2.75358e-06 	4.08312e-14
0.073988 	52.7443 	-2.75358e-06 	4.08312e-14
0.0742422 	52.9078 	-2.75358e-06 	4.08312e-14
0.0744965 	53.0745 	-2.83956e-06 	4.21558e-14
0.0747508 	53.2467 	-2.83956e-06 	4.21558e-14
0.075005 	53.419 	-2.83956e-06 	4.21558e-14
0.0752593 	53.5912 	-2.83956e-06 	4.21558e-14
0.0755135 	53.7634 	-2.83956e-06 	4.21558e-14
0.0757678 	53.9357 	-2.83956e-06 	4.21557e-14
0.076022 	54.1079 	-2.83956e-06 	4.21557e-14
0.0762763 	54.2801 	-2.83956e-06 	4.21557e-14
0.0765305 	54.4523 	-2.83956e-06 	4.21557e-14
0.0767848 	54.6246 	-2.83956e-06 	4.21557e-14
0.077039 	54.7992 	-2.89037e-06 	4.34767e-14
0.0772933 	54.9801 	-2.89037e-06 	4.34767e-14
0.0775475 	55.1611 	-2.89037e-06 	4.34767e-14
0.0778018 	55.3421 	-2.89037e-06 	4.34767e-14
0.0780561 	55.523 	-2.89037e-06 	4.34767e-14
0.0783103 	55.704 	-2.89037e-06 	4.34767e-14
0.0785646 	55.885 	-2.89037e-06 	4.34767e-14
0.0788188 	56.0659 	-2.89037e-06 	4.34766e-14
0.0790731 	56.2469 	-2.89037e-06 	4.34766e-14
0.0793273 	56.4279 	-2.89037e-06 	4.34766e-14
0.0795816 	56.6104 	-2.90291e-06 	4.48659e-14
0.0798358 	56.8 	-2.90291e-06 	4.48659e-14
0.0800901 	56.9896 	-2.90291e-06 	4.48659e-14
0.0803443 	57.1791 	-2.90291e-06 	4.48659e-14
0.0805986 	57.3687 	-2.90291e-06 	4.48659e-14
0.0808529 	57.5583 	-2.90291e-06 	4.48659e-14
0.0811071 	57.7479 	-2.90291e-06 	4.48658e-14
0.0813614 	57.9375 	-2.90291e-06 	4.48658e-14
0.0816156 	58.1271 	-2.90291e-06 	4.48658e-14
0.0818699 	58.3167 	-2.90291e-06 	4.48658e-14
0.0821241 	58.507 	-2.92703e-06 	4.62791e-14
0.0823784 	58.7049 	-2.92703e-06 	4.62791e-14
0.0826326 	58.9028 	-2.92703e-06 	4.62791e-14
0.0828869 	59.1008 	-2.92703e-06 	4.62791e-14
0.0831411 	59.2987 	-2.92703e-06 	4.62791e-14
0.0833954 	59.4966 	-2.92703e-06 	4.62791e-14
0.0836496 	59.6946 	-2.92703e-06 	4.62791e-14
0.0839039 	59.8925 	-2.92703e-06 	4.62791e-14
0.0841582 	60.0904 	-2.92703e-06 	4.6279e-14
0.0844124 	60.2883 	-2.92703e-06 	4.6279e-14
0.0846667 	60.4863 	-3.85431e-06 	1.48107e-16
0.0849209 	60.6922 	-2.95302e-06 	4.77129e-14
0.0851752 	60.8981 	-2.95302e-06 	4.77129e-14
0.0854294 	61.1041 	-2.95302e-06 	4.77128e-14
0.0856837 	61.31 	-2.95302e-06 	4.77128e-14
0.0859379 	61.516 	-2.95302e-06 	4.77128e-14
0.0861922 	61.7219 	-2.95302e-06 	4.77128e-14
0.0864464 	61.9279 	-2.95302e-06 	4.77128e-14
0.0867007 	62.1338 	-2.95302e-06 	4.77128e-14
0.086955 	62.3397 	-2.95302e-06 	4.77128e-14
0.0872092 	62.5457 	-2.95302e-06 	4.77128e-14
0.0874635 	62.7586 	-2.95847e-06 	4.91612e-14
0.0877177 	62.9722 	-2.95847e-06 	4.91612e-14
0.087972 	63.1858 	-2.95847e-06 	4.91612e-14
0.0882262 	63.3994 	-2.95847e-06 	4.91612e-14
0.0884805 	63.613 	-2.95847e-06 	4.91612e-14
0.0887347 	63.8267 	-2.95847e-06 	4.91611e-14
0.088989 	64.0403 	-2.95847e-06 	4.91611e-14
0.0892432 	64.2539 	-2.95847e-06 	4.91611e-14
0.0894975 	64.4675 	-2.95847e-06 	4.91611e-14
0.0897518 	64.6811 	-2.95847e-06 	4.91611e-14
0.090006 	64.9006 	-2.94434e-06 	5.06162e-14
0.0902603 	65.1213 	-2.94434e-06 	5.06161e-14
0.0905145 	65.342 	-2.94434e-06 	5.06161e-14
0.0907688 	65.5628 	-2.94434e-06 	5.06161e-14
0.091023 	65.7835 	-2.94434e-06 	5.06161e-14
0.0912773 	66.0043 	-2.94434e-06 	5.06161e-14
0.0915315 	66.225 	-2.94434e-06 	5.06161e-14
0.0917858 	66.4458 	-2.94434e-06 	5.06161e-14
0.09204 	66.6665 	-2.94434e-06 	5.0616e-14
0.0922943 	66.8873 	-2.94434e-06 	5.0616e-14
0.0925485 	67.1126 	-2.93142e-06 	5.20668e-14
0.0928028 	67.3397 	-2.93142e-06 	5.20668e-14
0.0930571 	67.5667 	-2.93142e-06 	5.20668e-14
0.0933113 	67.7938 	-2.93142e-06 	5.20668e-14
0.0935656 	68.0208 	-2.93142e-06 	5.20668e-14
0.0938198 	68.2479 	-2.93142e-06 	5.20667e-14
0.0940741 	68.475 	-2.93142e-06 	5.20667e-14
0.0943283 	68.702 	-2.93142e-06 	5.20667e-14
0.0945826 	68.9291 	-2.93142e-06 	5.20667e-14
0.0948368 	69.1561 	-2.93142e-06 	5.20667e-14
0.0950911 	69.3865 	-2.90184e-06 	5.34513e-14
0.0953453 	69.6188 	-2.90184e-06 	5.34512e-14
0.0955996 	69.8511 	-2.90184e-06 	5.34512e-14
0.0958539 	70.0833 	-2.90184e-06 	5.34512e-14
0.0961081 	70.3156 	-2.90184e-06 	5.34512e-14
0.0963624 	70.5479 	-2.90184e-06 	5.34512e-14
0.0966166 	70.7802 	-2.90184e-06 	5.34512e-14
0.0968709 	71.0124 	-2.90184e-06 	5.34512e-14
0.0971251 	71.2447 	-2.90184e-06 	5.34511e-14
0.0973794 	71.477 	-2.90184e-06 	5.34511e-14
0.0976336 	71.7113 	-2.8287e-06 	5.48995e-14
0.0978879 	71.9474 	-2.8287e-06 	5.48995e-14
0.0981421 	72.1835 	-2.8287e-06 	5.48995e-14
0.0983964 	72.4196 	-2.8287e-06 	5.48995e-14
0.0986507 	72.6557 	-2.8287e-06 	5.48995e-14
0.0989049 	72.8917 	-2.8287e-06 	5.48995e-14
0.0991592 	73.1278 	-2.8287e-06 	5.48994e-14
0.0994134 	73.3639 	-2.8287e-06 	5.48994e-14
0.0996677 	73.6 	-2.8287e-06 	5.48994e-14
0.0999219 	73.8361 	-2.8287e-06 	5.48994e-14
0.100176 	74.073 	-2.71292e-06 	5.63184e-14
0.10043 	74.3111 	-2.71292e-06 	5.63184e-14
0.100685 	74.5492 	-2.71292e-06 	5.63183e-14
0.100939 	74.7873 	-2.71292e-06 	5.63183e-14
0.101193 	75.0254 	-2.71292e-06 	5.63183e-14
0.101447 	75.2635 	-2.71292e-06 	5.63183e-14
0.101702 	75.5016 	-2.71292e-06 	5.63183e-14
0.101956 	75.7397 	-2.71292e-06 	5.63183e-14
0.10221 	75.9778 	-2.71292e-06 	5.63183e-14
0.102464 	76.2159 	-2.71292e-06 	5.63182e-14
0.102719 	76.4539 	-2.53804e-06 	5.75843e-14
0.102973 	76.6918 	-2.53804e-06 	5.75843e-14
0.103227 	76.9298 	-2.53804e-06 	5.75843e-14
0.103481 	77.1677 	-2.53804e-06 	5.75843e-14
0.103736 	77.4056 	-2.53804e-06 	5.75842e-14
0.10399 	77.6436 	-2.53804e-06 	5.75842e-14
0.104244 	77.8815 	-2.53804e-06 	5.75842e-14
0.104498 	78.1195 	-2.53804e-06 	5.75842e-14
0.104753 	78.3574 	-2.53804e-06 	5.75842e-14
0.105007 	78.5953 	-2.53804e-06 	5.75842e-14
0.105261 	78.8326 	-2.35217e-06 	5.88335e-14
0.105516 	79.0679 	-2.35217e-06 	5.88335e-14
0.10577 	79.3033 	-2.35217e-06 	5.88335e-14
0.106024 	79.5386 	-2.35217e-06 	5.88335e-14
0.106278 	79.774 	-2.35217e-06 	5.88335e-14
0.106533 	80.0093 	-2.35217e-06 	5.88335e-14
0.106787 	80.2447 	-2.35217e-06 	5.88334e-14
0.107041 	80.48 	-2.35217e-06 	5.88334e-14
0.107295 	80.7153 	-2.35217e-06 	5.88334e-14
0.10755 	80.9507 	-2.35217e-06 	5.88334e-14
0.107804 	81.1851 	-2.07519e-06 	5.99576e-14
0.108058 	81.4153 	-2.07519e-06 	5.99576e-14
0.108312 	81.6455 	-2.07519e-06 	5.99576e-14
0.108567 	81.8757 	-2.07519e-06 	5.99576e-14
0.108821 	82.1059 	-2.07519e-06 	5.99576e-14
0.109075 	82.3361 	-2.07519e-06 	5.99576e-14
0.109329 	82.5663 	-2.07519e-06 	5.99575e-14
0.109584 	82.7965 	-2.07519e-06 	5.99575e-14
0.109838 	83.0267 	-2.07519e-06 	5.99575e-14
0.110092 	83.2569 	-2.07519e-06 	5.99575e-14
0.110346 	83.4864 	-1.76711e-06 	6.09084e-14
0.110601 	83.7086 	-1.76711e-06 	6.09084e-14
0.110855 	83.9309 	-1.76711e-06 	6.09084e-14
0.111109 	84.1531 	-1.76711e-06 	6.09084e-14
0.111363 	84.3753 	-1.76711e-06 	6.09083e-14
0.111618 	84.5976 	-1.76711e-06 	6.09083e-14
0.111872 	84.8198 	-1.76711e-06 	6.09083e-14
0.112126 	85.042 	-1.76711e-06 	6.09083e-14
0.11238 	85.2642 	-1.76711e-06 	6.09083e-14
0.112635 	85.4865 	-1.76711e-06 	6.09083e-14
0.112889 	85.7087 	-2.87727e-06 	2.63549e-16
0.113143 	85.9198 	-1.437e-06 	6.17011e-14
0.113397 	86.1309 	-1.437e-06 	6.17011e-14
0.113652 	86.3421 	-1.437e-06 	6.17011e-14
0.113906 	86.5532 	-1.437e-06 	6.1701e-14
0.11416 	86.7643 	-1.437e-06 	6.1701e-14
0.114414 	86.9755 	-1.437e-06 	6.1701e-14
0.114669 	87.1866 	-1.437e-06 	6.1701e-14
0.114923 	87.3977 	-1.437e-06 	6.1701e-14
0.115177 	87.6089 	-1.437e-06 	6.1701e-14
0.115431 	87.82 	-1.437e-06 	6.1701e-14
0.115686 	88.0181 	-1.02045e-06 	6.23236e-14
0.11594 	88.2148 	-1.02045e-06 	6.23236e-14
0.116194 	88.4115 	-1.02045e-06 	6.23236e-14
0.116448 	88.6083 	-1.02045e-06 	6.23236e-14
0.116703 	88.805 	-1.02045e-06 	6.23236e-14
0.116957 	89.0018 	-1.02045e-06 	6.23236e-14
0.117211 	89.1985 	-1.02045e-06 	6.23235e-14
0.117465 	89.3953 	-1.02045e-06 	6.23235e-14
0.11772 	89.592 	-1.02045e-06 	6.23235e-14
0.117974 	89.7888 	-1.02045e-06 	6.23235e-14
0.118228 	89.9709 	-6.05883e-07 	6.27588e-14
0.118482 	90.1498 	-6.05883e-07 	6.27588e-14
0.118737 	90.3287 	-6.05883e-07 	6.27588e-14
0.118991 	90.5076 	-6.05883e-07 	6.27587e-14
0.119245 	90.6865 	-6.05883e-07 	6.27587e-14
0.119499 	90.8654 	-6.05883e-07 	6.27587e-14
0.119754 	91.0443 	-6.05883e-07 	6.27587e-14
0.120008 	91.2232 	-6.05883e-07 	6.27587e-14
0.120262 	91.4021 	-6.05883e-07 	6.27587e-14
0.120517 	91.5809 	-6.05883e-07 	6.27587e-14
0.120771 	91.7444 	-1.9265e-07 	6.29957e-14
0.121025 	91.902 	-1.9265e-07 	6.29957e-14
0.121279 	92.0597 	-1.9265e-07 	6.29957e-14
0.121534 	92.2173 	-1.9265e-07 	6.29957e-14
0.121788 	92.375 	-1.9265e-07 	6.29956e-14
0.122042 	92.5326 	-1.9265e-07 	6.29956e-14
0.122296 	92.6903 	-1.9265e-07 	6.29956e-14
0.122551 	92.8479 	-1.9265e-07 	6.29956e-14
0.122805 	93.0056 	-1.9265e-07 	6.29956e-14
0.123059 	93.1632 	-1.9265e-07 	6.29956e-14
0.123313 	93.3055 	2.21292e-07 	6.30277e-14
0.123568 	93.4389 	2.21292e-07 	6.30277e-14
0.123822 	93.5723 	2.21292e-07 	6.30277e-14
0.124076 	93.7058 	2.21292e-07 	6.30277e-14
0.12433 	93.8392 	2.21292e-07 	6.30277e-14
0.124585 	93.9726 	2.21292e-07 	6.30276e-14
0.124839 	94.106 	2.21292e-07 	6.30276e-14
0.125093 	94.2395 	2.21292e-07 	6.30276e-14
0.125347 	94.3729 	2.21292e-07 	6.30276e-14
0.125602 	94.5063 	2.21292e-07 	6.30276e-14
0.125856 	94.6253 	5.96668e-07 	6.28773e-14
0.12611 	94.7322 	5.96668e-07 	6.28773e-14
0.126364 	94.8391 	5.96668e-07 	6.28773e-14
0.126619 	94.946 	5.96668e-07 	6.28772e-14
0.126873 	95.0529 	5.96668e-07 	6.28772e-14
0.127127 	95.1598 	5.96668e-07 	6.28772e-14
0.127381 	95.2667 	5.96668e-07 	6.28772e-14
0.127636 	95.3736 	5.96668e-07 	6.28772e-14
0.12789 	95.4805 	5.96668e-07 	6.28772e-14
0.128144 	95.5874 	5.96668e-07 	6.28772e-14
0.128398 	95.6817 	9.25584e-07 	6.26085e-14
0.128653 	95.7608 	9.25584e-07 	6.26085e-14
0.128907 	95.8399 	9.25584e-07 	6.26085e-14
0.129161 	95.9191 	9.25584e-07 	6.26085e-14
0.129415 	95.9982 	9.25584e-07 	6.26085e-14
0.12967 	96.0773 	9.25584e-07 	6.26084e-14
0.129924 	96.1564 	9.25584e-07 	6.26084e-14
0.130178 	96.2356 	9.25584e-07 	6.26084e-14
0.130432 	96.3147 	9.25584e-07 	6.26084e-14
0.130687 	96.3938 	9.25584e-07 	6.26084e-14
0.130941 	96.4628 	1.20501e-06 	6.2264e-14
0.131195 	96.5141 	1.20501e-06 	6.2264e-14
0.131449 	96.5653 	1.20501e-06 	6.2264e-14
0.131704 	96.6166 	1.20501e-06 	6.2264e-14
0.131958 	96.6678 	1.20501e-06 	6.2264e-14
0.132212 	96.7191 	1.20501e-06 	6.2264e-14
0.132466 	96.7703 	1.20501e-06 	6.2264e-14
0.132721 	96.8216 	1.20501e-06 	6.2264e-14
0.132975 	96.8728 	1.20501e-06 	6.22639e-14
0.133229 	96.9241 	1.20501e-06 	6.22639e-14
0.133483 	96.968 	1.42604e-06 	6.1856e-14
0.133738 	96.9923 	1.42604e-06 	6.1856e-14
0.133992 	97.0166 	1.42604e-06 	6.1856e-14
0.134246 	97.0409 	1.42604e-06 	6.1856e-14
0.134501 	97.0652 	1.42604e-06 	6.1856e-14
0.134755 	97.0896 	1.42604e-06 	6.1856e-14
0.135009 	97.1139 	1.42604e-06 	6.1856e-14
0.135263 	97.1382 	1.42604e-06 	6.1856e-14
0.135518 	97.1625 	1.42604e-06 	6.1856e-14
0.135772 	97.1868 	1.42604e-06 	6.1856e-14
0.136026 	97.2066 	1.62469e-06 	6.14293e-14
0.13628 	97.2057 	1.62469e-06 	6.14293e-14
0.136535 	97.2047 	1.62469e-06 	6.14293e-14
0.136789 	97.2038 	1.62469e-06 	6.14293e-14
0.137043 	97.2029 	1.62469e-06 	6.14293e-14
0.137297 	97.202 	1.62469e-06 	6.14293e-14
0.137552 	97.201 	1.62469e-06 	6.14293e-14
0.137806 	97.2001 	1.62469e-06 	6.14293e-14
0.13806 	97.1992 	1.62469e-06 	6.14293e-14
0.138314 	97.1983 	1.62469e-06 	6.14293e-14
0.138569 	97.1952 	1.78115e-06 	6.08508e-14
0.138823 	97.1711 	1.78115e-06 	6.08508e-14
0.139077 	97.147 	1.78115e-06 	6.08508e-14
0.139331 	97.1228 	1.78115e-06 	6.08508e-14
0.139586 	97.0987 	1.78115e-06 	6.08508e-14
0.13984 	97.0745 	1.78115e-06 	6.08508e-14
0.140094 	97.0504 	1.78115e-06 	6.08508e-14
0.140348 	97.0263 	1.78115e-06 	6.08508e-14
0.140603 	97.0021 	1.78115e-06 	6.08508e-14
0.140857 	96.978 	1.78115e-06 	6.08508e-14
0.141111 	96.9538 	9.68109e-07 	1.95264e-16
0.141365 	96.9086 	1.90655e-06 	6.02501e-14
0.14162 	96.8634 	1.90655e-06 	6.02501e-14
0.141874 	96.8182 	1.90655e-06 	6.02501e-14
0.142128 	96.773 	1.90655e-06 	6.02501e-14
0.142382 	96.7278 	1.90655e-06 	6.02501e-14
0.142637 	96.6826 	1.90655e-06 	6.02501e-14
0.142891 	96.6374 	1.90655e-06 	6.02501e-14
0.143145 	96.5922 	1.90655e-06 	6.02501e-14
0.143399 	96.547 	1.90655e-06 	6.02501e-14
0.143654 	96.5018 	1.90655e-06 	6.02501e-14
0.143908 	96.4394 	2.02384e-06 	5.95641e-14
0.144162 	96.3753 	2.02384e-06 	5.95641e-14
0.144416 	96.3112 	2.02384e-06 	5.95641e-14
0.144671 	96.247 	2.02384e-06 	5.95641e-14
0.144925 	96.1829 	2.02384e-06 	5.95641e-14
0.145179 	96.1188 	2.02384e-06 	5.95641e-14
0.145433 	96.0547 	2.02384e-06 	5.95641e-14
0.145688 	95.9906 	2.02384e-06 	5.95641e-14
0.145942 	95.9264 	2.02384e-06 	5.95641e-14
0.146196 	95.8623 	2.02384e-06 	5.95641e-14
0.14645 	95.7844 	2.1299e-06 	5.88181e-14
0.146705 	95.7034 	2.1299e-06 	5.88181e-14
0.146959 	95.6224 	2.1299e-06 	5.88181e-14
0.147213 	95.5414 	2.1299e-06 	5.88181e-14
0.147467 	95.4604 	2.1299e-06 	5.88181e-14
0.147722 	95.3794 	2.1299e-06 	5.88181e-14
0.147976 	95.2984 	2.1299e-06 	5.88181e-14
0.14823 	95.2174 	2.1299e-06 	5.88181e-14
0.148484 	95.1364 	2.1299e-06 	5.88181e-14
0.148739 	95.0554 	2.1299e-06 	5.88181e-14
0.148993 	94.9635 	2.23081e-06 	5.80885e-14
0.149247 	94.8675 	2.23081e-06 	5.80885e-14
0.149502 	94.7716 	2.23081e-06 	5.80885e-14
0.149756 	94.6756 	2.23081e-06 	5.80885e-14
0.15001 	94.5796 	2.23081e-06 	5.80885e-14
0.150264 	94.4836 	2.23081e-06 	5.80885e-14
0.150519 	94.3876 	2.23081e-06 	5.80885e-14
0.150773 	94.2917 	2.23081e-06 	5.80885e-14
0.151027 	94.1957 	2.23081e-06 	5.80886e-14
0.151281 	94.0997 	2.23081e-06 	5.80886e-14
0.151536 	93.9953 	2.32666e-06 	5.73209e-14
0.15179 	93.8862 	2.32666e-06 	5.73209e-14
0.152044 	93.777 	2.32666e-06 	5.73209e-14
0.152298 	93.6679 	2.32666e-06 	5.73209e-14
0.152553 	93.5587 	2.32666e-06 	5.73209e-14
0.152807 	93.4496 	2.32666e-06 	5.73209e-14
0.153061 	93.3404 	2.32666e-06 	5.73209e-14
0.153315 	93.2313 	2.32666e-06 	5.73209e-14
0.15357 	93.1221 	2.32666e-06 	5.73209e-14
0.153824 	93.013 	2.32666e-06 	5.73209e-14
0.154078 	92.8976 	2.41414e-06 	5.65192e-14
0.154332 	92.7771 	2.41414e-06 	5.65192e-14
0.154587 	92.6566 	2.41414e-06 	5.65192e-14
0.154841 	92.5361 	2.41414e-06 	5.65193e-14
0.155095 	92.4156 	2.41414e-06 	5.65193e-14
0.155349 	92.2951 	2.41414e-06 	5.65193e-14
0.155604 	92.1746 	2.41414e-06 	5.65193e-14
0.155858 	92.0541 	2.41414e-06 	5.65193e-14
0.156112 	91.9336 	2.41414e-06 	5.65193e-14
0.156366 	91.8131 	2.41414e-06 	5.65193e-14
0.156621 	91.6882 	2.48992e-06 	5.56865e-14
0.156875 	91.5582 	2.48992e-06 	5.56865e-14
0.157129 	91.4282 	2.48992e-06 	5.56865e-14
0.157383 	91.2982 	2.48992e-06 	5.56865e-14
0.157638 	91.1681 	2.48992e-06 	5.56865e-14
0.157892 	91.0381 	2.48992e-06 	5.56866e-14
0.158146 	90.9081 	2.48992e-06 	5.56866e-14
0.1584 	90.7781 	2.48992e-06 	5.56866e-14
0.158655 	90.648 	2.48992e-06 	5.56866e-14
0.158909 	90.518 	2.48992e-06 	5.56866e-14
0.159163 	90.3852 	2.5518e-06 	5.48727e-14
0.159417 	90.2476 	2.5518e-06 	5.48727e-14
0.159672 	90.1099 	2.5518e-06 	5.48727e-14
0.159926 	89.9722 	2.5518e-06 	5.48727e-14
0.16018 	89.8346 	2.5518e-06 	5.48727e-14
0.160434 	89.6969 	2.5518e-06 	5.48728e-14
0.160689 	89.5593 	2.5518e-06 	5.48728e-14
0.160943 	89.4216 	2.5518e-06 	5.48728e-14
0.161197 	89.284 	2.5518e-06 	5.48728e-14
0.161451 	89.1463 	2.5518e-06 	5.48728e-14
0.161706 	89.0071 	2.59909e-06 	5.40504e-14
0.16196 	88.8637 	2.59909e-06 	5.40504e-14
0.162214 	88.7203 	2.59909e-06 	5.40504e-14
0.162468 	88.5769 	2.59909e-06 	5.40504e-14
0.162723 	88.4335 	2.59909e-06 	5.40504e-14
0.162977 	88.2901 	2.59909e-06 	5.40504e-14
0.163231 	88.1467 	2.59909e-06 	5.40505e-14
0.163485 	88.0032 	2.59909e-06 	5.40505e-14
0.16374 	87.8598 	2.59909e-06 	5.40505e-14
0.163994 	87.7164 	2.59909e-06 	5.40505e-14
0.164248 	87.5723 	2.63219e-06 	5.3156e-14
0.164503 	87.425 	2.63219e-06 	5.3156e-14
0.164757 	87.2776 	2.63219e-06 	5.3156e-14
0.165011 	87.1303 	2.63219e-06 	5.3156e-14
0.165265 	86.9829 	2.63219e-06 	5.3156e-14
0.16552 	86.8356 	2.63219e-06 	5.3156e-14
0.165774 	86.6882 	2.63219e-06 	5.3156e-14
0.166028 	86.5409 	2.63219e-06 	5.3156e-14
0.166282 	86.3935 	2.63219e-06 	5.3156e-14
0.166537 	86.2462 	2.63219e-06 	5.3156e-14
0.166791 	86.0986 	2.65197e-06 	5.22507e-14
0.167045 	85.949 	2.65197e-06 	5.22507e-14
0.167299 	85.7994 	2.65197e-06 	5.22507e-14
0.167554 	85.6498 	2.65197e-06 	5.22507e-14
0.167808 	85.5002 	2.65197e-06 	5.22507e-14
0.168062 	85.3506 	2.65197e-06 	5.22507e-14
0.168316 	85.201 	2.65197e-06 	5.22507e-14
0.168571 	85.0514 	2.65197e-06 	5.22508e-14
0.168825 	84.9018 	2.65197e-06 	5.22508e-14
0.169079 	84.7522 	2.65197e-06 	5.22508e-14
0.169333 	84.6025 	2.01298e-06 	1.21152e-16
0.169588 	84.4522 	2.65918e-06 	5.13814e-14
0.169842 	84.3018 	2.65918e-06 	5.13815e-14
0.170096 	84.1515 	2.65918e-06 	5.13815e-14
0.17035 	84.0011 	2.65918e-06 	5.13815e-14
0.170605 	83.8507 	2.65918e-06 	5.13815e-14
0.170859 	83.7004 	2.65918e-06 	5.13815e-14
0.171113 	83.55 	2.65918e-06 	5.13815e-14
0.171367 	83.3997 	2.65918e-06 	5.13815e-14
0.171622 	83.2493 	2.65918e-06 	5.13815e-14
0.171876 	83.099 	2.65918e-06 	5.13815e-14
0.17213 	82.9491 	2.65484e-06 	5.04739e-14
0.172384 	82.7993 	2.65484e-06 	5.04739e-14
0.172639 	82.6495 	2.65484e-06 	5.04739e-14
0.172893 	82.4997 	2.65484e-06 	5.04739e-14
0.173147 	82.3499 	2.65484e-06 	5.04739e-14
0.173401 	82.2001 	2.65484e-06 	5.04739e-14
0.173656 	82.0503 	2.65484e-06 	5.04739e-14
0.17391 	81.9005 	2.65484e-06 	5.04739e-14
0.174164 	81.7507 	2.65484e-06 	5.04739e-14
0.174418 	81.6009 	2.65484e-06 	5.0474e-14
0.174673 	81.4525 	2.63954e-06 	4.96176e-14
0.174927 	81.3043 	2.63954e-06 	4.96177e-14
0.175181 	81.1562 	2.63954e-06 	4.96177e-14
0.175435 	81.0081 	2.63954e-06 	4.96177e-14
0.17569 	80.8599 	2.63954e-06 	4.96177e-14
0.175944 	80.7118 	2.63954e-06 	4.96177e-14
0.176198 	80.5637 	2.63954e-06 	4.96177e-14
0.176452 	80.4155 	2.63954e-06 	4.96177e-14
0.176707 	80.2674 	2.63954e-06 	4.96177e-14
0.176961 	80.1193 	2.63954e-06 	4.96177e-14
0.177215 	79.973 	2.61461e-06 	4.87775e-14
0.177469 	79.8275 	2.61461e-06 	4.87775e-14
0.177724 	79.6819 	2.61461e-06 	4.87776e-14
0.177978 	79.5364 	2.61461e-06 	4.87776e-14
0.178232 	79.3908 	2.61461e-06 	4.87776e-14
0.178486 	79.2452 	2.61461e-06 	4.87776e-14
0.178741 	79.0997 	2.61461e-06 	4.87776e-14
0.178995 	78.9541 	2.61461e-06 	4.87776e-14
0.179249 	78.8086 	2.61461e-06 	4.87776e-14
0.179504 	78.663 	2.61461e-06 	4.87776e-14
0.179758 	78.5196 	2.58037e-06 	4.78802e-14
0.180012 	78.3773 	2.58037e-06 	4.78802e-14
0.180266 	78.2351 	2.58037e-06 	4.78802e-14
0.180521 	78.0928 	2.58037e-06 	4.78802e-14
0.180775 	77.9506 	2.58037e-06 	4.78802e-14
0.181029 	77.8083 	2.58037e-06 	4.78802e-14
0.181283 	77.6661 	2.58037e-06 	4.78802e-14
0.181538 	77.5238 	2.58037e-06 	4.78802e-14
0.181792 	77.3816 	2.58037e-06 	4.78802e-14
0.182046 	77.2393 	2.58037e-06 	4.78802e-14
0.1823 	77.0992 	2.53692e-06 	4.70042e-14
0.182555 	76.9608 	2.53692e-06 	4.70042e-14
0.182809 	76.8225 	2.53692e-06 	4.70042e-14
0.183063 	76.6841 	2.53692e-06 	4.70042e-14
0.183317 	76.5458 	2.53692e-06 	4.70042e-14
0.183572 	76.4074 	2.53692e-06 	4.70042e-14
0.183826 	76.269 	2.53692e-06 	4.70042e-14
0.18408 	76.1307 	2.53692e-06 	4.70042e-14
0.184334 	75.9923 	2.53692e-06 	4.70042e-14
0.184589 	75.8539 	2.53692e-06 	4.70042e-14
0.184843 	75.7175 	2.4852e-06 	4.61481e-14
0.185097 	75.5835 	2.4852e-06 	4.61481e-14
0.185351 	75.4495 	2.4852e-06 	4.61481e-14
0.185606 	75.3155 	2.4852e-06 	4.61481e-14
0.18586 	75.1814 	2.4852e-06 	4.61482e-14
0.186114 	75.0474 	2.4852e-06 	4.61482e-14
0.186368 	74.9134 	2.4852e-06 	4.61482e-14
0.186623 	74.7793 	2.4852e-06 	4.61482e-14
0.186877 	74.6453 	2.4852e-06 	4.61482e-14
0.187131 	74.5113 	2.4852e-06 	4.61482e-14
0.187385 	74.3789 	2.42351e-06 	4.52552e-14
0.18764 	74.2496 	2.42351e-06 	4.52552e-14
0.187894 	74.1202 	2.42351e-06 	4.52552e-14
0.188148 	73.9909 	2.42351e-06 	4.52552e-14
0.188402 	73.8615 	2.42351e-06 	4.52552e-14
0.188657 	73.7321 	2.42351e-06 	4.52552e-14
0.188911 	73.6028 	2.42351e-06 	4.52552e-14
0.189165 	73.4734 	2.42351e-06 	4.52552e-14
0.189419 	73.3441 	2.42351e-06 	4.52552e-14
0.189674 	73.2147 	2.42351e-06 	4.52553e-14
0.189928 	73.0867 	2.35236e-06 	4.44541e-14
0.190182 	72.9623 	2.35236e-06 	4.44541e-14
0.190436 	72.8378 	2.35236e-06 	4.44541e-14
0.190691 	72.7134 	2.35236e-06 	4.44541e-14
0.190945 	72.589 	2.35236e-06 	4.44541e-14
0.191199 	72.4645 	2.35236e-06 	4.44541e-14
0.191453 	72.3401 	2.35236e-06 	4.44541e-14
0.191708 	72.2156 	2.35236e-06 	4.44541e-14
0.191962 	72.0912 	2.35236e-06 	4.44541e-14
0.192216 	71.9668 	2.35236e-06 	4.44541e-14
0.19247 	71.8433 	2.26915e-06 	4.36235e-14
0.192725 	71.7239 	2.26915e-06 	4.36235e-14
0.192979 	71.6046 	2.26915e-06 	4.36235e-14
0.193233 	71.4852 	2.26915e-06 	4.36235e-14
0.193487 	71.3659 	2.26915e-06 	4.36235e-14
0.193742 	71.2466 	2.26915e-06 	4.36235e-14
0.193996 	71.1272 	2.26915e-06 	4.36235e-14
0.19425 	71.0079 	2.26915e-06 	4.36235e-14
0.194505 	70.8885 	2.26915e-06 	4.36235e-14
0.194759 	70.7692 	2.26915e-06 	4.36235e-14
0.195013 	70.6503 	2.17454e-06 	4.29119e-14
0.195267 	70.5362 	2.17454e-06 	4.29119e-14
0.195522 	70.4221 	2.17454e-06 	4.29119e-14
0.195776 	70.3079 	2.17454e-06 	4.29119e-14
0.19603 	70.1938 	2.17454e-06 	4.29119e-14
0.196284 	70.0797 	2.17454e-06 	4.29119e-14
0.196539 	69.9655 	2.17454e-06 	4.2912e-14
0.196793 	69.8514 	2.17454e-06 	4.2912e-14
0.197047 	69.7373 	2.17454e-06 	4.2912e-14
0.197301 	69.6231 	2.17454e-06 	4.2912e-14
0.197556 	69.509 	1.65745e-06 	7.44606e-17
0.19781 	69.4001 	2.07794e-06 	4.21835e-14
0.198064 	69.2913 	2.07794e-06 	4.21836e-14
0.198318 	69.1824 	2.07794e-06 	4.21836e-14
0.198573 	69.0736 	2.07794e-06 	4.21836e-14
0.198827 	68.9647 	2.07794e-06 	4.21836e-14
0.199081 	68.8559 	2.07794e-06 	4.21836e-14
0.199335 	68.747 	2.07794e-06 	4.21836e-14
0.19959 	68.6382 	2.07794e-06 	4.21836e-14
0.199844 	68.5293 	2.07794e-06 	4.21836e-14
0.200098 	68.4205 	2.07794e-06 	4.21836e-14
0.200352 	68.3165 	1.98251e-06 	4.14904e-14
0.200607 	68.2129 	1.98251e-06 	4.14904e-14
0.200861 	68.1094 	1.98251e-06 	4.14904e-14
0.201115 	68.0059 	1.98251e-06 	4.14904e-14
0.201369 	67.9024 	1.98251e-06 	4.14904e-14
0.201624 	67.7988 	1.98251e-06 	4.14904e-14
0.201878 	67.6953 	1.98251e-06 	4.14904e-14
0.202132 	67.5918 	1.98251e-06 	4.14904e-14
0.202386 	67.4883 	1.98251e-06 	4.14904e-14
0.202641 	67.3848 	1.98251e-06 	4.14904e-14
0.202895 	67.2856 	1.88809e-06 	4.08283e-14
0.203149 	67.1874 	1.88809e-06 	4.08283e-14
0.203403 	67.0893 	1.88809e-06 	4.08283e-14
0.203658 	66.9911 	1.88809e-06 	4.08283e-14
0.203912 	66.8929 	1.88809e-06 	4.08283e-14
0.204166 	66.7947 	1.88809e-06 	4.08283e-14
0.20442 	66.6966 	1.88809e-06 	4.08284e-14
0.204675 	66.5984 	1.88809e-06 	4.08284e-14
0.204929 	66.5002 	1.88809e-06 	4.08284e-14
0.205183 	66.402 	1.88809e-06 	4.08284e-14
0.205437 	66.3077 	1.78817e-06 	4.01995e-14
0.205692 	66.2149 	1.78817e-06 	4.01995e-14
0.205946 	66.1221 	1.78817e-06 	4.01995e-14
0.2062 	66.0292 	1.78817e-06 	4.01995e-14
0.206454 	65.9364 	1.78817e-06 	4.01995e-14
0.206709 	65.8435 	1.78817e-06 	4.01995e-14
0.206963 	65.7507 	1.78817e-06 	4.01995e-14
0.207217 	65.6578 	1.78817e-06 	4.01995e-14
0.207471 	65.565 	1.78817e-06 	4.01995e-14
0.207726 	65.4722 	1.78817e-06 	4.01995e-14
0.20798 	65.3827 	1.68005e-06 	3.9558e-14
0.208234 	65.2951 	1.68005e-06 	3.9558e-14
0.208488 	65.2076 	1.68005e-06 	3.9558e-14
0.208743 	65.12 	1.68005e-06 	3.9558e-14
0.208997 	65.0325 	1.68005e-06 	3.9558e-14
0.209251 	64.9449 	1.68005e-06 	3.9558e-14
0.209506 	64.8574 	1.68005e-06 	3.9558e-14
0.20976 	64.7698 	1.68005e-06 	3.9558e-14
0.210014 	64.6823 	1.68005e-06 	3.9558e-14
0.210268 	64.5947 	1.68005e-06 	3.9558e-14
0.210523 	64.5101 	1.56754e-06 	3.90624e-14
0.210777 	64.4278 	1.56754e-06 	3.90624e-14
0.211031 	64.3455 	1.56754e-06 	3.90624e-14
0.211285 	64.2632 	1.56754e-06 	3.90624e-14
0.21154 	64.1809 	1.56754e-06 	3.90624e-14
0.211794 	64.0986 	1.56754e-06 	3.90624e-14
0.212048 	64.0163 	1.56754e-06 	3.90624e-14
0.212302 	63.934 	1.56754e-06 	3.90624e-14
0.212557 	63.8517 	1.56754e-06 	3.90624e-14
0.212811 	63.7694 	1.56754e-06 	3.90624e-14
0.213065 	63.6895 	1.45296e-06 	3.85382e-14
0.213319 	63.6124 	1.45296e-06 	3.85382e-14
0.213574 	63.5353 	1.45296e-06 	3.85382e-14
0.213828 	63.4582 	1.45296e-06 	3.85382e-14
0.214082 	63.3811 	1.45296e-06 	3.85382e-14
0.214336 	63.304 	1.45296e-06 	3.85382e-14
0.214591 	63.2269 	1.45296e-06 	3.85382e-14
0.214845 	63.1498 	1.45296e-06 	3.85382e-14
0.215099 	63.0728 	1.45296e-06 	3.85382e-14
0.215353 	62.9957 	1.45296e-06 	3.85382e-14
0.215608 	62.9204 	1.3378e-06 	3.81163e-14
0.215862 	62.8485 	1.3378e-06 	3.81163e-14
0.216116 	62.7765 	1.3378e-06 	3.81163e-14
0.21637 	62.7046 	1.3378e-06 	3.81163e-14
0.216625 	62.6327 	1.3378e-06 	3.81163e-14
0.216879 	62.5607 	1.3378e-06 	3.81163e-14
0.217133 	62.4888 	1.3378e-06 	3.81163e-14
0.217387 	62.4168 	1.3378e-06 	3.81163e-14
0.217642 	62.3449 	1.3378e-06 	3.81163e-14
0.217896 	62.2729 	1.3378e-06 	3.81163e-14
0.21815 	62.2023 	1.22283e-06 	3.76122e-14
0.218404 	62.1355 	1.22283e-06 	3.76122e-14
0.218659 	62.0686 	1.22283e-06 	3.76122e-14
0.218913 	62.0017 	1.22283e-06 	3.76122e-14
0.219167 	61.9349 	1.22283e-06 	3.76122e-14
0.219421 	61.868 	1.22283e-06 	3.76122e-14
0.219676 	61.8011 	1.22283e-06 	3.76122e-14
0.21993 	61.7343 	1.22283e-06 	3.76123e-14
0.220184 	61.6674 	1.22283e-06 	3.76123e-14
0.220438 	61.6005 	1.22283e-06 	3.76123e-14
0.220693 	61.5346 	1.10872e-06 	3.72507e-14
0.220947 	61.4727 	1.10872e-06 	3.72508e-14
0.221201 	61.4108 	1.10872e-06 	3.72508e-14
0.221455 	61.349 	1.10872e-06 	3.72508e-14
0.22171 	61.2871 	1.10872e-06 	3.72508e-14
0.221964 	61.2253 	1.10872e-06 	3.72508e-14
0.222218 	61.1634 	1.10872e-06 	3.72508e-14
0.222472 	61.1016 	1.10872e-06 	3.72508e-14
0.222727 	61.0397 	1.10872e-06 	3.72508e-14
0.222981 	60.9779 	1.10872e-06 	3.72508e-14
0.223235 	60.9165 	9.95568e-07 	3.68338e-14
0.223489 	60.8595 	9.95568e-07 	3.68338e-14
0.223744 	60.8026 	9.95568e-07 	3.68338e-14
0.223998 	60.7457 	9.95568e-07 	3.68338e-14
0.224252 	60.6888 	9.95568e-07 	3.68338e-14
0.224507 	60.6319 	9.95568e-07 	3.68338e-14
0.224761 	60.575 	9.95568e-07 	3.68338e-14
0.225015 	60.5181 	9.95568e-07 	3.68338e-14
0.225269 	60.4612 	9.95568e-07 	3.68338e-14
0.225524 	60.4043 	9.95568e-07 	3.68338e-14
0.225778 	60.3474 	8.95172e-07 	3.63276e-17
0.226032 	60.2954 	8.83121e-07 	3.65426e-14
0.226286 	60.2433 	8.83121e-07 	3.65426e-14
0.226541 	60.1913 	8.83121e-07 	3.65426e-14
0.226795 	60.1393 	8.83121e-07 	3.65426e-14
0.227049 	60.0872 	8.83121e-07 	3.65426e-14
0.227303 	60.0352 	8.83121e-07 	3.65426e-14
0.227558 	59.9832 	8.83121e-07 	3.65426e-14
0.227812 	59.9312 	8.83121e-07 	3.65426e-14
0.228066 	59.8791 	8.83121e-07 	3.65426e-14
0.22832 	59.8271 	8.83121e-07 	3.65426e-14
0.228575 	59.7794 	7.71129e-07 	3.62864e-14
0.228829 	59.7322 	7.71129e-07 	3.62864e-14
0.229083 	59.685 	7.71129e-07 	3.62865e-14
0.229337 	59.6377 	7.71129e-07 	3.62865e-14
0.229592 	59.5905 	7.71129e-07 	3.62865e-14
0.229846 	59.5433 	7.71129e-07 	3.62865e-14
0.2301 	59.496 	7.71129e-07 	3.62865e-14
0.230354 	59.4488 	7.71129e-07 	3.62865e-14
0.230609 	59.4016 	7.71129e-07 	3.62865e-14
0.230863 	59.3543 	7.71129e-07 	3.62865e-14
0.231117 	59.311 	6.60652e-07 	3.60287e-14
0.231371 	59.2684 	6.60652e-07 	3.60287e-14
0.231626 	59.2259 	6.60652e-07 	3.60287e-14
0.23188 	59.1834 	6.60652e-07 	3.60287e-14
0.232134 	59.1409 	6.60652e-07 	3.60287e-14
0.232388 	59.0983 	6.60652e-07 	3.60287e-14
0.232643 	59.0558 	6.60652e-07 	3.60287e-14
0.232897 	59.0133 	6.60652e-07 	3.60287e-14
0.233151 	58.9708 	6.60652e-07 	3.60287e-14
0.233405 	58.9282 	6.60652e-07 	3.60287e-14
0.23366 	58.8891 	5.54646e-07 	3.58015e-14
0.233914 	58.8511 	5.54646e-07 	3.58015e-14
0.234168 	58.8132 	5.54646e-07 	3.58015e-14
0.234422 	58.7753 	5.54646e-07 	3.58016e-14
0.234677 	58.7374 	5.54646e-07 	3.58016e-14
0.234931 	58.6995 	5.54646e-07 	3.58016e-14
0.235185 	58.6615 	5.54646e-07 	3.58016e-14
0.235439 	58.6236 	5.54646e-07 	3.58016e-14
0.235694 	58.5857 	5.54646e-07 	3.58016e-14
0.235948 	58.5478 	5.54646e-07 	3.58016e-14
0.236202 	58.5127 	4.54731e-07 	3.56059e-14
0.236456 	58.4793 	4.54731e-07 	3.56059e-14
0.236711 	58.4459 	4.54731e-07 	3.56059e-14
0.236965 	58.4124 	4.54731e-07 	3.56059e-14
0.237219 	58.379 	4.54731e-07 	3.56059e-14
0.237473 	58.3456 	4.54731e-07 	3.56059e-14
0.237728 	58.3121 	4.54731e-07 	3.56059e-14
0.237982 	58.2787 	4.54731e-07 	3.56059e-14
0.238236 	58.2453 	4.54731e-07 	3.56059e-14
0.23849 	58.2118 	4.54731e-07 	3.56059e-14
0.238745 	58.1808 	3.66261e-07 	3.54393e-14
0.238999 	58.1517 	3.66261e-07 	3.54393e-14
0.239253 	58.1226 	3.66261e-07 	3.54393e-14
0.239508 	58.0935 	3.66261e-07 	3.54393e-14
0.239762 	58.0644 	3.66261e-07 	3.54393e-14
0.240016 	58.0353 	3.66261e-07 	3.54393e-14
0.24027 	58.0062 	3.66261e-07 	3.54393e-14
0.240525 	57.9771 	3.66261e-07 	3.54393e-14
0.240779 	57.948 	3.66261e-07 	3.54393e-14
0.241033 	57.9189 	3.66261e-07 	3.54393e-14
0.241287 	57.8916 	2.89256e-07 	3.52496e-14
0.241542 	57.8667 	2.89256e-07 	3.52496e-14
0.241796 	57.8417 	2.89256e-07 	3.52496e-14
0.24205 	57.8167 	2.89256e-07 	3.52496e-14
0.242304 	57.7917 	2.89256e-07 	3.52496e-14
0.242559 	57.7668 	2.89256e-07 	3.52496e-14
0.242813 	57.7418 	2.89256e-07 	3.52496e-14
0.243067 	57.7168 	2.89256e-07 	3.52496e-14
0.243321 	57.6918 	2.89256e-07 	3.52496e-14
0.243576 	57.6669 	2.89256e-07 	3.52496e-14
0.24383 	57.6433 	2.20968e-07 	3.51396e-14
0.244084 	57.6221 	2.20968e-07 	3.51396e-14
0.244338 	57.601 	2.20968e-07 	3.51396e-14
0.244593 	57.5798 	2.20968e-07 	3.51396e-14
0.244847 	57.5587 	2.20968e-07 	3.51396e-14
0.245101 	57.5376 	2.20968e-07 	3.51396e-14
0.245355 	57.5164 	2.20968e-07 	3.51396e-14
0.24561 	57.4953 	2.20968e-07 	3.51396e-14
0.245864 	57.4741 	2.20968e-07 	3.51396e-14
0.246118 	57.453 	2.20968e-07 	3.51396e-14
0.246372 	57.4328 	1.62183e-07 	3.51034e-14
0.246627 	57.4151 	1.62183e-07 	3.51034e-14
0.246881 	57.3975 	1.62183e-07 	3.51034e-14
0.247135 	57.3798 	1.62183e-07 	3.51034e-14
0.247389 	57.3621 	1.62183e-07 	3.51034e-14
0.247644 	57.3445 	1.62183e-07 	3.51034e-14
0.247898 	57.3268 	1.62183e-07 	3.51034e-14
0.248152 	57.3091 	1.62183e-07 	3.51034e-14
0.248406 	57.2915 	1.62183e-07 	3.51034e-14
0.248661 	57.2738 	1.62183e-07 	3.51034e-14
0.248915 	57.2555 	1.15071e-07 	3.5031e-14
0.249169 	57.2342 	1.15071e-07 	3.5031e-14
0.249423 	57.213 	1.15071e-07 	3.5031e-14
0.249678 	57.1917 	1.15071e-07 	3.5031e-14
0.249932 	57.1704 	1.15071e-07 	3.5031e-14
0.250186 	57.1491 	1.15071e-07 	3.5031e-14
0.25044 	57.1279 	1.15071e-07 	3.5031e-14
0.250695 	57.1066 	1.15071e-07 	3.5031e-14
0.250949 	57.0853 	1.15071e-07 	3.5031e-14
0.251203 	57.0641 	1.15071e-07 	3.5031e-14
0.251457 	57.0435 	8.24266e-08 	3.498e-14
0.251712 	57.0303 	8.24266e-08 	3.498e-14
0.251966 	57.017 	8.24266e-08 	3.498e-14
0.25222 	57.0037 	8.24266e-08 	3.498e-14
0.252474 	56.9905 	8.24266e-08 	3.498e-14
0.252729 	56.9772 	8.24266e-08 	3.498e-14
0.252983 	56.9639 	8.24266e-08 	3.498e-14
0.253237 	56.9507 	8.24266e-08 	3.498e-14
0.253491 	56.9374 	8.24266e-08 	3.498e-14
0.253746 	56.9242 	8.24266e-08 	3.498e-14
0.254 	56.9109 	1.92566e-07 	2.48167e-17
