0 	31.9369 	-2.73815e-07 	3.27109e-18
0.000254254 	31.9427 	-2.74181e-07 	6.11237e-15
0.000508509 	31.9484 	-2.74181e-07 	6.11237e-15
0.000762763 	31.9542 	-2.74181e-07 	6.11237e-15
0.00101702 	31.96 	-2.74181e-07 	6.11237e-15
0.00127127 	31.9658 	-2.74181e-07 	6.11237e-15
0.00152553 	31.9715 	-2.74181e-07 	6.11237e-15
0.00177978 	31.9773 	-2.74181e-07 	6.11236e-15
0.00203403 	31.9831 	-2.74181e-07 	6.11236e-15
0.00228829 	31.9889 	-2.74181e-07 	6.11236e-15
0.00254254 	31.9947 	-2.74181e-07 	6.11236e-15
0.0027968 	32.0081 	-2.79626e-07 	6.11795e-15
0.00305105 	32.0223 	-2.79626e-07 	6.11795e-15
0.00330531 	32.0365 	-2.79626e-07 	6.11795e-15
0.00355956 	32.0508 	-2.79626e-07 	6.11795e-15
0.00381381 	32.065 	-2.79626e-07 	6.11795e-15
0.00406807 	32.0792 	-2.79626e-07 	6.11795e-15
0.00432232 	32.0934 	-2.79626e-07 	6.11795e-15
0.00457658 	32.1076 	-2.79626e-07 	6.11795e-15
0.00483083 	32.1218 	-2.79626e-07 	6.11795e-15
0.00508509 	32.136 	-2.79626e-07 	6.11795e-15
0.00533934 	32.1528 	-3.03006e-07 	6.17342e-15
0.00559359 	32.1701 	-3.03006e-07 	6.17342e-15
0.00584785 	32.1874 	-3.03006e-07 	6.17342e-15
0.0061021 	32.2047 	-3.03006e-07 	6.17342e-15
0.00635636 	32.222 	-3.03006e-07 	6.17342e-15
0.00661061 	32.2393 	-3.03006e-07 	6.17342e-15
0.00686486 	32.2566 	-3.03006e-07 	6.17342e-15
0.00711912 	32.2739 	-3.03006e-07 	6.17341e-15
0.00737337 	32.2912 	-3.03006e-07 	6.17341e-15
0.00762763 	32.3085 	-3.03006e-07 	6.17341e-15
0.00788188 	32.3266 	-3.43408e-07 	6.1941e-15
0.00813614 	32.3449 	-3.43408e-07 	6.1941e-15
0.00839039 	32.3632 	-3.43408e-07 	6.1941e-15
0.00864464 	32.3815 	-3.43408e-07 	6.1941e-15
0.0088989 	32.3999 	-3.43408e-07 	6.1941e-15
0.00915315 	32.4182 	-3.43408e-07 	6.1941e-15
0.00940741 	32.4365 	-3.43408e-07 	6.1941e-15
0.00966166 	32.4549 	-3.43408e-07 	6.19409e-15
0.00991592 	32.4732 	-3.43408e-07 	6.19409e-15
0.0101702 	32.4915 	-3.43408e-07 	6.19409e-15
0.0104244 	32.511 	-3.96968e-07 	6.26816e-15
0.0106787 	32.5312 	-3.96968e-07 	6.26816e-15
0.0109329 	32.5514 	-3.96968e-07 	6.26816e-15
0.0111872 	32.5716 	-3.96968e-07 	6.26816e-15
0.0114414 	32.5917 	-3.96968e-07 	6.26816e-15
0.0116957 	32.6119 	-3.96968e-07 	6.26816e-15
0.0119499 	32.6321 	-3.96968e-07 	6.26816e-15
0.0122042 	32.6522 	-3.96968e-07 	6.26815e-15
0.0124585 	32.6724 	-3.96968e-07 	6.26815e-15
0.0127127 	32.6926 	-3.96968e-07 	6.26815e-15
0.012967 	32.7143 	-4.60213e-07 	6.34929e-15
0.0132212 	32.7374 	-4.60213e-07 	6.34929e-15
0.0134755 	32.7605 	-4.60213e-07 	6.34929e-15
0.0137297 	32.7836 	-4.60213e-07 	6.34929e-15
0.013984 	32.8067 	-4.60213e-07 	6.34928e-15
0.0142382 	32.8298 	-4.60213e-07 	6.34928e-15
0.0144925 	32.8529 	-4.60213e-07 	6.34928e-15
0.0147467 	32.876 	-4.60213e-07 	6.34928e-15
0.015001 	32.8991 	-4.60213e-07 	6.34928e-15
0.0152553 	32.9222 	-4.60213e-07 	6.34928e-15
0.0155095 	32.9469 	-5.30515e-07 	6.38738e-15
0.0157638 	32.9737 	-5.30515e-07 	6.38738e-15
0.016018 	33.0004 	-5.30515e-07 	6.38738e-15
0.0162723 	33.0271 	-5.30515e-07 	6.38738e-15
0.0165265 	33.0538 	-5.30515e-07 	6.38738e-15
0.0167808 	33.0805 	-5.30515e-07 	6.38738e-15
0.017035 	33.1072 	-5.30515e-07 	6.38737e-15
0.0172893 	33.1339 	-5.30515e-07 	6.38737e-15
0.0175435 	33.1606 	-5.30515e-07 	6.38737e-15
0.0177978 	33.1873 	-5.30515e-07 	6.38737e-15
0.0180521 	33.2155 	-6.06036e-07 	6.43712e-15
0.0183063 	33.2462 	-6.06036e-07 	6.43712e-15
0.0185606 	33.2769 	-6.06036e-07 	6.43712e-15
0.0188148 	33.3076 	-6.06036e-07 	6.43712e-15
0.0190691 	33.3383 	-6.06036e-07 	6.43712e-15
0.0193233 	33.369 	-6.06036e-07 	6.43711e-15
0.0195776 	33.3997 	-6.06036e-07 	6.43711e-15
0.0198318 	33.4304 	-6.06036e-07 	6.43711e-15
0.0200861 	33.4611 	-6.06036e-07 	6.43711e-15
0.0203403 	33.4919 	-6.06036e-07 	6.43711e-15
0.0205946 	33.5237 	-6.85617e-07 	6.49785e-15
0.0208488 	33.5586 	-6.85617e-07 	6.49784e-15
0.0211031 	33.5936 	-6.85617e-07 	6.49784e-15
0.0213574 	33.6285 	-6.85617e-07 	6.49784e-15
0.0216116 	33.6634 	-6.85617e-07 	6.49784e-15
0.0218659 	33.6984 	-6.85617e-07 	6.49783e-15
0.0221201 	33.7333 	-6.85617e-07 	6.49783e-15
0.0223744 	33.7682 	-6.85617e-07 	6.49783e-15
0.0226286 	33.8032 	-6.85617e-07 	6.49783e-15
0.0228829 	33.8381 	-6.85617e-07 	6.49783e-15
0.0231371 	33.8738 	-7.68592e-07 	6.56882e-15
0.0233914 	33.9132 	-7.68592e-07 	6.56882e-15
0.0236456 	33.9525 	-7.68592e-07 	6.56882e-15
0.0238999 	33.9919 	-7.68592e-07 	6.56882e-15
0.0241542 	34.0312 	-7.68592e-07 	6.56881e-15
0.0244084 	34.0706 	-7.68592e-07 	6.56881e-15
0.0246627 	34.1099 	-7.68592e-07 	6.56881e-15
0.0249169 	34.1493 	-7.68592e-07 	6.56881e-15
0.0251712 	34.1886 	-7.68592e-07 	6.5688e-15
0.0254254 	34.228 	-7.68592e-07 	6.5688e-15
0.0256797 	34.2677 	-8.54416e-07 	6.65033e-15
0.0259339 	34.3117 	-8.54416e-07 	6.65033e-15
0.0261882 	34.3556 	-8.54416e-07 	6.65032e-15
0.0264424 	34.3996 	-8.54416e-07 	6.65032e-15
0.0266967 	34.4435 	-8.54416e-07 	6.65032e-15
0.026951 	34.4875 	-8.54416e-07 	6.65032e-15
0.0272052 	34.5314 	-8.54416e-07 	6.65031e-15
0.0274595 	34.5753 	-8.54416e-07 	6.65031e-15
0.0277137 	34.6193 	-8.54416e-07 	6.65031e-15
0.027968 	34.6632 	-8.54416e-07 	6.6503e-15
0.0282222 	34.7072 	-9.92672e-07 	1.93806e-18
0.0284765 	34.7559 	-9.4175e-07 	6.74259e-15
0.0287307 	34.8046 	-9.4175e-07 	6.74258e-15
0.028985 	34.8533 	-9.4175e-07 	6.74258e-15
0.0292392 	34.9021 	-9.4175e-07 	6.74258e-15
0.0294935 	34.9508 	-9.4175e-07 	6.74257e-15
0.0297477 	34.9995 	-9.4175e-07 	6.74257e-15
0.030002 	35.0482 	-9.4175e-07 	6.74257e-15
0.0302563 	35.0969 	-9.4175e-07 	6.74256e-15
0.0305105 	35.1457 	-9.4175e-07 	6.74256e-15
0.0307648 	35.1944 	-9.4175e-07 	6.74256e-15
0.031019 	35.2476 	-1.02847e-06 	6.87857e-15
0.0312733 	35.3013 	-1.02847e-06 	6.87857e-15
0.0315275 	35.355 	-1.02847e-06 	6.87857e-15
0.0317818 	35.4086 	-1.02847e-06 	6.87856e-15
0.032036 	35.4623 	-1.02847e-06 	6.87856e-15
0.0322903 	35.516 	-1.02847e-06 	6.87856e-15
0.0325445 	35.5697 	-1.02847e-06 	6.87855e-15
0.0327988 	35.6234 	-1.02847e-06 	6.87855e-15
0.0330531 	35.677 	-1.02847e-06 	6.87855e-15
0.0333073 	35.7307 	-1.02847e-06 	6.87854e-15
0.0335616 	35.7886 	-1.11679e-06 	6.94965e-15
0.0338158 	35.8474 	-1.11679e-06 	6.94964e-15
0.0340701 	35.9062 	-1.11679e-06 	6.94964e-15
0.0343243 	35.9651 	-1.11679e-06 	6.94964e-15
0.0345786 	36.0239 	-1.11679e-06 	6.94963e-15
0.0348328 	36.0827 	-1.11679e-06 	6.94963e-15
0.0350871 	36.1415 	-1.11679e-06 	6.94962e-15
0.0353413 	36.2004 	-1.11679e-06 	6.94962e-15
0.0355956 	36.2592 	-1.11679e-06 	6.94962e-15
0.0358498 	36.318 	-1.11679e-06 	6.94961e-15
0.0361041 	36.3807 	-1.20774e-06 	7.11074e-15
0.0363584 	36.4449 	-1.20774e-06 	7.11074e-15
0.0366126 	36.509 	-1.20774e-06 	7.11073e-15
0.0368669 	36.5732 	-1.20774e-06 	7.11073e-15
0.0371211 	36.6374 	-1.20774e-06 	7.11072e-15
0.0373754 	36.7015 	-1.20774e-06 	7.11072e-15
0.0376296 	36.7657 	-1.20774e-06 	7.11072e-15
0.0378839 	36.8299 	-1.20774e-06 	7.11071e-15
0.0381381 	36.894 	-1.20774e-06 	7.11071e-15
0.0383924 	36.9582 	-1.20774e-06 	7.1107e-15
0.0386466 	37.0259 	-1.30298e-06 	7.30288e-15
0.0389009 	37.0956 	-1.30298e-06 	7.30288e-15
0.0391552 	37.1653 	-1.30298e-06 	7.30287e-15
0.0394094 	37.235 	-1.30298e-06 	7.30287e-15
0.0396637 	37.3047 	-1.30298e-06 	7.30286e-15
0.0399179 	37.3745 	-1.30298e-06 	7.30286e-15
0.0401722 	37.4442 	-1.30298e-06 	7.30285e-15
0.0404264 	37.5139 	-1.30298e-06 	7.30285e-15
0.0406807 	37.5836 	-1.30298e-06 	7.30285e-15
0.0409349 	37.6533 	-1.30298e-06 	7.30284e-15
0.0411892 	37.7262 	-1.40197e-06 	7.50329e-15
0.0414434 	37.8016 	-1.40197e-06 	7.50328e-15
0.0416977 	37.8771 	-1.40197e-06 	7.50328e-15
0.041952 	37.9526 	-1.40197e-06 	7.50327e-15
0.0422062 	38.028 	-1.40197e-06 	7.50327e-15
0.0424605 	38.1035 	-1.40197e-06 	7.50327e-15
0.0427147 	38.179 	-1.40197e-06 	7.50326e-15
0.042969 	38.2545 	-1.40197e-06 	7.50326e-15
0.0432232 	38.3299 	-1.40197e-06 	7.50325e-15
0.0434775 	38.4054 	-1.40197e-06 	7.50325e-15
0.0437317 	38.4836 	-1.50443e-06 	7.66961e-15
0.043986 	38.5651 	-1.50443e-06 	7.66961e-15
0.0442402 	38.6465 	-1.50443e-06 	7.6696e-15
0.0444945 	38.728 	-1.50443e-06 	7.6696e-15
0.0447487 	38.8095 	-1.50443e-06 	7.66959e-15
0.045003 	38.8909 	-1.50443e-06 	7.66959e-15
0.0452573 	38.9724 	-1.50443e-06 	7.66958e-15
0.0455115 	39.0539 	-1.50443e-06 	7.66958e-15
0.0457658 	39.1353 	-1.50443e-06 	7.66957e-15
0.04602 	39.2168 	-1.50443e-06 	7.66957e-15
0.0462743 	39.3005 	-1.61027e-06 	7.80779e-15
0.0465285 	39.3882 	-1.61027e-06 	7.80779e-15
0.0467828 	39.4759 	-1.61027e-06 	7.80778e-15
0.047037 	39.5636 	-1.61027e-06 	7.80778e-15
0.0472913 	39.6513 	-1.61027e-06 	7.80777e-15
0.0475455 	39.739 	-1.61027e-06 	7.80776e-15
0.0477998 	39.8267 	-1.61027e-06 	7.80776e-15
0.0480541 	39.9144 	-1.61027e-06 	7.80775e-15
0.0483083 	40.002 	-1.61027e-06 	7.80775e-15
0.0485626 	40.0897 	-1.61027e-06 	7.80774e-15
0.0488168 	40.1792 	-1.7193e-06 	7.93907e-15
0.0490711 	40.2734 	-1.7193e-06 	7.93906e-15
0.0493253 	40.3675 	-1.7193e-06 	7.93906e-15
0.0495796 	40.4617 	-1.7193e-06 	7.93905e-15
0.0498338 	40.5559 	-1.7193e-06 	7.93905e-15
0.0500881 	40.65 	-1.7193e-06 	7.93904e-15
0.0503423 	40.7442 	-1.7193e-06 	7.93903e-15
0.0505966 	40.8383 	-1.7193e-06 	7.93903e-15
0.0508509 	40.9325 	-1.7193e-06 	7.93902e-15
0.0511051 	41.0267 	-1.7193e-06 	7.93902e-15
0.0513594 	41.1221 	-1.83121e-06 	8.13957e-15
0.0516136 	41.223 	-1.83121e-06 	8.13956e-15
0.0518679 	41.3238 	-1.83121e-06 	8.13956e-15
0.0521221 	41.4247 	-1.83121e-06 	8.13955e-15
0.0523764 	41.5256 	-1.83121e-06 	8.13954e-15
0.0526306 	41.6265 	-1.83121e-06 	8.13954e-15
0.0528849 	41.7274 	-1.83121e-06 	8.13953e-15
0.0531391 	41.8283 	-1.83121e-06 	8.13952e-15
0.0533934 	41.9292 	-1.83121e-06 	8.13952e-15
0.0536476 	42.0301 	-1.83121e-06 	8.13951e-15
0.0539019 	42.1316 	-1.9455e-06 	8.31254e-15
0.0541562 	42.2395 	-1.9455e-06 	8.31253e-15
0.0544104 	42.3473 	-1.9455e-06 	8.31252e-15
0.0546647 	42.4552 	-1.9455e-06 	8.31252e-15
0.0549189 	42.5631 	-1.9455e-06 	8.31251e-15
0.0551732 	42.671 	-1.9455e-06 	8.3125e-15
0.0554274 	42.7788 	-1.9455e-06 	8.31249e-15
0.0556817 	42.8867 	-1.9455e-06 	8.31249e-15
0.0559359 	42.9946 	-1.9455e-06 	8.31248e-15
0.0561902 	43.1025 	-1.9455e-06 	8.31247e-15
0.0564444 	43.2103 	-2.31566e-06 	1.17417e-18
0.0566987 	43.3254 	-2.06146e-06 	8.52895e-15
0.056953 	43.4405 	-2.06146e-06 	8.52894e-15
0.0572072 	43.5557 	-2.06146e-06 	8.52893e-15
0.0574615 	43.6708 	-2.06146e-06 	8.52892e-15
0.0577157 	43.7859 	-2.06146e-06 	8.52892e-15
0.05797 	43.901 	-2.06146e-06 	8.52891e-15
0.0582242 	44.0161 	-2.06146e-06 	8.5289e-15
0.0584785 	44.1312 	-2.06146e-06 	8.52889e-15
0.0587327 	44.2463 	-2.06146e-06 	8.52889e-15
0.058987 	44.3614 	-2.06146e-06 	8.52888e-15
0.0592412 	44.4833 	-2.17805e-06 	8.77157e-15
0.0594955 	44.6059 	-2.17805e-06 	8.77157e-15
0.0597497 	44.7285 	-2.17805e-06 	8.77156e-15
0.060004 	44.8511 	-2.17805e-06 	8.77155e-15
0.0602583 	44.9737 	-2.17805e-06 	8.77154e-15
0.0605125 	45.0963 	-2.17805e-06 	8.77153e-15
0.0607668 	45.2189 	-2.17805e-06 	8.77153e-15
0.061021 	45.3415 	-2.17805e-06 	8.77152e-15
0.0612753 	45.4641 	-2.17805e-06 	8.77151e-15
0.0615295 	45.5868 	-2.17805e-06 	8.7715e-15
0.0617838 	45.7157 	-2.29524e-06 	9.07684e-15
0.062038 	45.846 	-2.29524e-06 	9.07683e-15
0.0622923 	45.9763 	-2.29524e-06 	9.07682e-15
0.0625465 	46.1067 	-2.29524e-06 	9.07681e-15
0.0628008 	46.237 	-2.29524e-06 	9.0768e-15
0.0630551 	46.3673 	-2.29524e-06 	9.07679e-15
0.0633093 	46.4976 	-2.29524e-06 	9.07679e-15
0.0635636 	46.628 	-2.29524e-06 	9.07678e-15
0.0638178 	46.7583 	-2.29524e-06 	9.07677e-15
0.0640721 	46.8886 	-2.29524e-06 	9.07676e-15
0.0643263 	47.0247 	-2.41246e-06 	9.31583e-15
0.0645806 	47.163 	-2.41246e-06 	9.31582e-15
0.0648348 	47.3013 	-2.41246e-06 	9.31581e-15
0.0650891 	47.4396 	-2.41246e-06 	9.3158e-15
0.0653433 	47.5779 	-2.41246e-06 	9.31579e-15
0.0655976 	47.7161 	-2.41246e-06 	9.31578e-15
0.0658519 	47.8544 	-2.41246e-06 	9.31577e-15
0.0661061 	47.9927 	-2.41246e-06 	9.31576e-15
0.0663604 	48.131 	-2.41246e-06 	9.31576e-15
0.0666146 	48.2692 	-2.41246e-06 	9.31575e-15
0.0668689 	48.4127 	-2.52844e-06 	9.5993e-15
0.0671231 	48.5592 	-2.52844e-06 	9.59929e-15
0.0673774 	48.7056 	-2.52844e-06 	9.59928e-15
0.0676316 	48.8521 	-2.52844e-06 	9.59927e-15
0.0678859 	48.9986 	-2.52844e-06 	9.59926e-15
0.0681401 	49.145 	-2.52844e-06 	9.59925e-15
0.0683944 	49.2915 	-2.52844e-06 	9.59924e-15
0.0686486 	49.4379 	-2.52844e-06 	9.59923e-15
0.0689029 	49.5844 	-2.52844e-06 	9.59923e-15
0.0691572 	49.7309 	-2.52844e-06 	9.59922e-15
0.0694114 	49.8819 	-2.64338e-06 	9.89789e-15
0.0696657 	50.0368 	-2.64338e-06 	9.89788e-15
0.0699199 	50.1917 	-2.64338e-06 	9.89787e-15
0.0701742 	50.3467 	-2.64338e-06 	9.89786e-15
0.0704284 	50.5016 	-2.64338e-06 	9.89785e-15
0.0706827 	50.6565 	-2.64338e-06 	9.89784e-15
0.0709369 	50.8114 	-2.64338e-06 	9.89783e-15
0.0711912 	50.9663 	-2.64338e-06 	9.89782e-15
0.0714454 	51.1212 	-2.64338e-06 	9.89781e-15
0.0716997 	51.2761 	-2.64338e-06 	9.8978e-15
0.071954 	51.4349 	-2.73983e-06 	1.02105e-14
0.0722082 	51.5985 	-2.73983e-06 	1.02105e-14
0.0724625 	51.7621 	-2.73983e-06 	1.02105e-14
0.0727167 	51.9257 	-2.73983e-06 	1.02105e-14
0.072971 	52.0893 	-2.73983e-06 	1.02105e-14
0.0732252 	52.2528 	-2.73983e-06 	1.02105e-14
0.0734795 	52.4164 	-2.73983e-06 	1.02105e-14
0.0737337 	52.58 	-2.73983e-06 	1.02105e-14
0.073988 	52.7436 	-2.73983e-06 	1.02105e-14
0.0742422 	52.9072 	-2.73983e-06 	1.02104e-14
0.0744965 	53.0739 	-2.80366e-06 	1.05341e-14
0.0747508 	53.2462 	-2.80366e-06 	1.05341e-14
0.075005 	53.4186 	-2.80366e-06 	1.0534e-14
0.0752593 	53.5909 	-2.80366e-06 	1.0534e-14
0.0755135 	53.7632 	-2.80366e-06 	1.0534e-14
0.0757678 	53.9355 	-2.80366e-06 	1.0534e-14
0.076022 	54.1079 	-2.80366e-06 	1.0534e-14
0.0762763 	54.2802 	-2.80366e-06 	1.0534e-14
0.0765305 	54.4525 	-2.80366e-06 	1.0534e-14
0.0767848 	54.6248 	-2.80366e-06 	1.0534e-14
0.077039 	54.7995 	-2.86394e-06 	1.08141e-14
0.0772933 	54.9805 	-2.86394e-06 	1.08141e-14
0.0775475 	55.1615 	-2.86394e-06 	1.08141e-14
0.0778018 	55.3425 	-2.86394e-06 	1.08141e-14
0.0780561 	55.5235 	-2.86394e-06 	1.08141e-14
0.0783103 	55.7045 	-2.86394e-06 	1.08141e-14
0.0785646 	55.8855 	-2.86394e-06 	1.08141e-14
0.0788188 	56.0665 	-2.86394e-06 	1.08141e-14
0.0790731 	56.2475 	-2.86394e-06 	1.0814e-14
0.0793273 	56.4285 	-2.86394e-06 	1.0814e-14
0.0795816 	56.611 	-2.91216e-06 	1.11539e-14
0.0798358 	56.8006 	-2.91216e-06 	1.11539e-14
0.0800901 	56.9901 	-2.91216e-06 	1.11538e-14
0.0803443 	57.1797 	-2.91216e-06 	1.11538e-14
0.0805986 	57.3692 	-2.91216e-06 	1.11538e-14
0.0808529 	57.5587 	-2.91216e-06 	1.11538e-14
0.0811071 	57.7483 	-2.91216e-06 	1.11538e-14
0.0813614 	57.9378 	-2.91216e-06 	1.11538e-14
0.0816156 	58.1273 	-2.91216e-06 	1.11538e-14
0.0818699 	58.3169 	-2.91216e-06 	1.11538e-14
0.0821241 	58.5072 	-2.94029e-06 	1.14971e-14
0.0823784 	58.705 	-2.94029e-06 	1.14971e-14
0.0826326 	58.9029 	-2.94029e-06 	1.14971e-14
0.0828869 	59.1008 	-2.94029e-06 	1.14971e-14
0.0831411 	59.2986 	-2.94029e-06 	1.14971e-14
0.0833954 	59.4965 	-2.94029e-06 	1.14971e-14
0.0836496 	59.6944 	-2.94029e-06 	1.14971e-14
0.0839039 	59.8922 	-2.94029e-06 	1.14971e-14
0.0841582 	60.0901 	-2.94029e-06 	1.1497e-14
0.0844124 	60.288 	-2.94029e-06 	1.1497e-14
0.0846667 	60.4858 	-3.85945e-06 	3.38557e-17
0.0849209 	60.6918 	-2.95072e-06 	1.18457e-14
0.0851752 	60.8977 	-2.95072e-06 	1.18456e-14
0.0854294 	61.1036 	-2.95072e-06 	1.18456e-14
0.0856837 	61.3095 	-2.95072e-06 	1.18456e-14
0.0859379 	61.5155 	-2.95072e-06 	1.18456e-14
0.0861922 	61.7214 	-2.95072e-06 	1.18456e-14
0.0864464 	61.9273 	-2.95072e-06 	1.18456e-14
0.0867007 	62.1333 	-2.95072e-06 	1.18456e-14
0.086955 	62.3392 	-2.95072e-06 	1.18456e-14
0.0872092 	62.5451 	-2.95072e-06 	1.18455e-14
0.0874635 	62.758 	-2.94991e-06 	1.21978e-14
0.0877177 	62.9717 	-2.94991e-06 	1.21978e-14
0.087972 	63.1853 	-2.94991e-06 	1.21978e-14
0.0882262 	63.3989 	-2.94991e-06 	1.21978e-14
0.0884805 	63.6125 	-2.94991e-06 	1.21978e-14
0.0887347 	63.8262 	-2.94991e-06 	1.21978e-14
0.088989 	64.0398 	-2.94991e-06 	1.21978e-14
0.0892432 	64.2534 	-2.94991e-06 	1.21977e-14
0.0894975 	64.467 	-2.94991e-06 	1.21977e-14
0.0897518 	64.6807 	-2.94991e-06 	1.21977e-14
0.090006 	64.9001 	-2.94775e-06 	1.25514e-14
0.0902603 	65.1209 	-2.94775e-06 	1.25514e-14
0.0905145 	65.3416 	-2.94775e-06 	1.25514e-14
0.0907688 	65.5623 	-2.94775e-06 	1.25514e-14
0.091023 	65.7831 	-2.94775e-06 	1.25514e-14
0.0912773 	66.0038 	-2.94775e-06 	1.25513e-14
0.0915315 	66.2246 	-2.94775e-06 	1.25513e-14
0.0917858 	66.4453 	-2.94775e-06 	1.25513e-14
0.09204 	66.666 	-2.94775e-06 	1.25513e-14
0.0922943 	66.8868 	-2.94775e-06 	1.25513e-14
0.0925485 	67.1121 	-2.93782e-06 	1.2904e-14
0.0928028 	67.3392 	-2.93782e-06 	1.2904e-14
0.0930571 	67.5662 	-2.93782e-06 	1.2904e-14
0.0933113 	67.7933 	-2.93782e-06 	1.29039e-14
0.0935656 	68.0203 	-2.93782e-06 	1.29039e-14
0.0938198 	68.2473 	-2.93782e-06 	1.29039e-14
0.0940741 	68.4744 	-2.93782e-06 	1.29039e-14
0.0943283 	68.7014 	-2.93782e-06 	1.29039e-14
0.0945826 	68.9285 	-2.93782e-06 	1.29039e-14
0.0948368 	69.1555 	-2.93782e-06 	1.29039e-14
0.0950911 	69.3859 	-2.90199e-06 	1.32105e-14
0.0953453 	69.6182 	-2.90199e-06 	1.32105e-14
0.0955996 	69.8504 	-2.90199e-06 	1.32105e-14
0.0958539 	70.0827 	-2.90199e-06 	1.32105e-14
0.0961081 	70.315 	-2.90199e-06 	1.32105e-14
0.0963624 	70.5473 	-2.90199e-06 	1.32104e-14
0.0966166 	70.7795 	-2.90199e-06 	1.32104e-14
0.0968709 	71.0118 	-2.90199e-06 	1.32104e-14
0.0971251 	71.2441 	-2.90199e-06 	1.32104e-14
0.0973794 	71.4764 	-2.90199e-06 	1.32104e-14
0.0976336 	71.7107 	-2.82876e-06 	1.35881e-14
0.0978879 	71.9468 	-2.82876e-06 	1.35881e-14
0.0981421 	72.1829 	-2.82876e-06 	1.35881e-14
0.0983964 	72.419 	-2.82876e-06 	1.35881e-14
0.0986507 	72.655 	-2.82876e-06 	1.35881e-14
0.0989049 	72.8911 	-2.82876e-06 	1.35881e-14
0.0991592 	73.1272 	-2.82876e-06 	1.3588e-14
0.0994134 	73.3633 	-2.82876e-06 	1.3588e-14
0.0996677 	73.5994 	-2.82876e-06 	1.3588e-14
0.0999219 	73.8354 	-2.82876e-06 	1.3588e-14
0.100176 	74.0724 	-2.71137e-06 	1.39776e-14
0.10043 	74.3105 	-2.71137e-06 	1.39776e-14
0.100685 	74.5486 	-2.71137e-06 	1.39776e-14
0.100939 	74.7867 	-2.71137e-06 	1.39776e-14
0.101193 	75.0248 	-2.71137e-06 	1.39775e-14
0.101447 	75.2629 	-2.71137e-06 	1.39775e-14
0.101702 	75.5009 	-2.71137e-06 	1.39775e-14
0.101956 	75.739 	-2.71137e-06 	1.39775e-14
0.10221 	75.9771 	-2.71137e-06 	1.39775e-14
0.102464 	76.2152 	-2.71137e-06 	1.39775e-14
0.102719 	76.4532 	-2.53294e-06 	1.42891e-14
0.102973 	76.6912 	-2.53294e-06 	1.42891e-14
0.103227 	76.9291 	-2.53294e-06 	1.42891e-14
0.103481 	77.167 	-2.53294e-06 	1.4289e-14
0.103736 	77.4049 	-2.53294e-06 	1.4289e-14
0.10399 	77.6429 	-2.53294e-06 	1.4289e-14
0.104244 	77.8808 	-2.53294e-06 	1.4289e-14
0.104498 	78.1187 	-2.53294e-06 	1.4289e-14
0.104753 	78.3567 	-2.53294e-06 	1.4289e-14
0.105007 	78.5946 	-2.53294e-06 	1.42889e-14
0.105261 	78.8318 	-2.34714e-06 	1.4623e-14
0.105516 	79.0672 	-2.34714e-06 	1.4623e-14
0.10577 	79.3025 	-2.34714e-06 	1.4623e-14
0.106024 	79.5379 	-2.34714e-06 	1.4623e-14
0.106278 	79.7732 	-2.34714e-06 	1.4623e-14
0.106533 	80.0085 	-2.34714e-06 	1.46229e-14
0.106787 	80.2439 	-2.34714e-06 	1.46229e-14
0.107041 	80.4792 	-2.34714e-06 	1.46229e-14
0.107295 	80.7146 	-2.34714e-06 	1.46229e-14
0.10755 	80.9499 	-2.34714e-06 	1.46229e-14
0.107804 	81.1843 	-2.05808e-06 	1.49467e-14
0.108058 	81.4145 	-2.05808e-06 	1.49467e-14
0.108312 	81.6447 	-2.05808e-06 	1.49467e-14
0.108567 	81.8749 	-2.05808e-06 	1.49467e-14
0.108821 	82.1051 	-2.05808e-06 	1.49466e-14
0.109075 	82.3354 	-2.05808e-06 	1.49466e-14
0.109329 	82.5656 	-2.05808e-06 	1.49466e-14
0.109584 	82.7958 	-2.05808e-06 	1.49466e-14
0.109838 	83.026 	-2.05808e-06 	1.49466e-14
0.110092 	83.2562 	-2.05808e-06 	1.49466e-14
0.110346 	83.4856 	-1.75807e-06 	1.51743e-14
0.110601 	83.7079 	-1.75807e-06 	1.51743e-14
0.110855 	83.9301 	-1.75807e-06 	1.51743e-14
0.111109 	84.1523 	-1.75807e-06 	1.51743e-14
0.111363 	84.3745 	-1.75807e-06 	1.51743e-14
0.111618 	84.5968 	-1.75807e-06 	1.51743e-14
0.111872 	84.819 	-1.75807e-06 	1.51742e-14
0.112126 	85.0412 	-1.75807e-06 	1.51742e-14
0.11238 	85.2634 	-1.75807e-06 	1.51742e-14
0.112635 	85.4857 	-1.75807e-06 	1.51742e-14
0.112889 	85.7079 	-2.86794e-06 	6.15075e-17
0.113143 	85.919 	-1.41255e-06 	1.53648e-14
0.113397 	86.1302 	-1.41255e-06 	1.53648e-14
0.113652 	86.3413 	-1.41255e-06 	1.53647e-14
0.113906 	86.5525 	-1.41255e-06 	1.53647e-14
0.11416 	86.7636 	-1.41255e-06 	1.53647e-14
0.114414 	86.9748 	-1.41255e-06 	1.53647e-14
0.114669 	87.1859 	-1.41255e-06 	1.53647e-14
0.114923 	87.397 	-1.41255e-06 	1.53647e-14
0.115177 	87.6082 	-1.41255e-06 	1.53647e-14
0.115431 	87.8193 	-1.41255e-06 	1.53646e-14
0.115686 	88.0174 	-1.01255e-06 	1.55154e-14
0.11594 	88.2141 	-1.01255e-06 	1.55154e-14
0.116194 	88.4109 	-1.01255e-06 	1.55154e-14
0.116448 	88.6076 	-1.01255e-06 	1.55154e-14
0.116703 	88.8044 	-1.01255e-06 	1.55154e-14
0.116957 	89.0011 	-1.01255e-06 	1.55153e-14
0.117211 	89.1978 	-1.01255e-06 	1.55153e-14
0.117465 	89.3946 	-1.01255e-06 	1.55153e-14
0.11772 	89.5913 	-1.01255e-06 	1.55153e-14
0.117974 	89.7881 	-1.01255e-06 	1.55153e-14
0.118228 	89.9702 	-6.03629e-07 	1.56212e-14
0.118482 	90.1491 	-6.03629e-07 	1.56211e-14
0.118737 	90.328 	-6.03629e-07 	1.56211e-14
0.118991 	90.5068 	-6.03629e-07 	1.56211e-14
0.119245 	90.6857 	-6.03629e-07 	1.56211e-14
0.119499 	90.8646 	-6.03629e-07 	1.56211e-14
0.119754 	91.0435 	-6.03629e-07 	1.56211e-14
0.120008 	91.2224 	-6.03629e-07 	1.56211e-14
0.120262 	91.4013 	-6.03629e-07 	1.56211e-14
0.120517 	91.5801 	-6.03629e-07 	1.5621e-14
0.120771 	91.7436 	-1.92456e-07 	1.5679e-14
0.121025 	91.9012 	-1.92456e-07 	1.56789e-14
0.121279 	92.0589 	-1.92456e-07 	1.56789e-14
0.121534 	92.2165 	-1.92456e-07 	1.56789e-14
0.121788 	92.3741 	-1.92456e-07 	1.56789e-14
0.122042 	92.5318 	-1.92456e-07 	1.56789e-14
0.122296 	92.6894 	-1.92456e-07 	1.56789e-14
0.122551 	92.8471 	-1.92456e-07 	1.56789e-14
0.122805 	93.0047 	-1.92456e-07 	1.56789e-14
0.123059 	93.1624 	-1.92456e-07 	1.56789e-14
0.123313 	93.3046 	2.21017e-07 	1.56876e-14
0.123568 	93.438 	2.21017e-07 	1.56876e-14
0.123822 	93.5714 	2.21017e-07 	1.56876e-14
0.124076 	93.7048 	2.21017e-07 	1.56876e-14
0.12433 	93.8383 	2.21017e-07 	1.56876e-14
0.124585 	93.9717 	2.21017e-07 	1.56876e-14
0.124839 	94.1051 	2.21017e-07 	1.56876e-14
0.125093 	94.2385 	2.21017e-07 	1.56876e-14
0.125347 	94.3719 	2.21017e-07 	1.56875e-14
0.125602 	94.5054 	2.21017e-07 	1.56875e-14
0.125856 	94.6243 	5.96302e-07 	1.56518e-14
0.12611 	94.7312 	5.96302e-07 	1.56518e-14
0.126364 	94.8381 	5.96302e-07 	1.56518e-14
0.126619 	94.945 	5.96302e-07 	1.56517e-14
0.126873 	95.0519 	5.96302e-07 	1.56517e-14
0.127127 	95.1588 	5.96302e-07 	1.56517e-14
0.127381 	95.2657 	5.96302e-07 	1.56517e-14
0.127636 	95.3726 	5.96302e-07 	1.56517e-14
0.12789 	95.4795 	5.96302e-07 	1.56517e-14
0.128144 	95.5864 	5.96302e-07 	1.56517e-14
0.128398 	95.6807 	9.25344e-07 	1.55835e-14
0.128653 	95.7598 	9.25344e-07 	1.55835e-14
0.128907 	95.839 	9.25344e-07 	1.55835e-14
0.129161 	95.9181 	9.25344e-07 	1.55835e-14
0.129415 	95.9972 	9.25344e-07 	1.55835e-14
0.12967 	96.0763 	9.25344e-07 	1.55835e-14
0.129924 	96.1554 	9.25344e-07 	1.55834e-14
0.130178 	96.2346 	9.25344e-07 	1.55834e-14
0.130432 	96.3137 	9.25344e-07 	1.55834e-14
0.130687 	96.3928 	9.25344e-07 	1.55834e-14
0.130941 	96.4618 	1.20483e-06 	1.54926e-14
0.131195 	96.513 	1.20483e-06 	1.54926e-14
0.131449 	96.5643 	1.20483e-06 	1.54926e-14
0.131704 	96.6155 	1.20483e-06 	1.54926e-14
0.131958 	96.6668 	1.20483e-06 	1.54926e-14
0.132212 	96.718 	1.20483e-06 	1.54926e-14
0.132466 	96.7693 	1.20483e-06 	1.54926e-14
0.132721 	96.8205 	1.20483e-06 	1.54926e-14
0.132975 	96.8718 	1.20483e-06 	1.54926e-14
0.133229 	96.923 	1.20483e-06 	1.54926e-14
0.133483 	96.9669 	1.42593e-06 	1.53837e-14
0.133738 	96.9912 	1.42593e-06 	1.53837e-14
0.133992 	97.0156 	1.42593e-06 	1.53837e-14
0.134246 	97.0399 	1.42593e-06 	1.53837e-14
0.134501 	97.0642 	1.42593e-06 	1.53837e-14
0.134755 	97.0885 	1.42593e-06 	1.53837e-14
0.135009 	97.1128 	1.42593e-06 	1.53837e-14
0.135263 	97.1372 	1.42593e-06 	1.53837e-14
0.135518 	97.1615 	1.42593e-06 	1.53836e-14
0.135772 	97.1858 	1.42593e-06 	1.53836e-14
0.136026 	97.2055 	1.62465e-06 	1.53124e-14
0.13628 	97.2046 	1.62465e-06 	1.53124e-14
0.136535 	97.2037 	1.62465e-06 	1.53124e-14
0.136789 	97.2028 	1.62465e-06 	1.53124e-14
0.137043 	97.2018 	1.62465e-06 	1.53124e-14
0.137297 	97.2009 	1.62465e-06 	1.53124e-14
0.137552 	97.2 	1.62465e-06 	1.53124e-14
0.137806 	97.1991 	1.62465e-06 	1.53124e-14
0.13806 	97.1981 	1.62465e-06 	1.53124e-14
0.138314 	97.1972 	1.62465e-06 	1.53124e-14
0.138569 	97.1942 	1.78118e-06 	1.51136e-14
0.138823 	97.17 	1.78118e-06 	1.51137e-14
0.139077 	97.1459 	1.78118e-06 	1.51137e-14
0.139331 	97.1217 	1.78118e-06 	1.51137e-14
0.139586 	97.0976 	1.78118e-06 	1.51137e-14
0.13984 	97.0735 	1.78118e-06 	1.51137e-14
0.140094 	97.0493 	1.78118e-06 	1.51137e-14
0.140348 	97.0252 	1.78118e-06 	1.51137e-14
0.140603 	97.0011 	1.78118e-06 	1.51137e-14
0.140857 	96.9769 	1.78118e-06 	1.51137e-14
0.141111 	96.9528 	9.68081e-07 	4.38217e-17
0.141365 	96.9076 	1.90664e-06 	1.49628e-14
0.14162 	96.8624 	1.90664e-06 	1.49628e-14
0.141874 	96.8172 	1.90664e-06 	1.49628e-14
0.142128 	96.772 	1.90664e-06 	1.49628e-14
0.142382 	96.7267 	1.90664e-06 	1.49628e-14
0.142637 	96.6815 	1.90664e-06 	1.49629e-14
0.142891 	96.6363 	1.90664e-06 	1.49629e-14
0.143145 	96.5911 	1.90664e-06 	1.49629e-14
0.143399 	96.5459 	1.90664e-06 	1.49629e-14
0.143654 	96.5007 	1.90664e-06 	1.49629e-14
0.143908 	96.4383 	2.02398e-06 	1.47478e-14
0.144162 	96.3742 	2.02398e-06 	1.47478e-14
0.144416 	96.3101 	2.02398e-06 	1.47478e-14
0.144671 	96.246 	2.02398e-06 	1.47478e-14
0.144925 	96.1818 	2.02398e-06 	1.47478e-14
0.145179 	96.1177 	2.02398e-06 	1.47478e-14
0.145433 	96.0536 	2.02398e-06 	1.47478e-14
0.145688 	95.9895 	2.02398e-06 	1.47478e-14
0.145942 	95.9254 	2.02398e-06 	1.47478e-14
0.146196 	95.8613 	2.02398e-06 	1.47478e-14
0.14645 	95.7833 	2.13008e-06 	1.45228e-14
0.146705 	95.7023 	2.13008e-06 	1.45228e-14
0.146959 	95.6213 	2.13008e-06 	1.45228e-14
0.147213 	95.5403 	2.13008e-06 	1.45228e-14
0.147467 	95.4593 	2.13008e-06 	1.45228e-14
0.147722 	95.3784 	2.13008e-06 	1.45228e-14
0.147976 	95.2974 	2.13008e-06 	1.45228e-14
0.14823 	95.2164 	2.13008e-06 	1.45228e-14
0.148484 	95.1354 	2.13008e-06 	1.45228e-14
0.148739 	95.0544 	2.13008e-06 	1.45228e-14
0.148993 	94.9625 	2.23103e-06 	1.43257e-14
0.149247 	94.8665 	2.23103e-06 	1.43257e-14
0.149502 	94.7705 	2.23103e-06 	1.43257e-14
0.149756 	94.6745 	2.23103e-06 	1.43257e-14
0.15001 	94.5786 	2.23103e-06 	1.43257e-14
0.150264 	94.4826 	2.23103e-06 	1.43257e-14
0.150519 	94.3866 	2.23103e-06 	1.43258e-14
0.150773 	94.2906 	2.23103e-06 	1.43258e-14
0.151027 	94.1946 	2.23103e-06 	1.43258e-14
0.151281 	94.0987 	2.23103e-06 	1.43258e-14
0.151536 	93.9943 	2.3269e-06 	1.41275e-14
0.15179 	93.8852 	2.3269e-06 	1.41275e-14
0.152044 	93.776 	2.3269e-06 	1.41276e-14
0.152298 	93.6669 	2.3269e-06 	1.41276e-14
0.152553 	93.5577 	2.3269e-06 	1.41276e-14
0.152807 	93.4486 	2.3269e-06 	1.41276e-14
0.153061 	93.3394 	2.3269e-06 	1.41276e-14
0.153315 	93.2303 	2.3269e-06 	1.41276e-14
0.15357 	93.1211 	2.3269e-06 	1.41276e-14
0.153824 	93.012 	2.3269e-06 	1.41276e-14
0.154078 	92.8966 	2.41441e-06 	1.39196e-14
0.154332 	92.7761 	2.41441e-06 	1.39196e-14
0.154587 	92.6556 	2.41441e-06 	1.39196e-14
0.154841 	92.5351 	2.41441e-06 	1.39196e-14
0.155095 	92.4146 	2.41441e-06 	1.39196e-14
0.155349 	92.2941 	2.41441e-06 	1.39196e-14
0.155604 	92.1736 	2.41441e-06 	1.39196e-14
0.155858 	92.0531 	2.41441e-06 	1.39197e-14
0.156112 	91.9326 	2.41441e-06 	1.39197e-14
0.156366 	91.8121 	2.41441e-06 	1.39197e-14
0.156621 	91.6873 	2.49019e-06 	1.37056e-14
0.156875 	91.5572 	2.49019e-06 	1.37056e-14
0.157129 	91.4272 	2.49019e-06 	1.37056e-14
0.157383 	91.2972 	2.49019e-06 	1.37056e-14
0.157638 	91.1672 	2.49019e-06 	1.37056e-14
0.157892 	91.0372 	2.49019e-06 	1.37056e-14
0.158146 	90.9071 	2.49019e-06 	1.37056e-14
0.1584 	90.7771 	2.49019e-06 	1.37057e-14
0.158655 	90.6471 	2.49019e-06 	1.37057e-14
0.158909 	90.5171 	2.49019e-06 	1.37057e-14
0.159163 	90.3843 	2.55207e-06 	1.35308e-14
0.159417 	90.2466 	2.55207e-06 	1.35308e-14
0.159672 	90.109 	2.55207e-06 	1.35309e-14
0.159926 	89.9713 	2.55207e-06 	1.35309e-14
0.16018 	89.8337 	2.55207e-06 	1.35309e-14
0.160434 	89.696 	2.55207e-06 	1.35309e-14
0.160689 	89.5584 	2.55207e-06 	1.35309e-14
0.160943 	89.4207 	2.55207e-06 	1.35309e-14
0.161197 	89.2831 	2.55207e-06 	1.35309e-14
0.161451 	89.1454 	2.55207e-06 	1.35309e-14
0.161706 	89.0062 	2.59937e-06 	1.33759e-14
0.16196 	88.8628 	2.59937e-06 	1.33759e-14
0.162214 	88.7194 	2.59937e-06 	1.33759e-14
0.162468 	88.576 	2.59937e-06 	1.33759e-14
0.162723 	88.4326 	2.59937e-06 	1.33759e-14
0.162977 	88.2892 	2.59937e-06 	1.33759e-14
0.163231 	88.1458 	2.59937e-06 	1.33759e-14
0.163485 	88.0024 	2.59937e-06 	1.33759e-14
0.16374 	87.859 	2.59937e-06 	1.33759e-14
0.163994 	87.7156 	2.59937e-06 	1.33759e-14
0.164248 	87.5714 	2.63246e-06 	1.31416e-14
0.164503 	87.4241 	2.63246e-06 	1.31416e-14
0.164757 	87.2768 	2.63246e-06 	1.31416e-14
0.165011 	87.1294 	2.63246e-06 	1.31416e-14
0.165265 	86.9821 	2.63246e-06 	1.31416e-14
0.16552 	86.8347 	2.63246e-06 	1.31416e-14
0.165774 	86.6874 	2.63246e-06 	1.31417e-14
0.166028 	86.54 	2.63246e-06 	1.31417e-14
0.166282 	86.3927 	2.63246e-06 	1.31417e-14
0.166537 	86.2453 	2.63246e-06 	1.31417e-14
0.166791 	86.0978 	2.65222e-06 	1.29148e-14
0.167045 	85.9482 	2.65222e-06 	1.29148e-14
0.167299 	85.7986 	2.65222e-06 	1.29148e-14
0.167554 	85.649 	2.65222e-06 	1.29148e-14
0.167808 	85.4994 	2.65222e-06 	1.29148e-14
0.168062 	85.3498 	2.65222e-06 	1.29148e-14
0.168316 	85.2002 	2.65222e-06 	1.29148e-14
0.168571 	85.0506 	2.65222e-06 	1.29149e-14
0.168825 	84.901 	2.65222e-06 	1.29149e-14
0.169079 	84.7514 	2.65222e-06 	1.29149e-14
0.169333 	84.6018 	2.01291e-06 	2.59643e-17
0.169588 	84.4514 	2.65943e-06 	1.27426e-14
0.169842 	84.301 	2.65943e-06 	1.27426e-14
0.170096 	84.1507 	2.65943e-06 	1.27426e-14
0.17035 	84.0003 	2.65943e-06 	1.27427e-14
0.170605 	83.85 	2.65943e-06 	1.27427e-14
0.170859 	83.6996 	2.65943e-06 	1.27427e-14
0.171113 	83.5493 	2.65943e-06 	1.27427e-14
0.171367 	83.3989 	2.65943e-06 	1.27427e-14
0.171622 	83.2485 	2.65943e-06 	1.27427e-14
0.171876 	83.0982 	2.65943e-06 	1.27427e-14
0.17213 	82.9483 	2.65507e-06 	1.25103e-14
0.172384 	82.7985 	2.65507e-06 	1.25103e-14
0.172639 	82.6488 	2.65507e-06 	1.25103e-14
0.172893 	82.499 	2.65507e-06 	1.25103e-14
0.173147 	82.3492 	2.65507e-06 	1.25103e-14
0.173401 	82.1994 	2.65507e-06 	1.25103e-14
0.173656 	82.0496 	2.65507e-06 	1.25104e-14
0.17391 	81.8998 	2.65507e-06 	1.25104e-14
0.174164 	81.75 	2.65507e-06 	1.25104e-14
0.174418 	81.6002 	2.65507e-06 	1.25104e-14
0.174673 	81.4517 	2.63975e-06 	1.23291e-14
0.174927 	81.3036 	2.63975e-06 	1.23291e-14
0.175181 	81.1555 	2.63975e-06 	1.23291e-14
0.175435 	81.0074 	2.63975e-06 	1.23291e-14
0.17569 	80.8592 	2.63975e-06 	1.23291e-14
0.175944 	80.7111 	2.63975e-06 	1.23291e-14
0.176198 	80.563 	2.63975e-06 	1.23291e-14
0.176452 	80.4148 	2.63975e-06 	1.23292e-14
0.176707 	80.2667 	2.63975e-06 	1.23292e-14
0.176961 	80.1186 	2.63975e-06 	1.23292e-14
0.177215 	79.9723 	2.6148e-06 	1.21418e-14
0.177469 	79.8268 	2.6148e-06 	1.21418e-14
0.177724 	79.6812 	2.6148e-06 	1.21418e-14
0.177978 	79.5357 	2.6148e-06 	1.21419e-14
0.178232 	79.3901 	2.6148e-06 	1.21419e-14
0.178486 	79.2446 	2.6148e-06 	1.21419e-14
0.178741 	79.099 	2.6148e-06 	1.21419e-14
0.178995 	78.9535 	2.6148e-06 	1.21419e-14
0.179249 	78.8079 	2.6148e-06 	1.21419e-14
0.179504 	78.6624 	2.6148e-06 	1.21419e-14
0.179758 	78.5189 	2.58053e-06 	1.19106e-14
0.180012 	78.3767 	2.58053e-06 	1.19106e-14
0.180266 	78.2344 	2.58053e-06 	1.19106e-14
0.180521 	78.0922 	2.58053e-06 	1.19106e-14
0.180775 	77.9499 	2.58053e-06 	1.19106e-14
0.181029 	77.8077 	2.58053e-06 	1.19106e-14
0.181283 	77.6654 	2.58053e-06 	1.19106e-14
0.181538 	77.5232 	2.58053e-06 	1.19106e-14
0.181792 	77.3809 	2.58053e-06 	1.19107e-14
0.182046 	77.2387 	2.58053e-06 	1.19107e-14
0.1823 	77.0986 	2.53706e-06 	1.16924e-14
0.182555 	76.9602 	2.53706e-06 	1.16924e-14
0.182809 	76.8218 	2.53706e-06 	1.16924e-14
0.183063 	76.6835 	2.53706e-06 	1.16924e-14
0.183317 	76.5451 	2.53706e-06 	1.16924e-14
0.183572 	76.4068 	2.53706e-06 	1.16924e-14
0.183826 	76.2684 	2.53706e-06 	1.16924e-14
0.18408 	76.13 	2.53706e-06 	1.16925e-14
0.184334 	75.9917 	2.53706e-06 	1.16925e-14
0.184589 	75.8533 	2.53706e-06 	1.16925e-14
0.184843 	75.7169 	2.48532e-06 	1.14768e-14
0.185097 	75.5829 	2.48532e-06 	1.14768e-14
0.185351 	75.4489 	2.48532e-06 	1.14769e-14
0.185606 	75.3149 	2.48532e-06 	1.14769e-14
0.18586 	75.1808 	2.48532e-06 	1.14769e-14
0.186114 	75.0468 	2.48532e-06 	1.14769e-14
0.186368 	74.9128 	2.48532e-06 	1.14769e-14
0.186623 	74.7787 	2.48532e-06 	1.14769e-14
0.186877 	74.6447 	2.48532e-06 	1.14769e-14
0.187131 	74.5107 	2.48532e-06 	1.14769e-14
0.187385 	74.3784 	2.4236e-06 	1.1228e-14
0.18764 	74.249 	2.4236e-06 	1.1228e-14
0.187894 	74.1196 	2.4236e-06 	1.1228e-14
0.188148 	73.9903 	2.4236e-06 	1.1228e-14
0.188402 	73.8609 	2.4236e-06 	1.1228e-14
0.188657 	73.7316 	2.4236e-06 	1.12281e-14
0.188911 	73.6022 	2.4236e-06 	1.12281e-14
0.189165 	73.4728 	2.4236e-06 	1.12281e-14
0.189419 	73.3435 	2.4236e-06 	1.12281e-14
0.189674 	73.2141 	2.4236e-06 	1.12281e-14
0.189928 	73.0861 	2.35246e-06 	1.10187e-14
0.190182 	72.9617 	2.35246e-06 	1.10187e-14
0.190436 	72.8373 	2.35246e-06 	1.10187e-14
0.190691 	72.7128 	2.35246e-06 	1.10187e-14
0.190945 	72.5884 	2.35246e-06 	1.10187e-14
0.191199 	72.464 	2.35246e-06 	1.10187e-14
0.191453 	72.3395 	2.35246e-06 	1.10187e-14
0.191708 	72.2151 	2.35246e-06 	1.10187e-14
0.191962 	72.0907 	2.35246e-06 	1.10187e-14
0.192216 	71.9662 	2.35246e-06 	1.10187e-14
0.19247 	71.8427 	2.27063e-06 	1.07747e-14
0.192725 	71.7234 	2.27063e-06 	1.07747e-14
0.192979 	71.604 	2.27063e-06 	1.07747e-14
0.193233 	71.4847 	2.27063e-06 	1.07747e-14
0.193487 	71.3654 	2.27063e-06 	1.07747e-14
0.193742 	71.246 	2.27063e-06 	1.07747e-14
0.193996 	71.1267 	2.27063e-06 	1.07747e-14
0.19425 	71.0073 	2.27063e-06 	1.07748e-14
0.194505 	70.888 	2.27063e-06 	1.07748e-14
0.194759 	70.7687 	2.27063e-06 	1.07748e-14
0.195013 	70.6498 	2.17628e-06 	1.06293e-14
0.195267 	70.5357 	2.17628e-06 	1.06293e-14
0.195522 	70.4215 	2.17628e-06 	1.06293e-14
0.195776 	70.3074 	2.17628e-06 	1.06293e-14
0.19603 	70.1933 	2.17628e-06 	1.06293e-14
0.196284 	70.0792 	2.17628e-06 	1.06294e-14
0.196539 	69.965 	2.17628e-06 	1.06294e-14
0.196793 	69.8509 	2.17628e-06 	1.06294e-14
0.197047 	69.7368 	2.17628e-06 	1.06294e-14
0.197301 	69.6226 	2.17628e-06 	1.06294e-14
0.197556 	69.5085 	1.65796e-06 	1.50699e-17
0.19781 	69.3996 	2.07833e-06 	1.04396e-14
0.198064 	69.2908 	2.07833e-06 	1.04396e-14
0.198318 	69.1819 	2.07833e-06 	1.04396e-14
0.198573 	69.0731 	2.07833e-06 	1.04396e-14
0.198827 	68.9642 	2.07833e-06 	1.04396e-14
0.199081 	68.8554 	2.07833e-06 	1.04396e-14
0.199335 	68.7465 	2.07833e-06 	1.04397e-14
0.19959 	68.6377 	2.07833e-06 	1.04397e-14
0.199844 	68.5288 	2.07833e-06 	1.04397e-14
0.200098 	68.42 	2.07833e-06 	1.04397e-14
0.200352 	68.316 	1.98257e-06 	1.02607e-14
0.200607 	68.2125 	1.98257e-06 	1.02607e-14
0.200861 	68.1089 	1.98257e-06 	1.02607e-14
0.201115 	68.0054 	1.98257e-06 	1.02607e-14
0.201369 	67.9019 	1.98257e-06 	1.02608e-14
0.201624 	67.7984 	1.98257e-06 	1.02608e-14
0.201878 	67.6949 	1.98257e-06 	1.02608e-14
0.202132 	67.5913 	1.98257e-06 	1.02608e-14
0.202386 	67.4878 	1.98257e-06 	1.02608e-14
0.202641 	67.3843 	1.98257e-06 	1.02608e-14
0.202895 	67.2851 	1.88811e-06 	1.00893e-14
0.203149 	67.187 	1.88811e-06 	1.00893e-14
0.203403 	67.0888 	1.88811e-06 	1.00893e-14
0.203658 	66.9906 	1.88811e-06 	1.00893e-14
0.203912 	66.8924 	1.88811e-06 	1.00893e-14
0.204166 	66.7943 	1.88811e-06 	1.00893e-14
0.20442 	66.6961 	1.88811e-06 	1.00893e-14
0.204675 	66.5979 	1.88811e-06 	1.00893e-14
0.204929 	66.4998 	1.88811e-06 	1.00893e-14
0.205183 	66.4016 	1.88811e-06 	1.00893e-14
0.205437 	66.3073 	1.78819e-06 	9.92675e-15
0.205692 	66.2144 	1.78819e-06 	9.92676e-15
0.205946 	66.1216 	1.78819e-06 	9.92676e-15
0.2062 	66.0288 	1.78819e-06 	9.92677e-15
0.206454 	65.9359 	1.78819e-06 	9.92678e-15
0.206709 	65.8431 	1.78819e-06 	9.92678e-15
0.206963 	65.7502 	1.78819e-06 	9.92679e-15
0.207217 	65.6574 	1.78819e-06 	9.92679e-15
0.207471 	65.5645 	1.78819e-06 	9.9268e-15
0.207726 	65.4717 	1.78819e-06 	9.92681e-15
0.20798 	65.3822 	1.68006e-06 	9.71813e-15
0.208234 	65.2947 	1.68006e-06 	9.71814e-15
0.208488 	65.2071 	1.68006e-06 	9.71814e-15
0.208743 	65.1196 	1.68006e-06 	9.71815e-15
0.208997 	65.032 	1.68006e-06 	9.71816e-15
0.209251 	64.9445 	1.68006e-06 	9.71816e-15
0.209506 	64.8569 	1.68006e-06 	9.71817e-15
0.20976 	64.7694 	1.68006e-06 	9.71817e-15
0.210014 	64.6819 	1.68006e-06 	9.71818e-15
0.210268 	64.5943 	1.68006e-06 	9.71818e-15
0.210523 	64.5096 	1.56754e-06 	9.62047e-15
0.210777 	64.4273 	1.56754e-06 	9.62047e-15
0.211031 	64.345 	1.56754e-06 	9.62048e-15
0.211285 	64.2627 	1.56754e-06 	9.62048e-15
0.21154 	64.1805 	1.56754e-06 	9.62049e-15
0.211794 	64.0982 	1.56754e-06 	9.62049e-15
0.212048 	64.0159 	1.56754e-06 	9.6205e-15
0.212302 	63.9336 	1.56754e-06 	9.6205e-15
0.212557 	63.8513 	1.56754e-06 	9.62051e-15
0.212811 	63.769 	1.56754e-06 	9.62052e-15
0.213065 	63.6891 	1.45296e-06 	9.49163e-15
0.213319 	63.612 	1.45296e-06 	9.49164e-15
0.213574 	63.5349 	1.45296e-06 	9.49164e-15
0.213828 	63.4578 	1.45296e-06 	9.49165e-15
0.214082 	63.3807 	1.45296e-06 	9.49165e-15
0.214336 	63.3036 	1.45296e-06 	9.49166e-15
0.214591 	63.2265 	1.45296e-06 	9.49166e-15
0.214845 	63.1494 	1.45296e-06 	9.49167e-15
0.215099 	63.0723 	1.45296e-06 	9.49167e-15
0.215353 	62.9952 	1.45296e-06 	9.49168e-15
0.215608 	62.92 	1.3378e-06 	9.42764e-15
0.215862 	62.8481 	1.3378e-06 	9.42764e-15
0.216116 	62.7761 	1.3378e-06 	9.42764e-15
0.21637 	62.7042 	1.3378e-06 	9.42765e-15
0.216625 	62.6322 	1.3378e-06 	9.42765e-15
0.216879 	62.5603 	1.3378e-06 	9.42766e-15
0.217133 	62.4883 	1.3378e-06 	9.42766e-15
0.217387 	62.4164 	1.3378e-06 	9.42767e-15
0.217642 	62.3444 	1.3378e-06 	9.42767e-15
0.217896 	62.2725 	1.3378e-06 	9.42768e-15
0.21815 	62.2019 	1.22283e-06 	9.2668e-15
0.218404 	62.1351 	1.22283e-06 	9.26681e-15
0.218659 	62.0682 	1.22283e-06 	9.26681e-15
0.218913 	62.0013 	1.22283e-06 	9.26681e-15
0.219167 	61.9345 	1.22283e-06 	9.26682e-15
0.219421 	61.8676 	1.22283e-06 	9.26682e-15
0.219676 	61.8007 	1.22283e-06 	9.26683e-15
0.21993 	61.7338 	1.22283e-06 	9.26683e-15
0.220184 	61.667 	1.22283e-06 	9.26684e-15
0.220438 	61.6001 	1.22283e-06 	9.26684e-15
0.220693 	61.5342 	1.10872e-06 	9.19888e-15
0.220947 	61.4723 	1.10872e-06 	9.19889e-15
0.221201 	61.4104 	1.10872e-06 	9.19889e-15
0.221455 	61.3486 	1.10872e-06 	9.19889e-15
0.22171 	61.2867 	1.10872e-06 	9.1989e-15
0.221964 	61.2249 	1.10872e-06 	9.1989e-15
0.222218 	61.163 	1.10872e-06 	9.19891e-15
0.222472 	61.1012 	1.10872e-06 	9.19891e-15
0.222727 	61.0393 	1.10872e-06 	9.19891e-15
0.222981 	60.9775 	1.10872e-06 	9.19892e-15
0.223235 	60.9161 	9.95565e-07 	9.05917e-15
0.223489 	60.8592 	9.95565e-07 	9.05917e-15
0.223744 	60.8022 	9.95565e-07 	9.05918e-15
0.223998 	60.7453 	9.95565e-07 	9.05918e-15
0.224252 	60.6884 	9.95565e-07 	9.05918e-15
0.224507 	60.6315 	9.95565e-07 	9.05919e-15
0.224761 	60.5746 	9.95565e-07 	9.05919e-15
0.225015 	60.5177 	9.95565e-07 	9.05919e-15
0.225269 	60.4608 	9.95565e-07 	9.0592e-15
0.225524 	60.4039 	9.95565e-07 	9.0592e-15
0.225778 	60.347 	8.95165e-07 	6.04482e-18
0.226032 	60.295 	8.83118e-07 	9.01797e-15
0.226286 	60.2429 	8.83118e-07 	9.01798e-15
0.226541 	60.1909 	8.83118e-07 	9.01798e-15
0.226795 	60.1389 	8.83118e-07 	9.01798e-15
0.227049 	60.0869 	8.83118e-07 	9.01799e-15
0.227303 	60.0348 	8.83118e-07 	9.01799e-15
0.227558 	59.9828 	8.83118e-07 	9.01799e-15
0.227812 	59.9308 	8.83118e-07 	9.018e-15
0.228066 	59.8787 	8.83118e-07 	9.018e-15
0.22832 	59.8267 	8.83118e-07 	9.018e-15
0.228575 	59.779 	7.71126e-07 	8.98035e-15
0.228829 	59.7318 	7.71126e-07 	8.98035e-15
0.229083 	59.6846 	7.71126e-07 	8.98036e-15
0.229337 	59.6374 	7.71126e-07 	8.98036e-15
0.229592 	59.5901 	7.71126e-07 	8.98036e-15
0.229846 	59.5429 	7.71126e-07 	8.98036e-15
0.2301 	59.4957 	7.71126e-07 	8.98037e-15
0.230354 	59.4484 	7.71126e-07 	8.98037e-15
0.230609 	59.4012 	7.71126e-07 	8.98037e-15
0.230863 	59.354 	7.71126e-07 	8.98038e-15
0.231117 	59.3106 	6.60649e-07 	8.90573e-15
0.231371 	59.2681 	6.60649e-07 	8.90573e-15
0.231626 	59.2255 	6.60649e-07 	8.90573e-15
0.23188 	59.183 	6.60649e-07 	8.90574e-15
0.232134 	59.1405 	6.60649e-07 	8.90574e-15
0.232388 	59.098 	6.60649e-07 	8.90574e-15
0.232643 	59.0554 	6.60649e-07 	8.90575e-15
0.232897 	59.0129 	6.60649e-07 	8.90575e-15
0.233151 	58.9704 	6.60649e-07 	8.90575e-15
0.233405 	58.9279 	6.60649e-07 	8.90575e-15
0.23366 	58.8887 	5.54644e-07 	8.84285e-15
0.233914 	58.8508 	5.54644e-07 	8.84285e-15
0.234168 	58.8128 	5.54644e-07 	8.84285e-15
0.234422 	58.7749 	5.54644e-07 	8.84285e-15
0.234677 	58.737 	5.54644e-07 	8.84286e-15
0.234931 	58.6991 	5.54644e-07 	8.84286e-15
0.235185 	58.6612 	5.54644e-07 	8.84286e-15
0.235439 	58.6233 	5.54644e-07 	8.84286e-15
0.235694 	58.5853 	5.54644e-07 	8.84287e-15
0.235948 	58.5474 	5.54644e-07 	8.84287e-15
0.236202 	58.5124 	4.54731e-07 	8.78802e-15
0.236456 	58.4789 	4.54731e-07 	8.78802e-15
0.236711 	58.4455 	4.54731e-07 	8.78802e-15
0.236965 	58.4121 	4.54731e-07 	8.78802e-15
0.237219 	58.3786 	4.54731e-07 	8.78803e-15
0.237473 	58.3452 	4.54731e-07 	8.78803e-15
0.237728 	58.3118 	4.54731e-07 	8.78803e-15
0.237982 	58.2783 	4.54731e-07 	8.78803e-15
0.238236 	58.2449 	4.54731e-07 	8.78803e-15
0.23849 	58.2115 	4.54731e-07 	8.78804e-15
0.238745 	58.1804 	3.66263e-07 	8.74059e-15
0.238999 	58.1513 	3.66263e-07 	8.74059e-15
0.239253 	58.1222 	3.66263e-07 	8.74059e-15
0.239508 	58.0931 	3.66263e-07 	8.74059e-15
0.239762 	58.064 	3.66263e-07 	8.7406e-15
0.240016 	58.0349 	3.66263e-07 	8.7406e-15
0.24027 	58.0058 	3.66263e-07 	8.7406e-15
0.240525 	57.9767 	3.66263e-07 	8.7406e-15
0.240779 	57.9476 	3.66263e-07 	8.7406e-15
0.241033 	57.9185 	3.66263e-07 	8.74061e-15
0.241287 	57.8913 	2.8926e-07 	8.64194e-15
0.241542 	57.8663 	2.8926e-07 	8.64194e-15
0.241796 	57.8413 	2.8926e-07 	8.64194e-15
0.24205 	57.8163 	2.8926e-07 	8.64194e-15
0.242304 	57.7914 	2.8926e-07 	8.64194e-15
0.242559 	57.7664 	2.8926e-07 	8.64195e-15
0.242813 	57.7414 	2.8926e-07 	8.64195e-15
0.243067 	57.7164 	2.8926e-07 	8.64195e-15
0.243321 	57.6915 	2.8926e-07 	8.64195e-15
0.243576 	57.6665 	2.8926e-07 	8.64195e-15
0.24383 	57.6429 	2.20973e-07 	8.61024e-15
0.244084 	57.6218 	2.20973e-07 	8.61024e-15
0.244338 	57.6006 	2.20973e-07 	8.61024e-15
0.244593 	57.5795 	2.20973e-07 	8.61024e-15
0.244847 	57.5583 	2.20973e-07 	8.61024e-15
0.245101 	57.5372 	2.20973e-07 	8.61025e-15
0.245355 	57.5161 	2.20973e-07 	8.61025e-15
0.24561 	57.4949 	2.20973e-07 	8.61025e-15
0.245864 	57.4738 	2.20973e-07 	8.61025e-15
0.246118 	57.4526 	2.20973e-07 	8.61025e-15
0.246372 	57.4324 	1.6219e-07 	8.64189e-15
0.246627 	57.4148 	1.6219e-07 	8.64189e-15
0.246881 	57.3971 	1.6219e-07 	8.64189e-15
0.247135 	57.3794 	1.6219e-07 	8.64189e-15
0.247389 	57.3618 	1.6219e-07 	8.64189e-15
0.247644 	57.3441 	1.6219e-07 	8.6419e-15
0.247898 	57.3265 	1.6219e-07 	8.6419e-15
0.248152 	57.3088 	1.6219e-07 	8.6419e-15
0.248406 	57.2911 	1.6219e-07 	8.6419e-15
0.248661 	57.2735 	1.6219e-07 	8.6419e-15
0.248915 	57.2551 	1.1508e-07 	8.61634e-15
0.249169 	57.2339 	1.1508e-07 	8.61634e-15
0.249423 	57.2126 	1.1508e-07 	8.61634e-15
0.249678 	57.1913 	1.1508e-07 	8.61634e-15
0.249932 	57.1701 	1.1508e-07 	8.61634e-15
0.250186 	57.1488 	1.1508e-07 	8.61635e-15
0.25044 	57.1275 	1.1508e-07 	8.61635e-15
0.250695 	57.1062 	1.1508e-07 	8.61635e-15
0.250949 	57.085 	1.1508e-07 	8.61635e-15
0.251203 	57.0637 	1.1508e-07 	8.61635e-15
0.251457 	57.0432 	8.24372e-08 	8.59971e-15
0.251712 	57.0299 	8.24372e-08 	8.59971e-15
0.251966 	57.0166 	8.24372e-08 	8.59971e-15
0.25222 	57.0034 	8.24372e-08 	8.59971e-15
0.252474 	56.9901 	8.24372e-08 	8.59971e-15
0.252729 	56.9769 	8.24372e-08 	8.59971e-15
0.252983 	56.9636 	8.24372e-08 	8.59971e-15
0.253237 	56.9503 	8.24372e-08 	8.59971e-15
0.253491 	56.9371 	8.24372e-08 	8.59971e-15
0.253746 	56.9238 	8.24372e-08 	8.59971e-15
0.254 	56.9105 	1.92565e-07 	4.68875e-18
