0 	31.937 	-0.0273811 	7.7656e-13
0.000254254 	31.9371 	-0.0273869 	1.57727e-10
0.000508509 	31.9371 	-0.0273927 	3.14677e-10
0.000762763 	31.9403 	-0.0275593 	-7.16311e-06
0.00101702 	31.9461 	-0.0278475 	-1.9745e-05
0.00127127 	31.9519 	-0.0281356 	-3.23268e-05
0.00152553 	31.9576 	-0.0284238 	-2.0912e-05
0.00177978 	31.9634 	-0.028712 	-8.34031e-06
0.00203403 	31.9711 	-0.0290304 	3.28442e-10
0.00228829 	31.9827 	-0.0294087 	1.71411e-10
0.00254254 	31.9942 	-0.0297869 	1.43814e-11
0.0027968 	32.0058 	-0.0295558 	1.42776e-10
0.00305105 	32.0174 	-0.0292633 	2.99946e-10
0.00330531 	32.0302 	-0.0292114 	-4.31008e-06
0.00355956 	32.0444 	-0.0294156 	-1.32063e-05
0.00381381 	32.0586 	-0.0296197 	-2.21025e-05
0.00406807 	32.0727 	-0.0298239 	-1.56726e-05
0.00432232 	32.0869 	-0.0300281 	-6.79248e-06
0.00457658 	32.1017 	-0.0303167 	3.42919e-10
0.00483083 	32.1185 	-0.0308804 	1.85844e-10
0.00508509 	32.1353 	-0.0314441 	2.87694e-11
0.00533934 	32.1522 	-0.0313872 	1.28969e-10
0.00559359 	32.1692 	-0.0311912 	2.86855e-10
0.00584785 	32.1863 	-0.0312492 	-7.60548e-06
0.0061021 	32.2035 	-0.0316782 	-2.63188e-05
0.00635636 	32.2208 	-0.0321073 	-4.50321e-05
0.00661061 	32.2381 	-0.0325363 	-3.49599e-05
0.00686486 	32.2553 	-0.0329654 	-1.63031e-05
0.00711912 	32.2726 	-0.033437 	3.58784e-10
0.00737337 	32.2902 	-0.0342031 	2.01056e-10
0.00762763 	32.3078 	-0.0349693 	4.33289e-11
0.00788188 	32.3256 	-0.0350842 	1.14817e-10
0.00813614 	32.3435 	-0.0349525 	2.73122e-10
0.00839039 	32.3615 	-0.0350741 	-9.12495e-06
0.00864464 	32.3798 	-0.0356965 	-3.62793e-05
0.0088989 	32.3981 	-0.0363188 	-6.34337e-05
0.00915315 	32.4164 	-0.0369412 	-5.38231e-05
0.00940741 	32.4347 	-0.0375635 	-2.67835e-05
0.00966166 	32.453 	-0.0381891 	3.74055e-10
0.00991592 	32.4718 	-0.0391476 	2.15974e-10
0.0101702 	32.4905 	-0.0401061 	5.78929e-11
0.0104244 	32.5095 	-0.0403816 	1.01e-10
0.0106787 	32.5286 	-0.0402625 	2.60362e-10
0.0109329 	32.548 	-0.0403858 	-9.15885e-06
0.0111872 	32.5682 	-0.0411536 	-4.26624e-05
0.0114414 	32.5883 	-0.0419215 	-7.6166e-05
0.0116957 	32.6085 	-0.0426893 	-7.04759e-05
0.0119499 	32.6286 	-0.0434571 	-3.71542e-05
0.0122042 	32.6488 	-0.044225 	-3.83252e-06
0.0124585 	32.6699 	-0.0453208 	2.3188e-10
0.0127127 	32.6911 	-0.0464592 	7.28066e-11
0.012967 	32.7125 	-0.0468991 	8.708e-11
0.0132212 	32.7341 	-0.0467492 	2.47653e-10
0.0134755 	32.756 	-0.0468229 	-8.31993e-06
0.0137297 	32.7791 	-0.047696 	-4.64082e-05
0.013984 	32.8022 	-0.0485691 	-8.44964e-05
0.0142382 	32.8253 	-0.0494422 	-8.50309e-05
0.0144925 	32.8484 	-0.0503153 	-4.7195e-05
0.0147467 	32.8715 	-0.0511884 	-9.35911e-06
0.015001 	32.8957 	-0.0523885 	2.48195e-10
0.0152553 	32.9202 	-0.0536961 	8.79769e-11
0.0155095 	32.945 	-0.0543185 	7.2691e-11
0.0157638 	32.97 	-0.0541065 	2.33907e-10
0.016018 	32.9953 	-0.0540933 	-7.08745e-06
0.0162723 	33.022 	-0.0550423 	-4.84663e-05
0.0165265 	33.0487 	-0.0559913 	-8.98452e-05
0.0167808 	33.0754 	-0.0569403 	-9.80251e-05
0.017035 	33.1021 	-0.0578892 	-5.69696e-05
0.0172893 	33.1289 	-0.0588382 	-1.59142e-05
0.0175435 	33.1566 	-0.0601054 	2.63776e-10
0.0177978 	33.185 	-0.0615739 	1.02982e-10
0.0180521 	33.2136 	-0.062408 	5.82791e-11
0.0183063 	33.2425 	-0.0621121 	2.2037e-10
0.0185606 	33.2716 	-0.0619878 	-5.77967e-06
0.0188148 	33.3023 	-0.0629931 	-4.95838e-05
0.0190691 	33.333 	-0.0639984 	-9.33879e-05
0.0193233 	33.3637 	-0.0650036 	-0.000110082
0.0195776 	33.3944 	-0.0660089 	-6.66725e-05
0.0198318 	33.4251 	-0.0670142 	-2.32627e-05
0.0200861 	33.4567 	-0.068307 	2.79851e-10
0.0203403 	33.4892 	-0.0699319 	1.18248e-10
0.0205946 	33.5218 	-0.071015 	4.37488e-11
0.0208488 	33.5549 	-0.0706206 	2.06822e-10
0.0211031 	33.5881 	-0.0703713 	-4.59256e-06
0.0213574 	33.623 	-0.0714212 	-5.03011e-05
0.0216116 	33.658 	-0.0724711 	-9.60096e-05
0.0218659 	33.6929 	-0.0735211 	-0.000121805
0.0221201 	33.7279 	-0.074571 	-7.65613e-05
0.0223744 	33.7628 	-0.0756209 	-3.1318e-05
0.0226286 	33.7983 	-0.0768954 	2.96254e-10
0.0228829 	33.8352 	-0.0786749 	1.33736e-10
0.0231371 	33.8721 	-0.0800502 	2.90734e-11
0.0233914 	33.9094 	-0.0795475 	1.93239e-10
0.0236456 	33.947 	-0.0791672 	-3.64287e-06
0.0238999 	33.9863 	-0.080256 	-5.09932e-05
0.0241542 	34.0257 	-0.0813448 	-9.83435e-05
0.0244084 	34.0651 	-0.0824336 	-0.000133731
0.0246627 	34.1044 	-0.0835224 	-8.69176e-05
0.0249169 	34.1438 	-0.0846112 	-4.01046e-05
0.0251712 	34.1834 	-0.0858214 	3.13018e-10
0.0254254 	34.2247 	-0.0877574 	1.49475e-10
0.0256797 	34.2661 	-0.0894733 	1.42252e-11
0.0259339 	34.308 	-0.0888509 	1.79605e-10
0.0261882 	34.35 	-0.088336 	-3.00552e-06
0.0264424 	34.394 	-0.0894632 	-5.19656e-05
0.0266967 	34.4379 	-0.0905904 	-0.000100926
0.026951 	34.4819 	-0.0917177 	-0.000146466
0.0272052 	34.5259 	-0.0928449 	-9.81183e-05
0.0274595 	34.5698 	-0.0939721 	-4.97707e-05
0.0277137 	34.6138 	-0.0950993 	-1.42307e-06
0.027968 	34.6597 	-0.0971732 	1.65504e-10
0.0282222 	34.7057 	-0.0992757 	8.16636e-13
0.0284765 	34.7523 	-0.0985164 	1.65894e-10
0.0287307 	34.799 	-0.0978475 	-2.72996e-06
0.028985 	34.8477 	-0.0990154 	-5.3375e-05
0.0292392 	34.8965 	-0.100183 	-0.00010402
0.0294935 	34.9452 	-0.101351 	-0.000154665
0.0297477 	34.994 	-0.102519 	-0.000110423
0.030002 	35.0427 	-0.103687 	-6.04694e-05
0.0302563 	35.0915 	-0.104855 	-1.0516e-05
0.0305105 	35.1419 	-0.106919 	1.81861e-10
0.0307648 	35.1927 	-0.109222 	1.59018e-11
0.031019 	35.2441 	-0.108547 	1.52799e-10
0.0312733 	35.2957 	-0.107677 	-2.85307e-06
0.0315275 	35.3494 	-0.108886 	-5.51468e-05
0.0317818 	35.4031 	-0.110094 	-0.000107441
0.032036 	35.4568 	-0.111303 	-0.000159734
0.0322903 	35.5105 	-0.112512 	-0.000123651
0.0325445 	35.5642 	-0.113721 	-7.21305e-05
0.0327988 	35.6179 	-0.114929 	-2.06104e-05
0.0330531 	35.6729 	-0.116953 	1.99523e-10
0.0333073 	35.7288 	-0.119519 	3.13694e-11
0.0335616 	35.7852 	-0.118989 	1.38148e-10
0.0338158 	35.8419 	-0.117906 	-3.41273e-06
0.0340701 	35.9007 	-0.119153 	-5.72167e-05
0.0343243 	35.9596 	-0.1204 	-0.000111021
0.0345786 	36.0184 	-0.121647 	-0.000164825
0.0348328 	36.0773 	-0.122894 	-0.000137564
0.0350871 	36.1361 	-0.124142 	-8.46169e-05
0.0353413 	36.195 	-0.125389 	-3.16694e-05
0.0355956 	36.2547 	-0.127284 	2.15742e-10
0.0358498 	36.3159 	-0.130144 	4.68181e-11
0.0361041 	36.3774 	-0.129848 	1.24478e-10
0.0363584 	36.4394 	-0.128567 	-4.44855e-06
0.0366126 	36.5036 	-0.129851 	-5.96456e-05
0.0368669 	36.5678 	-0.131134 	-0.000114843
0.0371211 	36.632 	-0.132418 	-0.00017004
0.0373754 	36.6961 	-0.133702 	-0.000152184
0.0376296 	36.7603 	-0.134985 	-9.79265e-05
0.0378839 	36.8245 	-0.136269 	-4.36692e-05
0.0381381 	36.8892 	-0.137919 	2.34167e-10
0.0383924 	36.9557 	-0.141083 	6.29434e-11
0.0386466 	37.0227 	-0.141136 	1.10367e-10
0.0389009 	37.0902 	-0.139707 	-5.9953e-06
0.0391552 	37.1599 	-0.141025 	-6.24831e-05
0.0394094 	37.2296 	-0.142343 	-0.000118971
0.0396637 	37.2994 	-0.14366 	-0.000175459
0.0399179 	37.3691 	-0.144978 	-0.000167522
0.0401722 	37.4389 	-0.146296 	-0.000112057
0.0404264 	37.5086 	-0.147614 	-5.65926e-05
0.0406807 	37.5783 	-0.148931 	-1.12808e-06
0.0409349 	37.6505 	-0.152337 	7.94339e-11
0.0411892 	37.723 	-0.152834 	9.61672e-11
0.0414434 	37.7963 	-0.151307 	-8.08854e-06
0.0416977 	37.8718 	-0.152658 	-6.58168e-05
0.041952 	37.9473 	-0.154009 	-0.000123545
0.0422062 	38.0228 	-0.15536 	-0.000181273
0.0424605 	38.0983 	-0.156711 	-0.000183717
0.0427147 	38.1738 	-0.158062 	-0.000127096
0.042969 	38.2493 	-0.159413 	-7.04751e-05
0.0432232 	38.3248 	-0.160765 	-1.38542e-05
0.0434775 	38.4022 	-0.163908 	9.66124e-11
0.0437317 	38.4806 	-0.16494 	8.11353e-11
0.043986 	38.5599 	-0.163366 	-1.07668e-05
0.0442402 	38.6414 	-0.16475 	-6.9731e-05
0.0444945 	38.7229 	-0.166135 	-0.000128695
0.0447487 	38.8044 	-0.16752 	-0.000187659
0.045003 	38.8859 	-0.168904 	-0.000200926
0.0452573 	38.9674 	-0.170289 	-0.000143155
0.0455115 	39.0489 	-0.171674 	-8.53833e-05
0.0457658 	39.1304 	-0.173058 	-2.76118e-05
0.04602 	39.2132 	-0.175806 	1.13795e-10
0.0462743 	39.2976 	-0.177462 	6.56612e-11
0.0465285 	39.3832 	-0.175898 	-1.40562e-05
0.0467828 	39.4709 	-0.177316 	-7.42131e-05
0.047037 	39.5586 	-0.178733 	-0.00013437
0.0472913 	39.6464 	-0.180151 	-0.000194527
0.0475455 	39.7341 	-0.181568 	-0.000219042
0.0477998 	39.8218 	-0.182986 	-0.000160163
0.0480541 	39.9096 	-0.184403 	-0.000101284
0.0483083 	39.9973 	-0.185821 	-4.24051e-05
0.0485626 	40.0858 	-0.188035 	1.3115e-10
0.0488168 	40.1764 	-0.190403 	4.97979e-11
0.0490711 	40.2686 	-0.188912 	-1.79682e-05
0.0493253 	40.3628 	-0.190361 	-7.92237e-05
0.0495796 	40.457 	-0.191809 	-0.000140479
0.0498338 	40.5512 	-0.193258 	-0.000201735
0.0500881 	40.6454 	-0.194706 	-0.000237869
0.0503423 	40.7396 	-0.196155 	-0.000177975
0.0505966 	40.8338 	-0.197603 	-0.000118081
0.0508509 	40.928 	-0.199052 	-5.81876e-05
0.0511051 	41.0223 	-0.200588 	1.48581e-10
0.0513594 	41.1195 	-0.203757 	3.38537e-11
0.0516136 	41.2185 	-0.202405 	-2.24923e-05
0.0518679 	41.3194 	-0.203881 	-8.46868e-05
0.0521221 	41.4203 	-0.205358 	-0.000146881
0.0523764 	41.5213 	-0.206834 	-0.000209076
0.0526306 	41.6222 	-0.20831 	-0.000257098
0.0528849 	41.7231 	-0.209786 	-0.000196346
0.0531391 	41.8241 	-0.211263 	-0.000135593
0.0533934 	41.925 	-0.212739 	-7.48404e-05
0.0536476 	42.0259 	-0.214215 	-1.40878e-05
0.0539019 	42.1292 	-0.217503 	1.74245e-11
0.0541562 	42.2353 	-0.216362 	-2.75861e-05
0.0544104 	42.3433 	-0.217861 	-9.04822e-05
0.0546647 	42.4512 	-0.21936 	-0.000153378
0.0549189 	42.5591 	-0.220858 	-0.000216275
0.0551732 	42.667 	-0.222357 	-0.000276294
0.0554274 	42.7749 	-0.223856 	-0.000214913
0.0556817 	42.8828 	-0.225355 	-0.000153532
0.0559359 	42.9908 	-0.226854 	-9.21519e-05
0.0561902 	43.0987 	-0.228353 	-3.07712e-05
0.0564444 	43.2081 	-0.231603 	6.40724e-13
0.0566987 	43.3217 	-0.230748 	-3.31709e-05
0.056953 	43.4369 	-0.232263 	-9.64544e-05
0.0572072 	43.552 	-0.233778 	-0.000159738
0.0574615 	43.6672 	-0.235293 	-0.000223021
0.0577157 	43.7824 	-0.236808 	-0.000286305
0.05797 	43.8975 	-0.238323 	-0.000233225
0.0582242 	44.0127 	-0.239837 	-0.000171521
0.0584785 	44.1278 	-0.241352 	-0.000109817
0.0587327 	44.243 	-0.242867 	-4.81136e-05
0.058987 	44.3588 	-0.245224 	1.62557e-11
0.0592412 	44.4801 	-0.245518 	-3.92224e-05
0.0594955 	44.6028 	-0.247044 	-0.00010266
0.0597497 	44.7255 	-0.24857 	-0.000166098
0.060004 	44.8481 	-0.250096 	-0.000229536
0.0602583 	44.9708 	-0.251622 	-0.000292974
0.0605125 	45.0934 	-0.253148 	-0.000251356
0.0607668 	45.2161 	-0.254674 	-0.000189553
0.061021 	45.3387 	-0.2562 	-0.000127751
0.0612753 	45.4614 	-0.257726 	-6.59484e-05
0.0615295 	45.5841 	-0.259252 	-4.14599e-06
0.0617838 	45.7131 	-0.260646 	-4.57399e-05
0.062038 	45.8435 	-0.262181 	-0.000109194
0.0622923 	45.9739 	-0.263715 	-0.000172647
0.0625465 	46.1043 	-0.265249 	-0.000236101
0.0628008 	46.2347 	-0.266783 	-0.000299554
0.0630551 	46.365 	-0.268221 	-0.000268421
0.0633093 	46.4953 	-0.269574 	-0.000204608
0.0635636 	46.6256 	-0.270928 	-0.000140795
0.0638178 	46.7559 	-0.272281 	-7.69821e-05
0.0640721 	46.8862 	-0.273634 	-1.31689e-05
0.0643263 	47.0223 	-0.27506 	-4.14877e-05
0.0645806 	47.1605 	-0.276406 	-0.000102793
0.0648348 	47.2988 	-0.277752 	-0.000164098
0.0650891 	47.4371 	-0.279098 	-0.000225404
0.0653433 	47.5753 	-0.280444 	-0.000286709
0.0655976 	47.7136 	-0.28179 	-0.000265723
0.0658519 	47.8518 	-0.283136 	-0.000202002
0.0661061 	47.9901 	-0.284483 	-0.000138281
0.0663604 	48.1283 	-0.285829 	-7.45602e-05
0.0666146 	48.2666 	-0.287175 	-1.08393e-05
0.0668689 	48.4101 	-0.288769 	-2.83013e-05
0.0671231 	48.5565 	-0.29012 	-8.99653e-05
0.0673774 	48.703 	-0.291471 	-0.000151629
0.0676316 	48.8494 	-0.292822 	-0.000213293
0.0678859 	48.9959 	-0.294173 	-0.000274957
0.0681401 	49.1423 	-0.295524 	-0.000264888
0.0683944 	49.2888 	-0.296875 	-0.000200737
0.0686486 	49.4352 	-0.298226 	-0.000136586
0.0689029 	49.5817 	-0.299577 	-7.24346e-05
0.0691572 	49.7281 	-0.300927 	-8.2836e-06
0.0694114 	49.8792 	-0.302737 	-1.4652e-05
0.0696657 	50.0341 	-0.304093 	-7.66363e-05
0.0699199 	50.189 	-0.30545 	-0.000138621
0.0701742 	50.3438 	-0.306806 	-0.000200605
0.0704284 	50.4987 	-0.308162 	-0.000262589
0.0706827 	50.6536 	-0.309519 	-0.000263537
0.0709369 	50.8085 	-0.310875 	-0.000199003
0.0711912 	50.9633 	-0.312231 	-0.000134469
0.0714454 	51.1182 	-0.313588 	-6.99343e-05
0.0716997 	51.2731 	-0.314944 	-5.40002e-06
0.071954 	51.432 	-0.317013 	-5.61443e-07
0.0722082 	51.5954 	-0.318338 	-6.12089e-05
0.0724625 	51.7589 	-0.319664 	-0.000121856
0.0727167 	51.9224 	-0.320989 	-0.000182504
0.072971 	52.0859 	-0.322315 	-0.000243151
0.0732252 	52.2494 	-0.32364 	-0.000254885
0.0734795 	52.4129 	-0.324966 	-0.000191702
0.0737337 	52.5763 	-0.326291 	-0.000128519
0.073988 	52.7398 	-0.327617 	-6.53355e-05
0.0742422 	52.9033 	-0.328943 	-2.15227e-06
0.0744965 	53.0709 	-0.331144 	6.29016e-05
0.0747508 	53.2423 	-0.332521 	-4.44985e-05
0.075005 	53.4145 	-0.333769 	-0.000101702
0.0752593 	53.5867 	-0.335017 	-0.000158905
0.0755135 	53.7589 	-0.336266 	-0.000216108
0.0757678 	53.9311 	-0.337514 	-0.000237346
0.076022 	54.1033 	-0.338763 	-0.000177721
0.0762763 	54.2755 	-0.340011 	-0.000118097
0.0765305 	54.4477 	-0.341259 	-5.8472e-05
0.0767848 	54.62 	-0.342513 	6.08803e-06
0.077039 	54.7963 	-0.344403 	0.00013952
0.0772933 	54.9756 	-0.346259 	-2.79314e-05
0.0775475 	55.1565 	-0.347381 	-7.93979e-05
0.0778018 	55.3374 	-0.348502 	-0.000130864
0.0780561 	55.5183 	-0.349624 	-0.000182331
0.0783103 	55.6993 	-0.350746 	-0.000210571
0.0785646 	55.8802 	-0.351868 	-0.000156908
0.0788188 	56.0611 	-0.35299 	-0.000103245
0.0790731 	56.242 	-0.354111 	-4.95819e-05
0.0793273 	56.4232 	-0.355171 	2.5392e-05
0.0795816 	56.608 	-0.356176 	0.000225033
0.0798358 	56.7951 	-0.359103 	-1.43169e-05
0.0800901 	56.9846 	-0.360132 	-6.13849e-05
0.0803443 	57.1741 	-0.361161 	-0.000108453
0.0805986 	57.3636 	-0.36219 	-0.000155521
0.0808529 	57.5531 	-0.363219 	-0.000189685
0.0811071 	57.7426 	-0.364248 	-0.0001406
0.0813614 	57.9321 	-0.365277 	-9.1516e-05
0.0816156 	58.1216 	-0.366306 	-4.24315e-05
0.0818699 	58.3116 	-0.367058 	4.75715e-05
0.0821241 	58.5048 	-0.366723 	0.00031857
0.0823784 	58.6995 	-0.371342 	-2.74745e-06
0.0826326 	58.8973 	-0.372303 	-4.64473e-05
0.0828869 	59.0952 	-0.373265 	-9.01471e-05
0.0831411 	59.293 	-0.374227 	-0.000133847
0.0833954 	59.4909 	-0.375189 	-0.000173295
0.0836496 	59.6887 	-0.37615 	-0.000127725
0.0839039 	59.8865 	-0.377112 	-8.21556e-05
0.0841582 	60.0844 	-0.378074 	-3.65857e-05
0.0844124 	60.2829 	-0.378365 	7.31516e-05
0.0846667 	60.4842 	-0.376148 	0.000424292
0.0849209 	60.6869 	-0.381931 	6.48744e-05
0.0851752 	60.8922 	-0.383614 	-2.90805e-05
0.0854294 	61.0981 	-0.384394 	-6.45662e-05
0.0856837 	61.304 	-0.385174 	-0.000100052
0.0859379 	61.5099 	-0.385955 	-0.000135538
0.0861922 	61.7157 	-0.386735 	-0.00010136
0.0864464 	61.9216 	-0.387515 	-6.43657e-05
0.0867007 	62.1275 	-0.388295 	-2.73712e-05
0.086955 	62.3343 	-0.387872 	0.000100412
0.0872092 	62.5436 	-0.384025 	0.000486427
0.0874635 	62.754 	-0.389763 	0.000159009
0.0877177 	62.9662 	-0.392766 	-1.37349e-05
0.087972 	63.1798 	-0.393285 	-3.76274e-05
0.0882262 	63.3933 	-0.393803 	-6.15199e-05
0.0884805 	63.6069 	-0.394321 	-8.54124e-05
0.0887347 	63.8205 	-0.394839 	-6.66315e-05
0.088989 	64.034 	-0.395358 	-4.17355e-05
0.0892432 	64.2476 	-0.395876 	-1.68396e-05
0.0894975 	64.4622 	-0.394594 	0.000126517
0.0897518 	64.679 	-0.38955 	0.000517489
0.090006 	64.8967 	-0.394439 	0.000253968
0.0902603 	65.1155 	-0.398987 	-4.67248e-06
0.0905145 	65.3362 	-0.399285 	-1.88359e-05
0.0907688 	65.5569 	-0.399583 	-3.29992e-05
0.091023 	65.7776 	-0.399881 	-4.71626e-05
0.0912773 	65.9983 	-0.400179 	-3.85404e-05
0.0915315 	66.219 	-0.400477 	-2.37932e-05
0.0917858 	66.4397 	-0.400776 	-9.04614e-06
0.09204 	66.6615 	-0.398656 	0.000151923
0.0922943 	66.8853 	-0.3927 	0.000544926
0.0925485 	67.1096 	-0.396462 	0.000348564
0.0928028 	67.3343 	-0.402696 	-3.82634e-07
0.0930571 	67.5613 	-0.402774 	-4.85028e-06
0.0933113 	67.7884 	-0.402852 	-9.31792e-06
0.0935656 	68.0154 	-0.40293 	-1.37856e-05
0.0938198 	68.2424 	-0.403008 	-1.18592e-05
0.0940741 	68.4695 	-0.403086 	-7.21224e-06
0.0943283 	68.6965 	-0.403165 	-2.56523e-06
0.0945826 	68.9247 	-0.40015 	0.000177029
0.0948368 	69.1545 	-0.393325 	0.000572237
0.0950911 	69.3846 	-0.395638 	0.000443802
0.0953453 	69.6148 	-0.402406 	6.00899e-05
0.0955996 	69.8468 	-0.403257 	8.19762e-06
0.0958539 	70.0791 	-0.40301 	1.79171e-05
0.0961081 	70.3114 	-0.402763 	2.76365e-05
0.0963624 	70.5436 	-0.402515 	2.51759e-05
0.0966166 	70.7759 	-0.402268 	1.50795e-05
0.0968709 	71.0082 	-0.402021 	4.98315e-06
0.0971251 	71.2416 	-0.397992 	0.000199319
0.0973794 	71.476 	-0.390278 	0.000592867
0.0976336 	71.7107 	-0.390889 	0.000533873
0.0978879 	71.9456 	-0.397453 	0.000151347
0.0981421 	72.1812 	-0.399665 	1.61051e-05
0.0983964 	72.4173 	-0.399029 	4.27534e-05
0.0986507 	72.6534 	-0.398393 	6.94017e-05
0.0989049 	72.8895 	-0.397757 	6.7412e-05
0.0991592 	73.1256 	-0.397121 	3.9775e-05
0.0994134 	73.3617 	-0.396486 	1.21379e-05
0.0996677 	73.5987 	-0.391398 	0.000216147
0.0999219 	73.8362 	-0.382823 	0.00060156
0.100176 	74.0739 	-0.381603 	0.000611465
0.10043 	74.3117 	-0.387924 	0.000236341
0.100685 	74.5496 	-0.391524 	1.62551e-05
0.100939 	74.7877 	-0.390493 	6.01912e-05
0.101193 	75.0259 	-0.389462 	0.000104127
0.101447 	75.264 	-0.38843 	0.000108714
0.101702 	75.5021 	-0.387399 	6.32358e-05
0.101956 	75.7403 	-0.386367 	1.77573e-05
0.10221 	75.9787 	-0.380251 	0.000224965
0.102464 	76.2173 	-0.370879 	0.000594032
0.102719 	76.456 	-0.367778 	0.00066856
0.102973 	76.6947 	-0.373926 	0.000308776
0.103227 	76.9333 	-0.379016 	8.01205e-06
0.103481 	77.1713 	-0.3777 	6.45226e-05
0.103736 	77.4093 	-0.376384 	0.000121033
0.10399 	77.6473 	-0.375068 	0.000137087
0.104244 	77.8853 	-0.373752 	7.8724e-05
0.104498 	78.1233 	-0.372436 	2.03606e-05
0.104753 	78.3609 	-0.365401 	0.000230266
0.105007 	78.5984 	-0.3553 	0.000583898
0.105261 	78.8358 	-0.350316 	0.000717896
0.105516 	79.0731 	-0.356499 	0.000372528
0.10577 	79.3105 	-0.362681 	2.71594e-05
0.106024 	79.5461 	-0.361614 	6.71519e-05
0.106278 	79.7815 	-0.359928 	0.000140035
0.106533 	80.017 	-0.358243 	0.000173884
0.106787 	80.2524 	-0.356557 	9.88039e-05
0.107041 	80.4879 	-0.354871 	2.37236e-05
0.107295 	80.7221 	-0.34672 	0.000226984
0.10755 	80.9558 	-0.335583 	0.000558818
0.107804 	81.1894 	-0.328285 	0.000743565
0.108058 	81.4229 	-0.334285 	0.000418814
0.108312 	81.6564 	-0.340285 	9.4063e-05
0.108567 	81.8876 	-0.340554 	6.37671e-05
0.108821 	82.1179 	-0.338486 	0.000153535
0.109075 	82.3482 	-0.336417 	0.000211472
0.109329 	82.5785 	-0.334349 	0.000119263
0.109584 	82.8089 	-0.33228 	2.7054e-05
0.109838 	83.037 	-0.323245 	0.000212713
0.110092 	83.2642 	-0.311316 	0.000513748
0.110346 	83.4914 	-0.301796 	0.000735155
0.110601 	83.7183 	-0.307909 	0.000439868
0.110855 	83.9452 	-0.314022 	0.000144581
0.111109 	84.1698 	-0.315832 	5.15679e-05
0.111363 	84.3922 	-0.313512 	0.000152607
0.111618 	84.6145 	-0.311193 	0.000236166
0.111872 	84.8368 	-0.308874 	0.000132707
0.112126 	85.0592 	-0.306555 	2.92475e-05
0.11238 	85.2783 	-0.296667 	0.000195801
0.112635 	85.4962 	-0.283797 	0.000468766
0.112889 	85.7141 	-0.271741 	0.000718587
0.113143 	85.9315 	-0.277938 	0.000450159
0.113397 	86.1489 	-0.284135 	0.000181731
0.113652 	86.3643 	-0.287462 	3.79406e-05
0.113906 	86.5756 	-0.284772 	0.000155409
0.11416 	86.7869 	-0.282081 	0.000272878
0.114414 	86.9981 	-0.279391 	0.000154077
0.114669 	87.2094 	-0.276701 	3.42071e-05
0.114923 	87.4164 	-0.265924 	0.000172309
0.115177 	87.6217 	-0.251918 	0.000413423
0.115431 	87.827 	-0.237911 	0.000654536
0.115686 	88.0316 	-0.243285 	0.000439923
0.11594 	88.2362 	-0.249642 	0.000202172
0.116194 	88.4397 	-0.254595 	1.98145e-05
0.116448 	88.6366 	-0.251568 	0.000152221
0.116703 	88.8334 	-0.24854 	0.000284627
0.116957 	89.0303 	-0.245512 	0.000175378
0.117211 	89.2272 	-0.242484 	4.07615e-05
0.117465 	89.4187 	-0.23095 	0.000146881
0.11772 	89.608 	-0.215722 	0.000357552
0.117974 	89.7973 	-0.200494 	0.000568222
0.118228 	89.9857 	-0.204037 	0.0004184
0.118482 	90.1741 	-0.210626 	0.000210067
0.118737 	90.3624 	-0.217215 	1.73498e-06
0.118991 	90.5415 	-0.214066 	0.000140234
0.119245 	90.7205 	-0.210834 	0.000281646
0.119499 	90.8995 	-0.207603 	0.000191363
0.119754 	91.0785 	-0.204371 	4.81481e-05
0.120008 	91.2514 	-0.19251 	0.000124465
0.120262 	91.4212 	-0.176278 	0.000311966
0.120517 	91.5909 	-0.160047 	0.000499467
0.120771 	91.7598 	-0.161636 	0.000399832
0.121025 	91.9285 	-0.168584 	0.00021385
0.121279 	92.0971 	-0.175532 	2.78673e-05
0.121534 	92.2565 	-0.173721 	0.000124789
0.121788 	92.4142 	-0.170366 	0.00027157
0.122042 	92.572 	-0.167012 	0.000205282
0.122296 	92.7298 	-0.163658 	5.72302e-05
0.122551 	92.8809 	-0.151946 	0.000101824
0.122805 	93.0278 	-0.134968 	0.000267809
0.123059 	93.1747 	-0.117991 	0.000433794
0.123313 	93.3208 	-0.117529 	0.000375577
0.123568 	93.4665 	-0.124944 	0.000210423
0.123822 	93.6122 	-0.13236 	4.52682e-05
0.124076 	93.749 	-0.131984 	0.00010533
0.12433 	93.8825 	-0.128666 	0.000250431
0.124585 	94.016 	-0.125348 	0.000211995
0.124839 	94.1495 	-0.12203 	6.62383e-05
0.125093 	94.2764 	-0.111054 	8.02456e-05
0.125347 	94.3977 	-0.0936991 	0.000227334
0.125602 	94.5191 	-0.0763445 	0.000374422
0.125856 	94.6396 	-0.0738773 	0.000349542
0.12611 	94.7597 	-0.0819636 	0.000202756
0.126364 	94.8797 	-0.0900498 	5.59692e-05
0.126619 	94.9917 	-0.0912162 	8.37292e-05
0.126873 	95.0986 	-0.088118 	0.000219058
0.127127 	95.2056 	-0.0850198 	0.000208391
0.127381 	95.3125 	-0.0819215 	7.29449e-05
0.127636 	95.4134 	-0.0722066 	6.18137e-05
0.12789 	95.5073 	-0.0547694 	0.000195768
0.128144 	95.6011 	-0.0373322 	0.000329723
0.128398 	95.6944 	-0.0328799 	0.000331532
0.128653 	95.787 	-0.0417701 	0.000197557
0.128907 	95.8796 	-0.0506603 	6.35828e-05
0.129161 	95.9651 	-0.0534245 	6.34735e-05
0.129415 	96.0443 	-0.0506552 	0.000184279
0.12967 	96.1234 	-0.0478859 	0.000197096
0.129924 	96.2026 	-0.0451166 	7.64425e-05
0.130178 	96.2768 	-0.0370306 	4.56241e-05
0.130432 	96.3424 	-0.0197518 	0.000170132
0.130687 	96.4081 	-0.00247307 	0.00029464
0.130941 	96.4733 	0.00395958 	0.000319163
0.131195 	96.5378 	-0.00579476 	0.000194465
0.131449 	96.6024 	-0.0155491 	6.97674e-05
0.131704 	96.6611 	-0.0199611 	4.55303e-05
0.131958 	96.7123 	-0.0175877 	0.000148887
0.132212 	96.7636 	-0.0152144 	0.000178905
0.132466 	96.8149 	-0.0128411 	7.58302e-05
0.132721 	96.8626 	-0.00661451 	3.10617e-05
0.132975 	96.9006 	0.0103366 	0.000148574
0.133229 	96.9385 	0.0272877 	0.000266087
0.133483 	96.9762 	0.035734 	0.000310832
0.133738 	97.0132 	0.0251802 	0.000193012
0.133992 	97.0502 	0.0146265 	7.51927e-05
0.134246 	97.0826 	0.00860859 	3.11636e-05
0.134501 	97.107 	0.0105918 	0.000117297
0.134755 	97.1313 	0.0125749 	0.000158163
0.135009 	97.1557 	0.0145581 	7.23839e-05
0.135263 	97.178 	0.0188079 	1.70905e-05
0.135518 	97.1897 	0.0353049 	0.000126525
0.135772 	97.2013 	0.051802 	0.00023596
0.136026 	97.2127 	0.0622515 	0.000297768
0.13628 	97.2236 	0.050906 	0.000187933
0.136535 	97.2345 	0.0395604 	7.80979e-05
0.136789 	97.242 	0.0319652 	2.04123e-05
0.137043 	97.2411 	0.0335986 	9.10521e-05
0.137297 	97.2402 	0.0352321 	0.000137546
0.137552 	97.2393 	0.0368655 	6.72916e-05
0.137806 	97.2379 	0.0391118 	4.23221e-06
0.13806 	97.2251 	0.055274 	0.000104562
0.138314 	97.2124 	0.0714362 	0.000204892
0.138569 	97.1995 	0.084075 	0.00028004
0.138823 	97.1862 	0.0720957 	0.00017924
0.139077 	97.1729 	0.0601163 	7.84408e-05
0.139331 	97.1572 	0.0510934 	1.28597e-05
0.139586 	97.1331 	0.0524423 	7.08321e-05
0.13984 	97.109 	0.0537912 	0.000119621
0.140094 	97.0849 	0.05514 	6.20407e-05
0.140348 	97.0607 	0.0564889 	4.46033e-06
0.140603 	97.0266 	0.0713148 	8.66404e-05
0.140857 	96.9916 	0.0872722 	0.000180555
0.141111 	96.9566 	0.102287 	0.000268213
0.141365 	96.9213 	0.0898766 	0.000173766
0.14162 	96.8859 	0.0774658 	7.93191e-05
0.141874 	96.8489 	0.0672333 	8.12391e-06
0.142128 	96.8038 	0.0684214 	5.88406e-05
0.142382 	96.7586 	0.0696096 	0.000109557
0.142637 	96.7134 	0.0707977 	6.04984e-05
0.142891 	96.6682 	0.0719859 	1.01886e-05
0.143145 	96.6152 	0.0849028 	7.05181e-05
0.143399 	96.5602 	0.100798 	0.000158943
0.143654 	96.5052 	0.116693 	0.000247367
0.143908 	96.45 	0.105706 	0.000168783
0.144162 	96.3947 	0.0930416 	7.97728e-05
0.144416 	96.3385 	0.081806 	4.86834e-06
0.144671 	96.2743 	0.082912 	5.1774e-05
0.144925 	96.2102 	0.084018 	9.86797e-05
0.145179 	96.1461 	0.085124 	6.19353e-05
0.145433 	96.082 	0.08623 	1.54624e-05
0.145688 	96.0121 	0.097196 	5.54176e-05
0.145942 	95.9392 	0.113078 	0.000138466
0.146196 	95.8663 	0.12896 	0.000221514
0.14645 	95.7932 	0.120436 	0.000162967
0.146705 	95.7201 	0.107581 	7.92932e-05
0.146959 	95.6466 	0.0954531 	2.31621e-06
0.147213 	95.5656 	0.0965029 	4.6549e-05
0.147467 	95.4846 	0.0975526 	9.07817e-05
0.147722 	95.4036 	0.0986024 	6.42501e-05
0.147976 	95.3226 	0.0996522 	2.04759e-05
0.14823 	95.2375 	0.108602 	4.15441e-05
0.148484 	95.1486 	0.124496 	0.000119597
0.148739 	95.0598 	0.140389 	0.000197651
0.148993 	94.9709 	0.134397 	0.000156978
0.149247 	94.8819 	0.121394 	7.82696e-05
0.149502 	94.7928 	0.108469 	2.35045e-07
0.149756 	94.6969 	0.109474 	4.22897e-05
0.15001 	94.6009 	0.110478 	8.43444e-05
0.150264 	94.5049 	0.111483 	6.68218e-05
0.150519 	94.4089 	0.112488 	2.52482e-05
0.150773 	94.3102 	0.119333 	2.85151e-05
0.151027 	94.2073 	0.135211 	0.000101128
0.151281 	94.1044 	0.151088 	0.000173741
0.151536 	94.0014 	0.147641 	0.000149265
0.15179 	93.8983 	0.13448 	7.59845e-05
0.152044 	93.7953 	0.121318 	2.70353e-06
0.152298 	93.6864 	0.121738 	3.75988e-05
0.152553 	93.5772 	0.122679 	7.66373e-05
0.152807 	93.468 	0.123619 	6.75065e-05
0.153061 	93.3589 	0.12456 	2.89537e-05
0.153315 	93.2482 	0.129203 	1.66141e-05
0.15357 	93.133 	0.145017 	8.33374e-05
0.153824 	93.0177 	0.160831 	0.000150061
0.154078 	92.9025 	0.159915 	0.000139856
0.154332 	92.7872 	0.146562 	7.24691e-05
0.154587 	92.6719 	0.133209 	5.08208e-06
0.154841 	92.5518 	0.132987 	3.21804e-05
0.155095 	92.4312 	0.133835 	6.69851e-05
0.155349 	92.3107 	0.134683 	6.51932e-05
0.155604 	92.1902 	0.135532 	3.08536e-05
0.155858 	92.0691 	0.137889 	6.17445e-06
0.156112 	91.9434 	0.153596 	6.69875e-05
0.156366 	91.8176 	0.169303 	0.0001278
0.156621 	91.6919 	0.170904 	0.000129703
0.156875 	91.5662 	0.157333 	6.82435e-05
0.157129 	91.4405 	0.143761 	6.7837e-06
0.157383 	91.3109 	0.142917 	2.63682e-05
0.157638 	91.1809 	0.143652 	5.60073e-05
0.157892 	91.0508 	0.144387 	5.98775e-05
0.158146 	90.9208 	0.145122 	3.06594e-05
0.1584 	90.7908 	0.145857 	1.44125e-06
0.158655 	90.6566 	0.160697 	5.25599e-05
0.158909 	90.5222 	0.176269 	0.000107846
0.159163 	90.3879 	0.180385 	0.000119765
0.159417 	90.2536 	0.166584 	6.38566e-05
0.159672 	90.1194 	0.152783 	7.94811e-06
0.159926 	89.9822 	0.151346 	2.06276e-05
0.16018 	89.8445 	0.151958 	4.4673e-05
0.160434 	89.7068 	0.152569 	5.2183e-05
0.160689 	89.5692 	0.153181 	2.84973e-05
0.160943 	89.4315 	0.153792 	4.81156e-06
0.161197 	89.2911 	0.166207 	4.01572e-05
0.161451 	89.15 	0.18163 	9.05503e-05
0.161706 	89.0089 	0.188271 	0.000110705
0.16196 	88.868 	0.174249 	5.97166e-05
0.162214 	88.7271 	0.160226 	8.72793e-06
0.162468 	88.5841 	0.158231 	1.53117e-05
0.162723 	88.4407 	0.158719 	3.37851e-05
0.162977 	88.2972 	0.159208 	4.29069e-05
0.163231 	88.1538 	0.159696 	2.47224e-05
0.163485 	88.0104 	0.160184 	6.53777e-06
0.16374 	87.8653 	0.17014 	2.96001e-05
0.163994 	87.7194 	0.18541 	7.5814e-05
0.164248 	87.5734 	0.194588 	0.00010282
0.164503 	87.4277 	0.180366 	5.60368e-05
0.164757 	87.282 	0.166144 	9.25397e-06
0.165011 	87.135 	0.163628 	1.05735e-05
0.165265 	86.9876 	0.163999 	2.37537e-05
0.16552 	86.8403 	0.164371 	3.26503e-05
0.165774 	86.6929 	0.164742 	1.96839e-05
0.166028 	86.5455 	0.165113 	6.71743e-06
0.166282 	86.3973 	0.172589 	2.05785e-05
0.166537 	86.2483 	0.187702 	6.32751e-05
0.166791 	86.0993 	0.199426 	9.61001e-05
0.167045 	85.9505 	0.185032 	5.28596e-05
0.167299 	85.8018 	0.170638 	9.61918e-06
0.167554 	85.6523 	0.167639 	6.39964e-06
0.167808 	85.5027 	0.167901 	1.46298e-05
0.168062 	85.3531 	0.168162 	2.16747e-05
0.168316 	85.2035 	0.168423 	1.35822e-05
0.168571 	85.0538 	0.168685 	5.48969e-06
0.168825 	84.9039 	0.173671 	1.2775e-05
0.169079 	84.7534 	0.18862 	5.24885e-05
0.169333 	84.6028 	0.202885 	9.0345e-05
0.169588 	84.4527 	0.188351 	5.01115e-05
0.169842 	84.3025 	0.173816 	9.87798e-06
0.170096 	84.1522 	0.170368 	2.76595e-06
0.17035 	84.0018 	0.170528 	6.43155e-06
0.170605 	83.8514 	0.170688 	1.00971e-05
0.170859 	83.701 	0.170848 	6.62935e-06
0.171113 	83.5507 	0.171007 	3.02656e-06
0.171367 	83.4002 	0.173506 	5.94406e-06
0.171622 	83.2496 	0.188286 	4.30879e-05
0.171876 	83.099 	0.203065 	8.02318e-05
0.17213 	82.9488 	0.19044 	4.77049e-05
0.172384 	82.7986 	0.175803 	1.00638e-05
0.172639 	82.6487 	0.171937 	-3.98619e-07
0.172893 	82.4988 	0.172003 	-9.43091e-07
0.173147 	82.349 	0.172069 	-1.48756e-06
0.173401 	82.1992 	0.172135 	-1.07104e-06
0.173656 	82.0494 	0.1722 	-5.36079e-07
0.17391 	81.8996 	0.172266 	-1.11719e-09
0.174164 	81.7501 	0.186821 	3.47897e-05
0.174418 	81.6007 	0.201414 	6.96703e-05
0.174673 	81.4516 	0.191397 	4.55505e-05
0.174927 	81.3025 	0.176693 	1.01952e-05
0.175181 	81.1541 	0.17244 	-3.07197e-06
0.175435 	81.006 	0.172421 	-7.38907e-06
0.17569 	80.8578 	0.172402 	-1.17062e-05
0.175944 	80.7097 	0.172383 	-9.18439e-06
0.176198 	80.5616 	0.172364 	-4.94374e-06
0.176452 	80.4134 	0.172345 	-7.0309e-07
0.176707 	80.266 	0.184352 	2.73226e-05
0.176961 	80.1187 	0.19875 	6.00776e-05
0.177215 	79.9717 	0.191355 	4.34626e-05
0.177469 	79.8249 	0.176636 	1.02564e-05
0.177724 	79.6789 	0.172025 	-5.29369e-06
0.177978 	79.5333 	0.17193 	-1.29535e-05
0.178232 	79.3878 	0.171836 	-2.06132e-05
0.178486 	79.2422 	0.171741 	-1.75233e-05
0.178741 	79.0966 	0.171647 	-1.00004e-05
0.178995 	78.9511 	0.171553 	-2.47756e-06
0.179249 	78.8063 	0.181025 	2.03344e-05
0.179504 	78.662 	0.195196 	5.06553e-05
0.179758 	78.518 	0.190413 	4.08623e-05
0.180012 	78.3741 	0.175732 	1.01208e-05
0.180266 	78.2313 	0.170788 	-7.25521e-06
0.180521 	78.0891 	0.170622 	-1.80716e-05
0.180775 	77.9468 	0.170455 	-2.88879e-05
0.181029 	77.8045 	0.170289 	-2.64787e-05
0.181283 	77.6623 	0.170123 	-1.58566e-05
0.181538 	77.52 	0.169957 	-5.23446e-06
0.181792 	77.3786 	0.176924 	1.38862e-05
0.182046 	77.2379 	0.190823 	4.12645e-05
0.1823 	77.0974 	0.188616 	3.74674e-05
0.182555 	76.9572 	0.17403 	9.70841e-06
0.182809 	76.8182 	0.168781 	-8.75426e-06
0.183063 	76.6798 	0.168554 	-2.22171e-05
0.183317 	76.5414 	0.168327 	-3.568e-05
0.183572 	76.4031 	0.1681 	-3.5113e-05
0.183826 	76.2647 	0.167873 	-2.1892e-05
0.18408 	76.1263 	0.167646 	-8.67097e-06
0.184334 	75.9886 	0.172176 	8.07963e-06
0.184589 	75.852 	0.185772 	3.15571e-05
0.184843 	75.7157 	0.186107 	3.26278e-05
0.185097 	75.5796 	0.171719 	8.82441e-06
0.185351 	75.4448 	0.166211 	-9.81034e-06
0.185606 	75.3107 	0.165935 	-2.54003e-05
0.18586 	75.1767 	0.165658 	-4.09902e-05
0.186114 	75.0427 	0.165382 	-4.31495e-05
0.186368 	74.9086 	0.165105 	-2.78386e-05
0.186623 	74.7746 	0.164829 	-1.25277e-05
0.186877 	74.6409 	0.167007 	3.39537e-06
0.187131 	74.5089 	0.180233 	2.20746e-05
0.187385 	74.377 	0.183014 	2.63689e-05
0.18764 	74.2454 	0.168924 	7.43187e-06
0.187894 	74.1152 	0.163199 	-1.06245e-05
0.188148 	73.9858 	0.162878 	-2.81121e-05
0.188402 	73.8565 	0.162556 	-4.55996e-05
0.188657 	73.7271 	0.162234 	-5.1181e-05
0.188911 	73.5977 	0.161913 	-3.40041e-05
0.189165 	73.4684 	0.161591 	-1.68273e-05
0.189419 	73.339 	0.161536 	2.78116e-07
0.189674 	73.2118 	0.174326 	1.39401e-05
0.189928 	73.0848 	0.179409 	1.95986e-05
0.190182 	72.958 	0.165709 	5.74988e-06
0.190436 	72.8326 	0.159808 	-1.12583e-05
0.190691 	72.7081 	0.159444 	-3.05094e-05
0.190945 	72.5837 	0.159079 	-4.97605e-05
0.191199 	72.4592 	0.158715 	-5.93842e-05
0.191453 	72.3348 	0.15835 	-4.04711e-05
0.191708 	72.2103 	0.157986 	-2.15581e-05
0.191962 	72.0859 	0.157621 	-2.64512e-06
0.192216 	71.9634 	0.168129 	7.47565e-06
0.19247 	71.8414 	0.175318 	1.26767e-05
0.192725 	71.7196 	0.16209 	3.86849e-06
0.192979 	71.5991 	0.156046 	-1.20047e-05
0.193233 	71.4798 	0.155629 	-3.34103e-05
0.193487 	71.3604 	0.155212 	-5.48158e-05
0.193742 	71.2411 	0.154795 	-6.93876e-05
0.193996 	71.1217 	0.154378 	-4.83523e-05
0.19425 	71.0024 	0.153961 	-2.7317e-05
0.194505 	70.883 	0.153544 	-6.28162e-06
0.194759 	70.7654 	0.16161 	3.43924e-06
0.195013 	70.6485 	0.170658 	7.27695e-06
0.195267 	70.5318 	0.157967 	2.30865e-06
0.195522 	70.4165 	0.151827 	-1.22505e-05
0.195776 	70.3024 	0.151373 	-3.51336e-05
0.19603 	70.1883 	0.150918 	-5.80166e-05
0.196284 	70.0741 	0.150463 	-7.77357e-05
0.196539 	69.96 	0.150008 	-5.52409e-05
0.196793 	69.8458 	0.149554 	-3.27462e-05
0.197047 	69.7317 	0.149099 	-1.02514e-05
0.197301 	69.6189 	0.154899 	7.18343e-07
0.197556 	69.5073 	0.165557 	1.99412e-06
0.19781 	69.3959 	0.153499 	6.57518e-07
0.198064 	69.2858 	0.147334 	-1.17274e-05
0.198318 	69.1769 	0.14687 	-3.48037e-05
0.198573 	69.0681 	0.146406 	-5.788e-05
0.198827 	68.9592 	0.145942 	-8.09563e-05
0.199081 	68.8504 	0.145478 	-5.92524e-05
0.199335 	68.7415 	0.145015 	-3.65588e-05
0.19959 	68.6327 	0.144551 	-1.38651e-05
0.199844 	68.5248 	0.148291 	-1.68367e-06
0.200098 	68.4185 	0.158633 	-6.01207e-06
0.200352 	68.3124 	0.148894 	-2.28267e-06
0.200607 	68.2075 	0.142749 	-1.10798e-05
0.200861 	68.104 	0.142279 	-3.42028e-05
0.201115 	68.0005 	0.14181 	-5.73258e-05
0.201369 	67.897 	0.14134 	-8.04487e-05
0.201624 	67.7934 	0.140871 	-6.28841e-05
0.201878 	67.6899 	0.140401 	-4.01344e-05
0.202132 	67.5864 	0.139932 	-1.73847e-05
0.202386 	67.4835 	0.141836 	-2.8589e-06
0.202641 	67.3825 	0.151434 	-1.49829e-05
0.202895 	67.2817 	0.144163 	-6.77329e-06
0.203149 	67.1821 	0.138071 	-1.068e-05
0.203403 	67.0839 	0.13758 	-3.45147e-05
0.203658 	66.9858 	0.13709 	-5.83493e-05
0.203912 	66.8876 	0.136599 	-8.2184e-05
0.204166 	66.7894 	0.136109 	-6.83945e-05
0.20442 	66.6912 	0.135618 	-4.4933e-05
0.204675 	66.593 	0.135128 	-2.14714e-05
0.204929 	66.4951 	0.135426 	-1.73409e-06
0.205183 	66.3995 	0.144234 	-2.21811e-05
0.205437 	66.304 	0.139165 	-1.21074e-05
0.205692 	66.2096 	0.133154 	-1.04942e-05
0.205946 	66.1167 	0.132626 	-3.57935e-05
0.2062 	66.0239 	0.132097 	-6.10927e-05
0.206454 	65.931 	0.131568 	-8.6392e-05
0.206709 	65.8382 	0.13104 	-7.63409e-05
0.206963 	65.7454 	0.130511 	-5.14241e-05
0.207217 	65.6525 	0.129983 	-2.65073e-05
0.207471 	65.5597 	0.129454 	-1.59046e-06
0.207726 	65.4692 	0.136898 	-2.56495e-05
0.20798 	65.379 	0.133758 	-1.72043e-05
0.208234 	65.2898 	0.127881 	-1.00832e-05
0.208488 	65.2023 	0.127318 	-3.6676e-05
0.208743 	65.1147 	0.126755 	-6.32687e-05
0.208997 	65.0272 	0.126192 	-8.98615e-05
0.209251 	64.9396 	0.125629 	-8.41222e-05
0.209506 	64.8521 	0.125066 	-5.79159e-05
0.20976 	64.7645 	0.124503 	-3.17097e-05
0.210014 	64.677 	0.12394 	-5.50343e-06
0.210268 	64.5915 	0.129471 	-2.60143e-05
0.210523 	64.5065 	0.127981 	-2.19367e-05
0.210777 	64.4225 	0.122304 	-9.33362e-06
0.211031 	64.3402 	0.121718 	-3.67001e-05
0.211285 	64.2579 	0.121132 	-6.40665e-05
0.21154 	64.1756 	0.120547 	-9.1433e-05
0.211794 	64.0934 	0.119961 	-9.04988e-05
0.212048 	64.0111 	0.119375 	-6.35131e-05
0.212302 	63.9288 	0.118789 	-3.65273e-05
0.212557 	63.8465 	0.118203 	-9.5416e-06
0.212811 	63.7658 	0.122068 	-2.44309e-05
0.213065 	63.6861 	0.121928 	-2.67192e-05
0.213319 	63.6072 	0.116512 	-8.38007e-06
0.213574 	63.5302 	0.115908 	-3.62801e-05
0.213828 	63.4531 	0.115305 	-6.41802e-05
0.214082 	63.376 	0.114702 	-9.20802e-05
0.214336 	63.2989 	0.114099 	-9.62034e-05
0.214591 	63.2218 	0.113496 	-6.86731e-05
0.214845 	63.1447 	0.112893 	-4.11427e-05
0.215099 	63.0676 	0.11229 	-1.36124e-05
0.215353 	62.9918 	0.114742 	-2.12875e-05
0.215608 	62.9173 	0.115641 	-3.15985e-05
0.215862 	62.8434 	0.110539 	-7.30272e-06
0.216116 	62.7715 	0.109919 	-3.57218e-05
0.21637 	62.6996 	0.109299 	-6.41408e-05
0.216625 	62.6276 	0.108679 	-9.25598e-05
0.216879 	62.5557 	0.108059 	-0.000101937
0.217133 	62.4837 	0.107439 	-7.38745e-05
0.217387 	62.4118 	0.106819 	-4.58123e-05
0.217642 	62.3398 	0.1062 	-1.775e-05
0.217896 	62.2688 	0.107492 	-1.68258e-05
0.21815 	62.1994 	0.109115 	-3.64755e-05
0.218404 	62.1305 	0.104369 	-6.09608e-06
0.218659 	62.0637 	0.103733 	-3.50168e-05
0.218913 	61.9968 	0.103097 	-6.39375e-05
0.219167 	61.9299 	0.102462 	-9.28582e-05
0.219421 	61.8631 	0.101826 	-0.000107676
0.219676 	61.7962 	0.10119 	-7.90978e-05
0.21993 	61.7293 	0.100554 	-5.0519e-05
0.220184 	61.6625 	0.0999176 	-2.19403e-05
0.220438 	61.5962 	0.1003 	-1.13653e-05
0.220693 	61.5318 	0.102356 	-4.13764e-05
0.220947 	61.4679 	0.098018 	-4.73289e-06
0.221201 	61.406 	0.0973699 	-3.39955e-05
0.221455 	61.3442 	0.0967219 	-6.3258e-05
0.22171 	61.2823 	0.0960738 	-9.25206e-05
0.221964 	61.2205 	0.0954257 	-0.00011286
0.222218 	61.1586 	0.0947776 	-8.39211e-05
0.222472 	61.0968 	0.0941295 	-5.49823e-05
0.222727 	61.0349 	0.0934814 	-2.60435e-05
0.222981 	60.9733 	0.0931919 	-5.17215e-06
0.223235 	60.9139 	0.0954018 	-4.6403e-05
0.223489 	60.8548 	0.0915319 	-3.23051e-06
0.223744 	60.7979 	0.0908759 	-3.26651e-05
0.223998 	60.741 	0.0902199 	-6.20997e-05
0.224252 	60.6841 	0.0895639 	-9.15343e-05
0.224507 	60.6272 	0.0889079 	-0.000117378
0.224761 	60.5703 	0.0882519 	-8.8246e-05
0.225015 	60.5134 	0.0875959 	-5.9114e-05
0.225269 	60.4565 	0.0869399 	-2.99819e-05
0.225524 	60.3996 	0.0862838 	-8.49879e-07
0.225778 	60.3451 	0.0882925 	-5.16607e-05
0.226032 	60.2908 	0.0849639 	-1.61394e-06
0.226286 	60.2387 	0.0843033 	-3.10856e-05
0.226541 	60.1867 	0.0836428 	-6.05573e-05
0.226795 	60.1347 	0.0829823 	-9.0029e-05
0.227049 	60.0827 	0.0823218 	-0.000119501
0.227303 	60.0306 	0.0816613 	-9.21124e-05
0.227558 	59.9786 	0.0810007 	-6.29197e-05
0.227812 	59.9266 	0.0803402 	-3.3727e-05
0.228066 	59.8745 	0.0796797 	-4.53425e-06
0.22832 	59.8246 	0.0807238 	-4.77893e-05
0.228575 	59.7749 	0.0783594 	-1.86874e-07
0.228829 	59.7277 	0.0776875 	-2.94343e-05
0.229083 	59.6805 	0.0770223 	-5.89657e-05
0.229337 	59.6332 	0.0763571 	-8.84971e-05
0.229592 	59.586 	0.0756919 	-0.000118028
0.229846 	59.5388 	0.0750267 	-9.59785e-05
0.2301 	59.4916 	0.0743615 	-6.6702e-05
0.230354 	59.4443 	0.0736963 	-3.74255e-05
0.230609 	59.3971 	0.073031 	-8.14908e-06
0.230863 	59.3516 	0.0732641 	-4.20732e-05
0.231117 	59.3067 	0.0717566 	-3.78039e-06
0.231371 	59.2641 	0.071006 	-2.76293e-05
0.231626 	59.2215 	0.0703378 	-5.71617e-05
0.23188 	59.179 	0.0696697 	-8.66941e-05
0.232134 	59.1365 	0.0690016 	-0.000116226
0.232388 	59.094 	0.0683334 	-9.95769e-05
0.232643 	59.0515 	0.0676653 	-7.02742e-05
0.232897 	59.009 	0.0669972 	-4.09715e-05
0.233151 	58.9664 	0.066329 	-1.16688e-05
0.233405 	58.9253 	0.0659674 	-3.56907e-05
0.23366 	58.8851 	0.0650083 	-7.67837e-06
0.233914 	58.8469 	0.064269 	-2.548e-05
0.234168 	58.809 	0.063605 	-5.47251e-05
0.234422 	58.7711 	0.062941 	-8.39703e-05
0.234677 	58.7332 	0.062277 	-0.000113215
0.234931 	58.6953 	0.061613 	-0.000102083
0.235185 	58.6574 	0.060949 	-7.30403e-05
0.235439 	58.6195 	0.0602851 	-4.3997e-05
0.235694 	58.5816 	0.0596211 	-1.49538e-05
0.235948 	58.5448 	0.0588757 	-2.90738e-05
0.236202 	58.5092 	0.0581882 	-1.18187e-05
0.236456 	58.4753 	0.0575437 	-2.30738e-05
0.236711 	58.4419 	0.05689 	-5.1781e-05
0.236965 	58.4085 	0.0562364 	-8.04882e-05
0.237219 	58.3751 	0.0555827 	-0.000109195
0.237473 	58.3416 	0.0549291 	-0.000103532
0.237728 	58.3082 	0.0542754 	-7.49978e-05
0.237982 	58.2748 	0.0536218 	-4.64633e-05
0.238236 	58.2414 	0.0529682 	-1.79289e-05
0.23849 	58.2088 	0.0520271 	-2.23238e-05
0.238745 	58.1776 	0.0513352 	-1.61014e-05
0.238999 	58.148 	0.0508424 	-2.05221e-05
0.239253 	58.1189 	0.0502036 	-4.85172e-05
0.239508 	58.0898 	0.0495648 	-7.65124e-05
0.239762 	58.0607 	0.0489261 	-0.000104508
0.240016 	58.0316 	0.0482873 	-0.000104125
0.24027 	58.0025 	0.0476485 	-7.62729e-05
0.240525 	57.9735 	0.0470098 	-4.8421e-05
0.240779 	57.9444 	0.046371 	-2.0569e-05
0.241033 	57.9158 	0.0454116 	-1.54074e-05
0.241287 	57.8889 	0.0445306 	-2.01576e-05
0.241542 	57.8633 	0.0442249 	-1.75504e-05
0.241796 	57.8383 	0.0436165 	-4.41779e-05
0.24205 	57.8133 	0.043008 	-7.08054e-05
0.242304 	57.7884 	0.0423996 	-9.74329e-05
0.242559 	57.7634 	0.0417912 	-0.000101964
0.242813 	57.7385 	0.0411828 	-7.54483e-05
0.243067 	57.7135 	0.0405744 	-4.89327e-05
0.243321 	57.6885 	0.039966 	-2.24171e-05
0.243576 	57.6639 	0.0391251 	-8.7339e-06
0.24383 	57.6409 	0.0380077 	-2.36925e-05
0.244084 	57.619 	0.0379377 	-1.39869e-05
0.244338 	57.5979 	0.0373879 	-3.80236e-05
0.244593 	57.5768 	0.0368382 	-6.20603e-05
0.244847 	57.5557 	0.0362884 	-8.60971e-05
0.245101 	57.5345 	0.0357386 	-9.46112e-05
0.245355 	57.5134 	0.0351888 	-7.06533e-05
0.24561 	57.4923 	0.034639 	-4.66954e-05
0.245864 	57.4711 	0.0340892 	-2.27375e-05
0.246118 	57.4501 	0.0334531 	-2.74257e-06
0.246372 	57.4308 	0.0320777 	-2.69034e-05
0.246627 	57.4124 	0.0322999 	-1.00856e-05
0.246881 	57.3947 	0.0318394 	-3.02005e-05
0.247135 	57.3771 	0.031379 	-5.03153e-05
0.247389 	57.3594 	0.0309185 	-7.04302e-05
0.247644 	57.3418 	0.0304581 	-8.12616e-05
0.247898 	57.3241 	0.0299976 	-6.1194e-05
0.248152 	57.3065 	0.0295371 	-4.11264e-05
0.248406 	57.2888 	0.0290767 	-2.10587e-05
0.248661 	57.2712 	0.0286162 	-9.91112e-07
0.248915 	57.2551 	0.0270659 	-3.00781e-05
0.249169 	57.237 	0.0276403 	-6.18301e-06
0.249423 	57.2157 	0.0273012 	-2.09886e-05
0.249678 	57.1945 	0.026962 	-3.57941e-05
0.249932 	57.1733 	0.0266229 	-5.05997e-05
0.250186 	57.152 	0.0262838 	-6.13033e-05
0.25044 	57.1308 	0.0259447 	-4.65186e-05
0.250695 	57.1096 	0.0256055 	-3.1734e-05
0.250949 	57.0883 	0.0252664 	-1.69493e-05
0.251203 	57.0671 	0.0249273 	-2.16464e-06
0.251457 	57.0414 	0.0233092 	-3.35339e-05
0.251712 	57.0194 	0.0242119 	-6.31319e-06
0.251966 	57.0062 	0.0237744 	-2.54111e-05
0.25222 	56.9929 	0.0233369 	-4.4509e-05
0.252474 	56.9797 	0.0228994 	-6.36068e-05
0.252729 	56.9665 	0.0224619 	-8.09362e-05
0.252983 	56.9533 	0.0220244 	-6.18503e-05
0.253237 	56.9401 	0.0215869 	-4.27644e-05
0.253491 	56.9268 	0.0211494 	-2.36785e-05
0.253746 	56.9136 	0.0207119 	-4.59264e-06
0.254 	56.9104 	0.018932 	-1.41761e-05
