0 	31.9321 	-2.7377e-07 	1.66392e-18
0.000254254 	31.9378 	-2.74106e-07 	3.74167e-15
0.000508509 	31.9436 	-2.74106e-07 	3.74167e-15
0.000762763 	31.9494 	-2.74106e-07 	3.74167e-15
0.00101702 	31.9552 	-2.74106e-07 	3.74167e-15
0.00127127 	31.961 	-2.74106e-07 	3.74167e-15
0.00152553 	31.9667 	-2.74106e-07 	3.74167e-15
0.00177978 	31.9725 	-2.74106e-07 	3.74167e-15
0.00203403 	31.9783 	-2.74106e-07 	3.74167e-15
0.00228829 	31.9841 	-2.74106e-07 	3.74167e-15
0.00254254 	31.9898 	-2.74106e-07 	3.74166e-15
0.0027968 	32.0033 	-2.79554e-07 	3.74402e-15
0.00305105 	32.0175 	-2.79554e-07 	3.74402e-15
0.00330531 	32.0317 	-2.79554e-07 	3.74402e-15
0.00355956 	32.0459 	-2.79554e-07 	3.74402e-15
0.00381381 	32.0601 	-2.79554e-07 	3.74402e-15
0.00406807 	32.0744 	-2.79554e-07 	3.74401e-15
0.00432232 	32.0886 	-2.79554e-07 	3.74401e-15
0.00457658 	32.1028 	-2.79554e-07 	3.74401e-15
0.00483083 	32.117 	-2.79554e-07 	3.74401e-15
0.00508509 	32.1312 	-2.79554e-07 	3.74401e-15
0.00533934 	32.1479 	-3.02936e-07 	3.79467e-15
0.00559359 	32.1652 	-3.02936e-07 	3.79467e-15
0.00584785 	32.1825 	-3.02936e-07 	3.79467e-15
0.0061021 	32.1998 	-3.02936e-07 	3.79467e-15
0.00635636 	32.2171 	-3.02936e-07 	3.79467e-15
0.00661061 	32.2344 	-3.02936e-07 	3.79467e-15
0.00686486 	32.2517 	-3.02936e-07 	3.79467e-15
0.00711912 	32.269 	-3.02936e-07 	3.79466e-15
0.00737337 	32.2863 	-3.02936e-07 	3.79466e-15
0.00762763 	32.3036 	-3.02936e-07 	3.79466e-15
0.00788188 	32.3217 	-3.43338e-07 	3.806e-15
0.00813614 	32.34 	-3.43338e-07 	3.806e-15
0.00839039 	32.3584 	-3.43338e-07 	3.806e-15
0.00864464 	32.3767 	-3.43338e-07 	3.80599e-15
0.0088989 	32.395 	-3.43338e-07 	3.80599e-15
0.00915315 	32.4133 	-3.43338e-07 	3.80599e-15
0.00940741 	32.4317 	-3.43338e-07 	3.80599e-15
0.00966166 	32.45 	-3.43338e-07 	3.80599e-15
0.00991592 	32.4683 	-3.43338e-07 	3.80599e-15
0.0101702 	32.4867 	-3.43338e-07 	3.80599e-15
0.0104244 	32.5062 	-3.96895e-07 	3.85823e-15
0.0106787 	32.5263 	-3.96895e-07 	3.85823e-15
0.0109329 	32.5465 	-3.96895e-07 	3.85823e-15
0.0111872 	32.5667 	-3.96895e-07 	3.85823e-15
0.0114414 	32.5868 	-3.96895e-07 	3.85823e-15
0.0116957 	32.607 	-3.96895e-07 	3.85822e-15
0.0119499 	32.6272 	-3.96895e-07 	3.85822e-15
0.0122042 	32.6473 	-3.96895e-07 	3.85822e-15
0.0124585 	32.6675 	-3.96895e-07 	3.85822e-15
0.0127127 	32.6877 	-3.96895e-07 	3.85822e-15
0.012967 	32.7094 	-4.60138e-07 	3.92051e-15
0.0132212 	32.7325 	-4.60138e-07 	3.92051e-15
0.0134755 	32.7556 	-4.60138e-07 	3.92051e-15
0.0137297 	32.7787 	-4.60138e-07 	3.92051e-15
0.013984 	32.8018 	-4.60138e-07 	3.92051e-15
0.0142382 	32.8249 	-4.60138e-07 	3.92051e-15
0.0144925 	32.848 	-4.60138e-07 	3.9205e-15
0.0147467 	32.8711 	-4.60138e-07 	3.9205e-15
0.015001 	32.8942 	-4.60138e-07 	3.9205e-15
0.0152553 	32.9173 	-4.60138e-07 	3.9205e-15
0.0155095 	32.942 	-5.30437e-07 	3.9463e-15
0.0157638 	32.9687 	-5.30437e-07 	3.9463e-15
0.016018 	32.9954 	-5.30437e-07 	3.9463e-15
0.0162723 	33.0221 	-5.30437e-07 	3.9463e-15
0.0165265 	33.0489 	-5.30437e-07 	3.9463e-15
0.0167808 	33.0756 	-5.30437e-07 	3.94629e-15
0.017035 	33.1023 	-5.30437e-07 	3.94629e-15
0.0172893 	33.129 	-5.30437e-07 	3.94629e-15
0.0175435 	33.1557 	-5.30437e-07 	3.94629e-15
0.0177978 	33.1824 	-5.30437e-07 	3.94629e-15
0.0180521 	33.2106 	-6.05956e-07 	3.97622e-15
0.0183063 	33.2413 	-6.05956e-07 	3.97622e-15
0.0185606 	33.272 	-6.05956e-07 	3.97622e-15
0.0188148 	33.3027 	-6.05956e-07 	3.97622e-15
0.0190691 	33.3334 	-6.05956e-07 	3.97621e-15
0.0193233 	33.3641 	-6.05956e-07 	3.97621e-15
0.0195776 	33.3948 	-6.05956e-07 	3.97621e-15
0.0198318 	33.4255 	-6.05956e-07 	3.97621e-15
0.0200861 	33.4562 	-6.05956e-07 	3.97621e-15
0.0203403 	33.4869 	-6.05956e-07 	3.9762e-15
0.0205946 	33.5187 	-6.85536e-07 	4.0117e-15
0.0208488 	33.5536 	-6.85536e-07 	4.0117e-15
0.0211031 	33.5886 	-6.85536e-07 	4.0117e-15
0.0213574 	33.6235 	-6.85536e-07 	4.0117e-15
0.0216116 	33.6584 	-6.85536e-07 	4.0117e-15
0.0218659 	33.6934 	-6.85536e-07 	4.01169e-15
0.0221201 	33.7283 	-6.85536e-07 	4.01169e-15
0.0223744 	33.7632 	-6.85536e-07 	4.01169e-15
0.0226286 	33.7981 	-6.85536e-07 	4.01169e-15
0.0228829 	33.8331 	-6.85536e-07 	4.01168e-15
0.0231371 	33.8688 	-7.68511e-07 	4.05315e-15
0.0233914 	33.9081 	-7.68511e-07 	4.05314e-15
0.0236456 	33.9475 	-7.68511e-07 	4.05314e-15
0.0238999 	33.9868 	-7.68511e-07 	4.05314e-15
0.0241542 	34.0262 	-7.68511e-07 	4.05314e-15
0.0244084 	34.0655 	-7.68511e-07 	4.05313e-15
0.0246627 	34.1049 	-7.68511e-07 	4.05313e-15
0.0249169 	34.1442 	-7.68511e-07 	4.05313e-15
0.0251712 	34.1835 	-7.68511e-07 	4.05313e-15
0.0254254 	34.2229 	-7.68511e-07 	4.05312e-15
0.0256797 	34.2626 	-8.54336e-07 	4.10037e-15
0.0259339 	34.3066 	-8.54336e-07 	4.10037e-15
0.0261882 	34.3505 	-8.54336e-07 	4.10037e-15
0.0264424 	34.3945 	-8.54336e-07 	4.10036e-15
0.0266967 	34.4384 	-8.54336e-07 	4.10036e-15
0.026951 	34.4823 	-8.54336e-07 	4.10036e-15
0.0272052 	34.5263 	-8.54336e-07 	4.10035e-15
0.0274595 	34.5702 	-8.54336e-07 	4.10035e-15
0.0277137 	34.6142 	-8.54336e-07 	4.10035e-15
0.027968 	34.6581 	-8.54336e-07 	4.10035e-15
0.0282222 	34.702 	-9.92602e-07 	2.22478e-20
0.0284765 	34.7507 	-9.41682e-07 	4.15334e-15
0.0287307 	34.7995 	-9.41682e-07 	4.15334e-15
0.028985 	34.8482 	-9.41682e-07 	4.15334e-15
0.0292392 	34.8969 	-9.41682e-07 	4.15333e-15
0.0294935 	34.9456 	-9.41682e-07 	4.15333e-15
0.0297477 	34.9943 	-9.41682e-07 	4.15333e-15
0.030002 	35.043 	-9.41682e-07 	4.15332e-15
0.0302563 	35.0917 	-9.41682e-07 	4.15332e-15
0.0305105 	35.1404 	-9.41682e-07 	4.15332e-15
0.0307648 	35.1892 	-9.41682e-07 	4.15331e-15
0.031019 	35.2424 	-1.02846e-06 	4.26176e-15
0.0312733 	35.296 	-1.02846e-06 	4.26175e-15
0.0315275 	35.3497 	-1.02846e-06 	4.26175e-15
0.0317818 	35.4034 	-1.02846e-06 	4.26175e-15
0.032036 	35.4571 	-1.02846e-06 	4.26174e-15
0.0322903 	35.5107 	-1.02846e-06 	4.26174e-15
0.0325445 	35.5644 	-1.02846e-06 	4.26174e-15
0.0327988 	35.6181 	-1.02846e-06 	4.26173e-15
0.0330531 	35.6717 	-1.02846e-06 	4.26173e-15
0.0333073 	35.7254 	-1.02846e-06 	4.26173e-15
0.0335616 	35.7833 	-1.11668e-06 	4.2835e-15
0.0338158 	35.8421 	-1.11668e-06 	4.28349e-15
0.0340701 	35.9009 	-1.11668e-06 	4.28349e-15
0.0343243 	35.9597 	-1.11668e-06 	4.28348e-15
0.0345786 	36.0185 	-1.11668e-06 	4.28348e-15
0.0348328 	36.0773 	-1.11668e-06 	4.28348e-15
0.0350871 	36.1362 	-1.11668e-06 	4.28347e-15
0.0353413 	36.195 	-1.11668e-06 	4.28347e-15
0.0355956 	36.2538 	-1.11668e-06 	4.28347e-15
0.0358498 	36.3126 	-1.11668e-06 	4.28346e-15
0.0361041 	36.3753 	-1.20743e-06 	4.38865e-15
0.0363584 	36.4394 	-1.20743e-06 	4.38865e-15
0.0366126 	36.5036 	-1.20743e-06 	4.38864e-15
0.0368669 	36.5677 	-1.20743e-06 	4.38864e-15
0.0371211 	36.6319 	-1.20743e-06 	4.38863e-15
0.0373754 	36.6961 	-1.20743e-06 	4.38863e-15
0.0376296 	36.7602 	-1.20743e-06 	4.38863e-15
0.0378839 	36.8244 	-1.20743e-06 	4.38862e-15
0.0381381 	36.8885 	-1.20743e-06 	4.38862e-15
0.0383924 	36.9527 	-1.20743e-06 	4.38861e-15
0.0386466 	37.0203 	-1.3026e-06 	4.51476e-15
0.0389009 	37.09 	-1.3026e-06 	4.51476e-15
0.0391552 	37.1597 	-1.3026e-06 	4.51476e-15
0.0394094 	37.2294 	-1.3026e-06 	4.51475e-15
0.0396637 	37.2991 	-1.3026e-06 	4.51475e-15
0.0399179 	37.3688 	-1.3026e-06 	4.51474e-15
0.0401722 	37.4385 	-1.3026e-06 	4.51474e-15
0.0404264 	37.5082 	-1.3026e-06 	4.51473e-15
0.0406807 	37.5779 	-1.3026e-06 	4.51473e-15
0.0409349 	37.6476 	-1.3026e-06 	4.51472e-15
0.0411892 	37.7205 	-1.40154e-06 	4.64704e-15
0.0414434 	37.7959 	-1.40154e-06 	4.64704e-15
0.0416977 	37.8714 	-1.40154e-06 	4.64703e-15
0.041952 	37.9469 	-1.40154e-06 	4.64703e-15
0.0422062 	38.0223 	-1.40154e-06 	4.64702e-15
0.0424605 	38.0978 	-1.40154e-06 	4.64702e-15
0.0427147 	38.1732 	-1.40154e-06 	4.64702e-15
0.042969 	38.2487 	-1.40154e-06 	4.64701e-15
0.0432232 	38.3242 	-1.40154e-06 	4.64701e-15
0.0434775 	38.3996 	-1.40154e-06 	4.647e-15
0.0437317 	38.4778 	-1.50395e-06 	4.75419e-15
0.043986 	38.5592 	-1.50395e-06 	4.75419e-15
0.0442402 	38.6407 	-1.50395e-06 	4.75418e-15
0.0444945 	38.7221 	-1.50395e-06 	4.75418e-15
0.0447487 	38.8036 	-1.50395e-06 	4.75417e-15
0.045003 	38.885 	-1.50395e-06 	4.75417e-15
0.0452573 	38.9665 	-1.50395e-06 	4.75416e-15
0.0455115 	39.0479 	-1.50395e-06 	4.75416e-15
0.0457658 	39.1294 	-1.50395e-06 	4.75415e-15
0.04602 	39.2108 	-1.50395e-06 	4.75415e-15
0.0462743 	39.2946 	-1.60973e-06 	4.80945e-15
0.0465285 	39.3822 	-1.60973e-06 	4.80944e-15
0.0467828 	39.4699 	-1.60973e-06 	4.80944e-15
0.047037 	39.5576 	-1.60973e-06 	4.80943e-15
0.0472913 	39.6453 	-1.60973e-06 	4.80943e-15
0.0475455 	39.7329 	-1.60973e-06 	4.80942e-15
0.0477998 	39.8206 	-1.60973e-06 	4.80942e-15
0.0480541 	39.9083 	-1.60973e-06 	4.80941e-15
0.0483083 	39.996 	-1.60973e-06 	4.80941e-15
0.0485626 	40.0836 	-1.60973e-06 	4.8094e-15
0.0488168 	40.1731 	-1.71869e-06 	4.86942e-15
0.0490711 	40.2672 	-1.71869e-06 	4.86942e-15
0.0493253 	40.3614 	-1.71869e-06 	4.86941e-15
0.0495796 	40.4555 	-1.71869e-06 	4.86941e-15
0.0498338 	40.5497 	-1.71869e-06 	4.8694e-15
0.0500881 	40.6438 	-1.71869e-06 	4.86939e-15
0.0503423 	40.738 	-1.71869e-06 	4.86939e-15
0.0505966 	40.8321 	-1.71869e-06 	4.86938e-15
0.0508509 	40.9262 	-1.71869e-06 	4.86938e-15
0.0511051 	41.0204 	-1.71869e-06 	4.86937e-15
0.0513594 	41.1158 	-1.83053e-06 	4.99131e-15
0.0516136 	41.2166 	-1.83053e-06 	4.9913e-15
0.0518679 	41.3175 	-1.83053e-06 	4.9913e-15
0.0521221 	41.4184 	-1.83053e-06 	4.99129e-15
0.0523764 	41.5193 	-1.83053e-06 	4.99129e-15
0.0526306 	41.6201 	-1.83053e-06 	4.99128e-15
0.0528849 	41.721 	-1.83053e-06 	4.99127e-15
0.0531391 	41.8219 	-1.83053e-06 	4.99127e-15
0.0533934 	41.9227 	-1.83053e-06 	4.99126e-15
0.0536476 	42.0236 	-1.83053e-06 	4.99125e-15
0.0539019 	42.1251 	-1.94476e-06 	5.0791e-15
0.0541562 	42.233 	-1.94476e-06 	5.07909e-15
0.0544104 	42.3408 	-1.94476e-06 	5.07908e-15
0.0546647 	42.4487 	-1.94476e-06 	5.07908e-15
0.0549189 	42.5565 	-1.94476e-06 	5.07907e-15
0.0551732 	42.6644 	-1.94476e-06 	5.07906e-15
0.0554274 	42.7722 	-1.94476e-06 	5.07906e-15
0.0556817 	42.8801 	-1.94476e-06 	5.07905e-15
0.0559359 	42.9879 	-1.94476e-06 	5.07904e-15
0.0561902 	43.0958 	-1.94476e-06 	5.07903e-15
0.0564444 	43.2036 	-2.315e-06 	-3.65099e-19
0.0566987 	43.3187 	-2.06067e-06 	5.20573e-15
0.056953 	43.4338 	-2.06067e-06 	5.20572e-15
0.0572072 	43.5489 	-2.06067e-06 	5.20571e-15
0.0574615 	43.664 	-2.06067e-06 	5.20571e-15
0.0577157 	43.7791 	-2.06067e-06 	5.2057e-15
0.05797 	43.8942 	-2.06067e-06 	5.20569e-15
0.0582242 	44.0093 	-2.06067e-06 	5.20569e-15
0.0584785 	44.1244 	-2.06067e-06 	5.20568e-15
0.0587327 	44.2395 	-2.06067e-06 	5.20567e-15
0.058987 	44.3546 	-2.06067e-06 	5.20566e-15
0.0592412 	44.4765 	-2.17723e-06 	5.34984e-15
0.0594955 	44.599 	-2.17723e-06 	5.34984e-15
0.0597497 	44.7216 	-2.17723e-06 	5.34983e-15
0.060004 	44.8442 	-2.17723e-06 	5.34982e-15
0.0602583 	44.9668 	-2.17723e-06 	5.34981e-15
0.0605125 	45.0894 	-2.17723e-06 	5.3498e-15
0.0607668 	45.212 	-2.17723e-06 	5.3498e-15
0.061021 	45.3346 	-2.17723e-06 	5.34979e-15
0.0612753 	45.4571 	-2.17723e-06 	5.34978e-15
0.0615295 	45.5797 	-2.17723e-06 	5.34977e-15
0.0617838 	45.7086 	-2.29455e-06 	5.56161e-15
0.062038 	45.839 	-2.29455e-06 	5.5616e-15
0.0622923 	45.9693 	-2.29455e-06 	5.56159e-15
0.0625465 	46.0996 	-2.29455e-06 	5.56158e-15
0.0628008 	46.2299 	-2.29455e-06 	5.56157e-15
0.0630551 	46.3602 	-2.29455e-06 	5.56156e-15
0.0633093 	46.4905 	-2.29455e-06 	5.56156e-15
0.0635636 	46.6209 	-2.29455e-06 	5.56155e-15
0.0638178 	46.7512 	-2.29455e-06 	5.56154e-15
0.0640721 	46.8815 	-2.29455e-06 	5.56153e-15
0.0643263 	47.0176 	-2.41229e-06 	5.6645e-15
0.0645806 	47.1559 	-2.41229e-06 	5.66449e-15
0.0648348 	47.2942 	-2.41229e-06 	5.66448e-15
0.0650891 	47.4325 	-2.41229e-06 	5.66447e-15
0.0653433 	47.5707 	-2.41229e-06 	5.66446e-15
0.0655976 	47.709 	-2.41229e-06 	5.66445e-15
0.0658519 	47.8473 	-2.41229e-06 	5.66445e-15
0.0661061 	47.9856 	-2.41229e-06 	5.66444e-15
0.0663604 	48.1239 	-2.41229e-06 	5.66443e-15
0.0666146 	48.2621 	-2.41229e-06 	5.66442e-15
0.0668689 	48.4056 	-2.52929e-06 	5.83465e-15
0.0671231 	48.5521 	-2.52929e-06 	5.83464e-15
0.0673774 	48.6985 	-2.52929e-06 	5.83463e-15
0.0676316 	48.845 	-2.52929e-06 	5.83462e-15
0.0678859 	48.9915 	-2.52929e-06 	5.83461e-15
0.0681401 	49.1379 	-2.52929e-06 	5.8346e-15
0.0683944 	49.2844 	-2.52929e-06 	5.83459e-15
0.0686486 	49.4308 	-2.52929e-06 	5.83458e-15
0.0689029 	49.5773 	-2.52929e-06 	5.83457e-15
0.0691572 	49.7238 	-2.52929e-06 	5.83456e-15
0.0694114 	49.8748 	-2.64425e-06 	6.00808e-15
0.0696657 	50.0297 	-2.64425e-06 	6.00807e-15
0.0699199 	50.1846 	-2.64425e-06 	6.00806e-15
0.0701742 	50.3394 	-2.64425e-06 	6.00805e-15
0.0704284 	50.4943 	-2.64425e-06 	6.00804e-15
0.0706827 	50.6492 	-2.64425e-06 	6.00803e-15
0.0709369 	50.804 	-2.64425e-06 	6.00802e-15
0.0711912 	50.9589 	-2.64425e-06 	6.00801e-15
0.0714454 	51.1138 	-2.64425e-06 	6.008e-15
0.0716997 	51.2686 	-2.64425e-06 	6.00799e-15
0.071954 	51.4274 	-2.74995e-06 	6.18901e-15
0.0722082 	51.5909 	-2.74995e-06 	6.189e-15
0.0724625 	51.7544 	-2.74995e-06 	6.18899e-15
0.0727167 	51.9179 	-2.74995e-06 	6.18898e-15
0.072971 	52.0814 	-2.74995e-06 	6.18897e-15
0.0732252 	52.2449 	-2.74995e-06 	6.18896e-15
0.0734795 	52.4085 	-2.74995e-06 	6.18894e-15
0.0737337 	52.572 	-2.74995e-06 	6.18893e-15
0.073988 	52.7355 	-2.74995e-06 	6.18892e-15
0.0742422 	52.899 	-2.74995e-06 	6.18891e-15
0.0744965 	53.0656 	-2.81126e-06 	6.37783e-15
0.0747508 	53.2379 	-2.81126e-06 	6.37782e-15
0.075005 	53.4102 	-2.81126e-06 	6.37781e-15
0.0752593 	53.5824 	-2.81126e-06 	6.37779e-15
0.0755135 	53.7547 	-2.81126e-06 	6.37778e-15
0.0757678 	53.927 	-2.81126e-06 	6.37777e-15
0.076022 	54.0992 	-2.81126e-06 	6.37776e-15
0.0762763 	54.2715 	-2.81126e-06 	6.37775e-15
0.0765305 	54.4437 	-2.81126e-06 	6.37774e-15
0.0767848 	54.616 	-2.81126e-06 	6.37773e-15
0.077039 	54.7906 	-2.85171e-06 	6.51947e-15
0.0772933 	54.9716 	-2.85171e-06 	6.51946e-15
0.0775475 	55.1526 	-2.85171e-06 	6.51945e-15
0.0778018 	55.3336 	-2.85171e-06 	6.51944e-15
0.0780561 	55.5146 	-2.85171e-06 	6.51943e-15
0.0783103 	55.6955 	-2.85171e-06 	6.51942e-15
0.0785646 	55.8765 	-2.85171e-06 	6.5194e-15
0.0788188 	56.0575 	-2.85171e-06 	6.51939e-15
0.0790731 	56.2385 	-2.85171e-06 	6.51938e-15
0.0793273 	56.4194 	-2.85171e-06 	6.51937e-15
0.0795816 	56.602 	-2.88868e-06 	6.71918e-15
0.0798358 	56.7915 	-2.88868e-06 	6.71917e-15
0.0800901 	56.981 	-2.88868e-06 	6.71916e-15
0.0803443 	57.1706 	-2.88868e-06 	6.71915e-15
0.0805986 	57.3601 	-2.88868e-06 	6.71913e-15
0.0808529 	57.5496 	-2.88868e-06 	6.71912e-15
0.0811071 	57.7392 	-2.88868e-06 	6.71911e-15
0.0813614 	57.9287 	-2.88868e-06 	6.7191e-15
0.0816156 	58.1183 	-2.88868e-06 	6.71909e-15
0.0818699 	58.3078 	-2.88868e-06 	6.71907e-15
0.0821241 	58.4981 	-2.91811e-06 	6.92264e-15
0.0823784 	58.6959 	-2.91811e-06 	6.92263e-15
0.0826326 	58.8938 	-2.91811e-06 	6.92261e-15
0.0828869 	59.0917 	-2.91811e-06 	6.9226e-15
0.0831411 	59.2895 	-2.91811e-06 	6.92259e-15
0.0833954 	59.4874 	-2.91811e-06 	6.92258e-15
0.0836496 	59.6852 	-2.91811e-06 	6.92256e-15
0.0839039 	59.8831 	-2.91811e-06 	6.92255e-15
0.0841582 	60.081 	-2.91811e-06 	6.92254e-15
0.0844124 	60.2788 	-2.91811e-06 	6.92253e-15
0.0846667 	60.4767 	-3.85261e-06 	1.88282e-17
0.0849209 	60.6826 	-2.94681e-06 	7.12783e-15
0.0851752 	60.8884 	-2.94681e-06 	7.12782e-15
0.0854294 	61.0943 	-2.94681e-06 	7.1278e-15
0.0856837 	61.3002 	-2.94681e-06 	7.12779e-15
0.0859379 	61.5061 	-2.94681e-06 	7.12778e-15
0.0861922 	61.712 	-2.94681e-06 	7.12776e-15
0.0864464 	61.9179 	-2.94681e-06 	7.12775e-15
0.0867007 	62.1238 	-2.94681e-06 	7.12774e-15
0.086955 	62.3296 	-2.94681e-06 	7.12773e-15
0.0872092 	62.5355 	-2.94681e-06 	7.12771e-15
0.0874635 	62.7484 	-2.95983e-06 	7.33402e-15
0.0877177 	62.9619 	-2.95983e-06 	7.33401e-15
0.087972 	63.1755 	-2.95983e-06 	7.33399e-15
0.0882262 	63.389 	-2.95983e-06 	7.33398e-15
0.0884805 	63.6026 	-2.95983e-06 	7.33396e-15
0.0887347 	63.8161 	-2.95983e-06 	7.33395e-15
0.088989 	64.0297 	-2.95983e-06 	7.33394e-15
0.0892432 	64.2432 	-2.95983e-06 	7.33392e-15
0.0894975 	64.4568 	-2.95983e-06 	7.33391e-15
0.0897518 	64.6703 	-2.95983e-06 	7.3339e-15
0.090006 	64.8897 	-2.9496e-06 	7.54056e-15
0.0902603 	65.1104 	-2.9496e-06 	7.54054e-15
0.0905145 	65.3311 	-2.9496e-06 	7.54053e-15
0.0907688 	65.5518 	-2.9496e-06 	7.54051e-15
0.091023 	65.7725 	-2.9496e-06 	7.5405e-15
0.0912773 	65.9932 	-2.9496e-06 	7.54048e-15
0.0915315 	66.2138 	-2.9496e-06 	7.54047e-15
0.0917858 	66.4345 	-2.9496e-06 	7.54046e-15
0.09204 	66.6552 	-2.9496e-06 	7.54044e-15
0.0922943 	66.8759 	-2.9496e-06 	7.54043e-15
0.0925485 	67.1012 	-2.93303e-06 	7.74633e-15
0.0928028 	67.3282 	-2.93303e-06 	7.74632e-15
0.0930571 	67.5552 	-2.93303e-06 	7.7463e-15
0.0933113 	67.7822 	-2.93303e-06 	7.74629e-15
0.0935656 	68.0092 	-2.93303e-06 	7.74627e-15
0.0938198 	68.2362 	-2.93303e-06 	7.74626e-15
0.0940741 	68.4632 	-2.93303e-06 	7.74624e-15
0.0943283 	68.6902 	-2.93303e-06 	7.74623e-15
0.0945826 	68.9172 	-2.93303e-06 	7.74622e-15
0.0948368 	69.1442 	-2.93303e-06 	7.7462e-15
0.0950911 	69.3745 	-2.89794e-06 	7.87786e-15
0.0953453 	69.6068 	-2.89794e-06 	7.87784e-15
0.0955996 	69.839 	-2.89794e-06 	7.87783e-15
0.0958539 	70.0712 	-2.89794e-06 	7.87781e-15
0.0961081 	70.3034 	-2.89794e-06 	7.8778e-15
0.0963624 	70.5357 	-2.89794e-06 	7.87778e-15
0.0966166 	70.7679 	-2.89794e-06 	7.87777e-15
0.0968709 	71.0001 	-2.89794e-06 	7.87775e-15
0.0971251 	71.2324 	-2.89794e-06 	7.87774e-15
0.0973794 	71.4646 	-2.89794e-06 	7.87772e-15
0.0976336 	71.6989 	-2.82645e-06 	8.14139e-15
0.0978879 	71.9349 	-2.82645e-06 	8.14138e-15
0.0981421 	72.1709 	-2.82645e-06 	8.14136e-15
0.0983964 	72.4069 	-2.82645e-06 	8.14135e-15
0.0986507 	72.643 	-2.82645e-06 	8.14133e-15
0.0989049 	72.879 	-2.82645e-06 	8.14132e-15
0.0991592 	73.115 	-2.82645e-06 	8.1413e-15
0.0994134 	73.351 	-2.82645e-06 	8.14129e-15
0.0996677 	73.5871 	-2.82645e-06 	8.14127e-15
0.0999219 	73.8231 	-2.82645e-06 	8.14126e-15
0.100176 	74.06 	-2.71316e-06 	8.38549e-15
0.10043 	74.298 	-2.71316e-06 	8.38548e-15
0.100685 	74.536 	-2.71316e-06 	8.38546e-15
0.100939 	74.7741 	-2.71316e-06 	8.38544e-15
0.101193 	75.0121 	-2.71316e-06 	8.38543e-15
0.101447 	75.2501 	-2.71316e-06 	8.38541e-15
0.101702 	75.4881 	-2.71316e-06 	8.3854e-15
0.101956 	75.7262 	-2.71316e-06 	8.38538e-15
0.10221 	75.9642 	-2.71316e-06 	8.38537e-15
0.102464 	76.2022 	-2.71316e-06 	8.38535e-15
0.102719 	76.4402 	-2.53822e-06 	8.56989e-15
0.102973 	76.678 	-2.53822e-06 	8.56987e-15
0.103227 	76.9159 	-2.53822e-06 	8.56986e-15
0.103481 	77.1538 	-2.53822e-06 	8.56984e-15
0.103736 	77.3916 	-2.53822e-06 	8.56983e-15
0.10399 	77.6295 	-2.53822e-06 	8.56981e-15
0.104244 	77.8674 	-2.53822e-06 	8.5698e-15
0.104498 	78.1052 	-2.53822e-06 	8.56978e-15
0.104753 	78.3431 	-2.53822e-06 	8.56976e-15
0.105007 	78.581 	-2.53822e-06 	8.56975e-15
0.105261 	78.8181 	-2.35398e-06 	8.79025e-15
0.105516 	79.0534 	-2.35398e-06 	8.79023e-15
0.10577 	79.2887 	-2.35398e-06 	8.79022e-15
0.106024 	79.5239 	-2.35398e-06 	8.7902e-15
0.106278 	79.7592 	-2.35398e-06 	8.79019e-15
0.106533 	79.9945 	-2.35398e-06 	8.79017e-15
0.106787 	80.2298 	-2.35398e-06 	8.79016e-15
0.107041 	80.465 	-2.35398e-06 	8.79014e-15
0.107295 	80.7003 	-2.35398e-06 	8.79013e-15
0.10755 	80.9356 	-2.35398e-06 	8.79011e-15
0.107804 	81.1699 	-2.07551e-06 	9.00202e-15
0.108058 	81.4 	-2.07551e-06 	9.00201e-15
0.108312 	81.6302 	-2.07551e-06 	9.002e-15
0.108567 	81.8603 	-2.07551e-06 	9.00198e-15
0.108821 	82.0904 	-2.07551e-06 	9.00197e-15
0.109075 	82.3205 	-2.07551e-06 	9.00195e-15
0.109329 	82.5507 	-2.07551e-06 	9.00194e-15
0.109584 	82.7808 	-2.07551e-06 	9.00192e-15
0.109838 	83.0109 	-2.07551e-06 	9.00191e-15
0.110092 	83.241 	-2.07551e-06 	9.00189e-15
0.110346 	83.4704 	-1.76435e-06 	9.13675e-15
0.110601 	83.6926 	-1.76435e-06 	9.13673e-15
0.110855 	83.9147 	-1.76435e-06 	9.13672e-15
0.111109 	84.1369 	-1.76435e-06 	9.1367e-15
0.111363 	84.359 	-1.76435e-06 	9.13669e-15
0.111618 	84.5812 	-1.76435e-06 	9.13668e-15
0.111872 	84.8033 	-1.76435e-06 	9.13666e-15
0.112126 	85.0255 	-1.76435e-06 	9.13665e-15
0.11238 	85.2476 	-1.76435e-06 	9.13663e-15
0.112635 	85.4698 	-1.76435e-06 	9.13662e-15
0.112889 	85.6919 	-2.87545e-06 	3.4844e-17
0.113143 	85.903 	-1.43263e-06 	9.24953e-15
0.113397 	86.114 	-1.43263e-06 	9.24951e-15
0.113652 	86.3251 	-1.43263e-06 	9.2495e-15
0.113906 	86.5361 	-1.43263e-06 	9.24949e-15
0.11416 	86.7472 	-1.43263e-06 	9.24947e-15
0.114414 	86.9582 	-1.43263e-06 	9.24946e-15
0.114669 	87.1693 	-1.43263e-06 	9.24945e-15
0.114923 	87.3803 	-1.43263e-06 	9.24943e-15
0.115177 	87.5914 	-1.43263e-06 	9.24942e-15
0.115431 	87.8025 	-1.43263e-06 	9.2494e-15
0.115686 	88.0004 	-1.0191e-06 	9.33745e-15
0.11594 	88.1971 	-1.0191e-06 	9.33743e-15
0.116194 	88.3937 	-1.0191e-06 	9.33742e-15
0.116448 	88.5904 	-1.0191e-06 	9.33741e-15
0.116703 	88.7871 	-1.0191e-06 	9.3374e-15
0.116957 	88.9837 	-1.0191e-06 	9.33738e-15
0.117211 	89.1804 	-1.0191e-06 	9.33737e-15
0.117465 	89.377 	-1.0191e-06 	9.33736e-15
0.11772 	89.5737 	-1.0191e-06 	9.33735e-15
0.117974 	89.7704 	-1.0191e-06 	9.33733e-15
0.118228 	89.9524 	-6.05117e-07 	9.39866e-15
0.118482 	90.1312 	-6.05117e-07 	9.39865e-15
0.118737 	90.31 	-6.05117e-07 	9.39864e-15
0.118991 	90.4888 	-6.05117e-07 	9.39862e-15
0.119245 	90.6676 	-6.05117e-07 	9.39861e-15
0.119499 	90.8465 	-6.05117e-07 	9.3986e-15
0.119754 	91.0253 	-6.05117e-07 	9.39859e-15
0.120008 	91.2041 	-6.05117e-07 	9.39858e-15
0.120262 	91.3829 	-6.05117e-07 	9.39857e-15
0.120517 	91.5617 	-6.05117e-07 	9.39855e-15
0.120771 	91.725 	-1.91895e-07 	9.43268e-15
0.121025 	91.8826 	-1.91895e-07 	9.43267e-15
0.121279 	92.0402 	-1.91895e-07 	9.43266e-15
0.121534 	92.1977 	-1.91895e-07 	9.43265e-15
0.121788 	92.3553 	-1.91895e-07 	9.43264e-15
0.122042 	92.5129 	-1.91895e-07 	9.43263e-15
0.122296 	92.6704 	-1.91895e-07 	9.43262e-15
0.122551 	92.828 	-1.91895e-07 	9.43261e-15
0.122805 	92.9856 	-1.91895e-07 	9.4326e-15
0.123059 	93.1431 	-1.91895e-07 	9.43259e-15
0.123313 	93.2853 	2.21938e-07 	9.43903e-15
0.123568 	93.4186 	2.21938e-07 	9.43902e-15
0.123822 	93.552 	2.21938e-07 	9.43901e-15
0.124076 	93.6853 	2.21938e-07 	9.439e-15
0.12433 	93.8187 	2.21938e-07 	9.43899e-15
0.124585 	93.952 	2.21938e-07 	9.43898e-15
0.124839 	94.0854 	2.21938e-07 	9.43898e-15
0.125093 	94.2187 	2.21938e-07 	9.43897e-15
0.125347 	94.3521 	2.21938e-07 	9.43896e-15
0.125602 	94.4854 	2.21938e-07 	9.43895e-15
0.125856 	94.6043 	5.9724e-07 	9.41977e-15
0.12611 	94.7111 	5.9724e-07 	9.41976e-15
0.126364 	94.8179 	5.9724e-07 	9.41976e-15
0.126619 	94.9248 	5.9724e-07 	9.41975e-15
0.126873 	95.0316 	5.9724e-07 	9.41974e-15
0.127127 	95.1384 	5.9724e-07 	9.41974e-15
0.127381 	95.2453 	5.9724e-07 	9.41973e-15
0.127636 	95.3521 	5.9724e-07 	9.41972e-15
0.12789 	95.4589 	5.9724e-07 	9.41971e-15
0.128144 	95.5658 	5.9724e-07 	9.41971e-15
0.128398 	95.66 	9.26121e-07 	9.37975e-15
0.128653 	95.739 	9.26121e-07 	9.37975e-15
0.128907 	95.8181 	9.26121e-07 	9.37974e-15
0.129161 	95.8971 	9.26121e-07 	9.37974e-15
0.129415 	95.9762 	9.26121e-07 	9.37973e-15
0.12967 	96.0553 	9.26121e-07 	9.37973e-15
0.129924 	96.1343 	9.26121e-07 	9.37972e-15
0.130178 	96.2134 	9.26121e-07 	9.37972e-15
0.130432 	96.2924 	9.26121e-07 	9.37971e-15
0.130687 	96.3715 	9.26121e-07 	9.37971e-15
0.130941 	96.4404 	1.20551e-06 	9.32442e-15
0.131195 	96.4916 	1.20551e-06 	9.32442e-15
0.131449 	96.5428 	1.20551e-06 	9.32442e-15
0.131704 	96.594 	1.20551e-06 	9.32441e-15
0.131958 	96.6452 	1.20551e-06 	9.32441e-15
0.132212 	96.6964 	1.20551e-06 	9.32441e-15
0.132466 	96.7476 	1.20551e-06 	9.3244e-15
0.132721 	96.7988 	1.20551e-06 	9.3244e-15
0.132975 	96.85 	1.20551e-06 	9.3244e-15
0.133229 	96.9012 	1.20551e-06 	9.32439e-15
0.133483 	96.945 	1.42648e-06 	9.25725e-15
0.133738 	96.9693 	1.42648e-06 	9.25725e-15
0.133992 	96.9936 	1.42648e-06 	9.25725e-15
0.134246 	97.0179 	1.42648e-06 	9.25725e-15
0.134501 	97.0421 	1.42648e-06 	9.25725e-15
0.134755 	97.0664 	1.42648e-06 	9.25725e-15
0.135009 	97.0907 	1.42648e-06 	9.25724e-15
0.135263 	97.115 	1.42648e-06 	9.25724e-15
0.135518 	97.1393 	1.42648e-06 	9.25724e-15
0.135772 	97.1635 	1.42648e-06 	9.25724e-15
0.136026 	97.1832 	1.62508e-06 	9.22176e-15
0.13628 	97.1823 	1.62508e-06 	9.22176e-15
0.136535 	97.1813 	1.62508e-06 	9.22176e-15
0.136789 	97.1804 	1.62508e-06 	9.22176e-15
0.137043 	97.1794 	1.62508e-06 	9.22176e-15
0.137297 	97.1785 	1.62508e-06 	9.22176e-15
0.137552 	97.1775 	1.62508e-06 	9.22176e-15
0.137806 	97.1766 	1.62508e-06 	9.22176e-15
0.13806 	97.1756 	1.62508e-06 	9.22176e-15
0.138314 	97.1747 	1.62508e-06 	9.22176e-15
0.138569 	97.1716 	1.7815e-06 	9.08602e-15
0.138823 	97.1474 	1.7815e-06 	9.08602e-15
0.139077 	97.1233 	1.7815e-06 	9.08602e-15
0.139331 	97.0991 	1.7815e-06 	9.08602e-15
0.139586 	97.075 	1.7815e-06 	9.08602e-15
0.13984 	97.0508 	1.7815e-06 	9.08602e-15
0.140094 	97.0267 	1.7815e-06 	9.08602e-15
0.140348 	97.0025 	1.7815e-06 	9.08603e-15
0.140603 	96.9784 	1.7815e-06 	9.08603e-15
0.140857 	96.9542 	1.7815e-06 	9.08603e-15
0.141111 	96.9301 	9.67641e-07 	2.38429e-17
0.141365 	96.8849 	1.90689e-06 	8.98797e-15
0.14162 	96.8397 	1.90689e-06 	8.98797e-15
0.141874 	96.7945 	1.90689e-06 	8.98797e-15
0.142128 	96.7493 	1.90689e-06 	8.98797e-15
0.142382 	96.7041 	1.90689e-06 	8.98798e-15
0.142637 	96.6589 	1.90689e-06 	8.98798e-15
0.142891 	96.6137 	1.90689e-06 	8.98798e-15
0.143145 	96.5685 	1.90689e-06 	8.98799e-15
0.143399 	96.5232 	1.90689e-06 	8.98799e-15
0.143654 	96.478 	1.90689e-06 	8.98799e-15
0.143908 	96.4157 	2.02416e-06 	8.84248e-15
0.144162 	96.3516 	2.02416e-06 	8.84249e-15
0.144416 	96.2875 	2.02416e-06 	8.84249e-15
0.144671 	96.2234 	2.02416e-06 	8.84249e-15
0.144925 	96.1593 	2.02416e-06 	8.8425e-15
0.145179 	96.0952 	2.02416e-06 	8.8425e-15
0.145433 	96.0311 	2.02416e-06 	8.84251e-15
0.145688 	95.967 	2.02416e-06 	8.84251e-15
0.145942 	95.9029 	2.02416e-06 	8.84252e-15
0.146196 	95.8388 	2.02416e-06 	8.84252e-15
0.14645 	95.7609 	2.13019e-06 	8.68587e-15
0.146705 	95.6799 	2.13019e-06 	8.68588e-15
0.146959 	95.5989 	2.13019e-06 	8.68588e-15
0.147213 	95.518 	2.13019e-06 	8.68589e-15
0.147467 	95.437 	2.13019e-06 	8.68589e-15
0.147722 	95.356 	2.13019e-06 	8.6859e-15
0.147976 	95.2751 	2.13019e-06 	8.6859e-15
0.14823 	95.1941 	2.13019e-06 	8.68591e-15
0.148484 	95.1131 	2.13019e-06 	8.68591e-15
0.148739 	95.0322 	2.13019e-06 	8.68592e-15
0.148993 	94.9403 	2.23107e-06 	8.57191e-15
0.149247 	94.8444 	2.23107e-06 	8.57192e-15
0.149502 	94.7484 	2.23107e-06 	8.57192e-15
0.149756 	94.6525 	2.23107e-06 	8.57193e-15
0.15001 	94.5566 	2.23107e-06 	8.57193e-15
0.150264 	94.4606 	2.23107e-06 	8.57194e-15
0.150519 	94.3647 	2.23107e-06 	8.57195e-15
0.150773 	94.2687 	2.23107e-06 	8.57195e-15
0.151027 	94.1728 	2.23107e-06 	8.57196e-15
0.151281 	94.0769 	2.23107e-06 	8.57196e-15
0.151536 	93.9726 	2.32688e-06 	8.45079e-15
0.15179 	93.8635 	2.32688e-06 	8.4508e-15
0.152044 	93.7544 	2.32688e-06 	8.45081e-15
0.152298 	93.6453 	2.32688e-06 	8.45081e-15
0.152553 	93.5362 	2.32688e-06 	8.45082e-15
0.152807 	93.4271 	2.32688e-06 	8.45083e-15
0.153061 	93.318 	2.32688e-06 	8.45084e-15
0.153315 	93.2089 	2.32688e-06 	8.45084e-15
0.15357 	93.0998 	2.32688e-06 	8.45085e-15
0.153824 	92.9907 	2.32688e-06 	8.45086e-15
0.154078 	92.8754 	2.41432e-06 	8.32757e-15
0.154332 	92.755 	2.41432e-06 	8.32758e-15
0.154587 	92.6345 	2.41432e-06 	8.32759e-15
0.154841 	92.5141 	2.41432e-06 	8.3276e-15
0.155095 	92.3937 	2.41432e-06 	8.3276e-15
0.155349 	92.2732 	2.41432e-06 	8.32761e-15
0.155604 	92.1528 	2.41432e-06 	8.32762e-15
0.155858 	92.0323 	2.41432e-06 	8.32763e-15
0.156112 	91.9119 	2.41432e-06 	8.32764e-15
0.156366 	91.7914 	2.41432e-06 	8.32764e-15
0.156621 	91.6667 	2.49005e-06 	8.19985e-15
0.156875 	91.5367 	2.49005e-06 	8.19986e-15
0.157129 	91.4068 	2.49005e-06 	8.19987e-15
0.157383 	91.2768 	2.49005e-06 	8.19988e-15
0.157638 	91.1469 	2.49005e-06 	8.19988e-15
0.157892 	91.0169 	2.49005e-06 	8.19989e-15
0.158146 	90.887 	2.49005e-06 	8.1999e-15
0.1584 	90.757 	2.49005e-06 	8.19991e-15
0.158655 	90.627 	2.49005e-06 	8.19992e-15
0.158909 	90.4971 	2.49005e-06 	8.19993e-15
0.159163 	90.3644 	2.55188e-06 	8.11262e-15
0.159417 	90.2268 	2.55188e-06 	8.11263e-15
0.159672 	90.0892 	2.55188e-06 	8.11264e-15
0.159926 	89.9516 	2.55188e-06 	8.11265e-15
0.16018 	89.8141 	2.55188e-06 	8.11265e-15
0.160434 	89.6765 	2.55188e-06 	8.11266e-15
0.160689 	89.5389 	2.55188e-06 	8.11267e-15
0.160943 	89.4013 	2.55188e-06 	8.11268e-15
0.161197 	89.2637 	2.55188e-06 	8.11269e-15
0.161451 	89.1262 	2.55188e-06 	8.1127e-15
0.161706 	88.987 	2.59912e-06 	8.02652e-15
0.16196 	88.8437 	2.59912e-06 	8.02653e-15
0.162214 	88.7004 	2.59912e-06 	8.02654e-15
0.162468 	88.557 	2.59912e-06 	8.02655e-15
0.162723 	88.4137 	2.59912e-06 	8.02656e-15
0.162977 	88.2704 	2.59912e-06 	8.02656e-15
0.163231 	88.1271 	2.59912e-06 	8.02657e-15
0.163485 	87.9837 	2.59912e-06 	8.02658e-15
0.16374 	87.8404 	2.59912e-06 	8.02659e-15
0.163994 	87.6971 	2.59912e-06 	8.0266e-15
0.164248 	87.553 	2.63218e-06 	7.89053e-15
0.164503 	87.4058 	2.63218e-06 	7.89054e-15
0.164757 	87.2585 	2.63218e-06 	7.89055e-15
0.165011 	87.1112 	2.63218e-06 	7.89056e-15
0.165265 	86.964 	2.63218e-06 	7.89057e-15
0.16552 	86.8167 	2.63218e-06 	7.89058e-15
0.165774 	86.6694 	2.63218e-06 	7.89059e-15
0.166028 	86.5222 	2.63218e-06 	7.8906e-15
0.166282 	86.3749 	2.63218e-06 	7.89061e-15
0.166537 	86.2276 	2.63218e-06 	7.89062e-15
0.166791 	86.0802 	2.65191e-06 	7.75475e-15
0.167045 	85.9306 	2.65191e-06 	7.75476e-15
0.167299 	85.7811 	2.65191e-06 	7.75477e-15
0.167554 	85.6316 	2.65191e-06 	7.75478e-15
0.167808 	85.482 	2.65191e-06 	7.75479e-15
0.168062 	85.3325 	2.65191e-06 	7.7548e-15
0.168316 	85.183 	2.65191e-06 	7.75481e-15
0.168571 	85.0335 	2.65191e-06 	7.75482e-15
0.168825 	84.8839 	2.65191e-06 	7.75482e-15
0.169079 	84.7344 	2.65191e-06 	7.75483e-15
0.169333 	84.5849 	2.01246e-06 	1.34816e-17
0.169588 	84.4346 	2.65909e-06 	7.6752e-15
0.169842 	84.2843 	2.65909e-06 	7.67521e-15
0.170096 	84.134 	2.65909e-06 	7.67522e-15
0.17035 	83.9837 	2.65909e-06 	7.67523e-15
0.170605 	83.8335 	2.65909e-06 	7.67524e-15
0.170859 	83.6832 	2.65909e-06 	7.67525e-15
0.171113 	83.5329 	2.65909e-06 	7.67526e-15
0.171367 	83.3826 	2.65909e-06 	7.67527e-15
0.171622 	83.2323 	2.65909e-06 	7.67528e-15
0.171876 	83.0821 	2.65909e-06 	7.67529e-15
0.17213 	82.9323 	2.65471e-06 	7.53314e-15
0.172384 	82.7826 	2.65471e-06 	7.53315e-15
0.172639 	82.6328 	2.65471e-06 	7.53316e-15
0.172893 	82.4831 	2.65471e-06 	7.53317e-15
0.173147 	82.3334 	2.65471e-06 	7.53318e-15
0.173401 	82.1837 	2.65471e-06 	7.53319e-15
0.173656 	82.0339 	2.65471e-06 	7.5332e-15
0.17391 	81.8842 	2.65471e-06 	7.53321e-15
0.174164 	81.7345 	2.65471e-06 	7.53322e-15
0.174418 	81.5848 	2.65471e-06 	7.53323e-15
0.174673 	81.4364 	2.63937e-06 	7.43439e-15
0.174927 	81.2883 	2.63937e-06 	7.4344e-15
0.175181 	81.1403 	2.63937e-06 	7.43441e-15
0.175435 	80.9922 	2.63937e-06 	7.43441e-15
0.17569 	80.8442 	2.63937e-06 	7.43442e-15
0.175944 	80.6961 	2.63937e-06 	7.43443e-15
0.176198 	80.548 	2.63937e-06 	7.43444e-15
0.176452 	80.4 	2.63937e-06 	7.43445e-15
0.176707 	80.2519 	2.63937e-06 	7.43446e-15
0.176961 	80.1039 	2.63937e-06 	7.43447e-15
0.177215 	79.9577 	2.61441e-06 	7.3515e-15
0.177469 	79.8122 	2.61441e-06 	7.35151e-15
0.177724 	79.6667 	2.61441e-06 	7.35152e-15
0.177978 	79.5212 	2.61441e-06 	7.35153e-15
0.178232 	79.3757 	2.61441e-06 	7.35154e-15
0.178486 	79.2302 	2.61441e-06 	7.35155e-15
0.178741 	79.0847 	2.61441e-06 	7.35155e-15
0.178995 	78.9392 	2.61441e-06 	7.35156e-15
0.179249 	78.7937 	2.61441e-06 	7.35157e-15
0.179504 	78.6483 	2.61441e-06 	7.35158e-15
0.179758 	78.5049 	2.58013e-06 	7.22215e-15
0.180012 	78.3627 	2.58013e-06 	7.22216e-15
0.180266 	78.2205 	2.58013e-06 	7.22217e-15
0.180521 	78.0783 	2.58013e-06 	7.22218e-15
0.180775 	77.9361 	2.58013e-06 	7.22219e-15
0.181029 	77.7939 	2.58013e-06 	7.22219e-15
0.181283 	77.6517 	2.58013e-06 	7.2222e-15
0.181538 	77.5096 	2.58013e-06 	7.22221e-15
0.181792 	77.3674 	2.58013e-06 	7.22222e-15
0.182046 	77.2252 	2.58013e-06 	7.22223e-15
0.1823 	77.0851 	2.53666e-06 	7.08811e-15
0.182555 	76.9468 	2.53666e-06 	7.08811e-15
0.182809 	76.8085 	2.53666e-06 	7.08812e-15
0.183063 	76.6702 	2.53666e-06 	7.08813e-15
0.183317 	76.5319 	2.53666e-06 	7.08814e-15
0.183572 	76.3936 	2.53666e-06 	7.08815e-15
0.183826 	76.2553 	2.53666e-06 	7.08816e-15
0.18408 	76.117 	2.53666e-06 	7.08817e-15
0.184334 	75.9787 	2.53666e-06 	7.08818e-15
0.184589 	75.8404 	2.53666e-06 	7.08819e-15
0.184843 	75.704 	2.48492e-06 	6.95412e-15
0.185097 	75.5701 	2.48492e-06 	6.95413e-15
0.185351 	75.4361 	2.48492e-06 	6.95414e-15
0.185606 	75.3021 	2.48492e-06 	6.95415e-15
0.18586 	75.1681 	2.48492e-06 	6.95415e-15
0.186114 	75.0341 	2.48492e-06 	6.95416e-15
0.186368 	74.9002 	2.48492e-06 	6.95417e-15
0.186623 	74.7662 	2.48492e-06 	6.95418e-15
0.186877 	74.6322 	2.48492e-06 	6.95419e-15
0.187131 	74.4982 	2.48492e-06 	6.9542e-15
0.187385 	74.366 	2.42321e-06 	6.77488e-15
0.18764 	74.2366 	2.42321e-06 	6.77489e-15
0.187894 	74.1073 	2.42321e-06 	6.7749e-15
0.188148 	73.978 	2.42321e-06 	6.77491e-15
0.188402 	73.8487 	2.42321e-06 	6.77492e-15
0.188657 	73.7194 	2.42321e-06 	6.77493e-15
0.188911 	73.5901 	2.42321e-06 	6.77493e-15
0.189165 	73.4608 	2.42321e-06 	6.77494e-15
0.189419 	73.3315 	2.42321e-06 	6.77495e-15
0.189674 	73.2022 	2.42321e-06 	6.77496e-15
0.189928 	73.0742 	2.35205e-06 	6.64194e-15
0.190182 	72.9498 	2.35205e-06 	6.64194e-15
0.190436 	72.8254 	2.35205e-06 	6.64195e-15
0.190691 	72.701 	2.35205e-06 	6.64196e-15
0.190945 	72.5766 	2.35205e-06 	6.64197e-15
0.191199 	72.4522 	2.35205e-06 	6.64198e-15
0.191453 	72.3279 	2.35205e-06 	6.64198e-15
0.191708 	72.2035 	2.35205e-06 	6.64199e-15
0.191962 	72.0791 	2.35205e-06 	6.642e-15
0.192216 	71.9547 	2.35205e-06 	6.64201e-15
0.19247 	71.8312 	2.26887e-06 	6.47966e-15
0.192725 	71.7119 	2.26887e-06 	6.47966e-15
0.192979 	71.5926 	2.26887e-06 	6.47967e-15
0.193233 	71.4733 	2.26887e-06 	6.47968e-15
0.193487 	71.354 	2.26887e-06 	6.47969e-15
0.193742 	71.2347 	2.26887e-06 	6.47969e-15
0.193996 	71.1154 	2.26887e-06 	6.4797e-15
0.19425 	70.9961 	2.26887e-06 	6.47971e-15
0.194505 	70.8768 	2.26887e-06 	6.47972e-15
0.194759 	70.7575 	2.26887e-06 	6.47972e-15
0.195013 	70.6387 	2.17456e-06 	6.41582e-15
0.195267 	70.5246 	2.17456e-06 	6.41583e-15
0.195522 	70.4105 	2.17456e-06 	6.41583e-15
0.195776 	70.2964 	2.17456e-06 	6.41584e-15
0.19603 	70.1823 	2.17456e-06 	6.41585e-15
0.196284 	70.0682 	2.17456e-06 	6.41586e-15
0.196539 	69.9541 	2.17456e-06 	6.41586e-15
0.196793 	69.84 	2.17456e-06 	6.41587e-15
0.197047 	69.7259 	2.17456e-06 	6.41588e-15
0.197301 	69.6118 	2.17456e-06 	6.41588e-15
0.197556 	69.4977 	1.65727e-06 	7.31279e-18
0.19781 	69.3889 	2.07771e-06 	6.29313e-15
0.198064 	69.2801 	2.07771e-06 	6.29313e-15
0.198318 	69.1713 	2.07771e-06 	6.29314e-15
0.198573 	69.0625 	2.07771e-06 	6.29315e-15
0.198827 	68.9536 	2.07771e-06 	6.29315e-15
0.199081 	68.8448 	2.07771e-06 	6.29316e-15
0.199335 	68.736 	2.07771e-06 	6.29317e-15
0.19959 	68.6272 	2.07771e-06 	6.29318e-15
0.199844 	68.5184 	2.07771e-06 	6.29318e-15
0.200098 	68.4096 	2.07771e-06 	6.29319e-15
0.200352 	68.3056 	1.98226e-06 	6.18352e-15
0.200607 	68.2021 	1.98226e-06 	6.18353e-15
0.200861 	68.0986 	1.98226e-06 	6.18354e-15
0.201115 	67.9951 	1.98226e-06 	6.18354e-15
0.201369 	67.8916 	1.98226e-06 	6.18355e-15
0.201624 	67.7881 	1.98226e-06 	6.18356e-15
0.201878 	67.6846 	1.98226e-06 	6.18356e-15
0.202132 	67.5812 	1.98226e-06 	6.18357e-15
0.202386 	67.4777 	1.98226e-06 	6.18358e-15
0.202641 	67.3742 	1.98226e-06 	6.18358e-15
0.202895 	67.2751 	1.88787e-06 	6.07705e-15
0.203149 	67.1769 	1.88787e-06 	6.07705e-15
0.203403 	67.0788 	1.88787e-06 	6.07706e-15
0.203658 	66.9806 	1.88787e-06 	6.07706e-15
0.203912 	66.8825 	1.88787e-06 	6.07707e-15
0.204166 	66.7843 	1.88787e-06 	6.07708e-15
0.20442 	66.6862 	1.88787e-06 	6.07708e-15
0.204675 	66.588 	1.88787e-06 	6.07709e-15
0.204929 	66.4899 	1.88787e-06 	6.0771e-15
0.205183 	66.3917 	1.88787e-06 	6.0771e-15
0.205437 	66.2975 	1.78796e-06 	5.97627e-15
0.205692 	66.2047 	1.78796e-06 	5.97628e-15
0.205946 	66.1118 	1.78796e-06 	5.97628e-15
0.2062 	66.019 	1.78796e-06 	5.97629e-15
0.206454 	65.9262 	1.78796e-06 	5.97629e-15
0.206709 	65.8334 	1.78796e-06 	5.9763e-15
0.206963 	65.7406 	1.78796e-06 	5.97631e-15
0.207217 	65.6478 	1.78796e-06 	5.97631e-15
0.207471 	65.5549 	1.78796e-06 	5.97632e-15
0.207726 	65.4621 	1.78796e-06 	5.97632e-15
0.20798 	65.3727 	1.67986e-06 	5.83886e-15
0.208234 	65.2852 	1.67986e-06 	5.83887e-15
0.208488 	65.1976 	1.67986e-06 	5.83887e-15
0.208743 	65.1101 	1.67986e-06 	5.83888e-15
0.208997 	65.0226 	1.67986e-06 	5.83888e-15
0.209251 	64.9351 	1.67986e-06 	5.83889e-15
0.209506 	64.8475 	1.67986e-06 	5.83889e-15
0.20976 	64.76 	1.67986e-06 	5.8389e-15
0.210014 	64.6725 	1.67986e-06 	5.83891e-15
0.210268 	64.585 	1.67986e-06 	5.83891e-15
0.210523 	64.5003 	1.56737e-06 	5.79223e-15
0.210777 	64.418 	1.56737e-06 	5.79223e-15
0.211031 	64.3358 	1.56737e-06 	5.79224e-15
0.211285 	64.2535 	1.56737e-06 	5.79224e-15
0.21154 	64.1712 	1.56737e-06 	5.79225e-15
0.211794 	64.089 	1.56737e-06 	5.79225e-15
0.212048 	64.0067 	1.56737e-06 	5.79226e-15
0.212302 	63.9244 	1.56737e-06 	5.79227e-15
0.212557 	63.8421 	1.56737e-06 	5.79227e-15
0.212811 	63.7599 	1.56737e-06 	5.79228e-15
0.213065 	63.68 	1.45282e-06 	5.7083e-15
0.213319 	63.6029 	1.45282e-06 	5.70831e-15
0.213574 	63.5258 	1.45282e-06 	5.70831e-15
0.213828 	63.4488 	1.45282e-06 	5.70832e-15
0.214082 	63.3717 	1.45282e-06 	5.70832e-15
0.214336 	63.2946 	1.45282e-06 	5.70833e-15
0.214591 	63.2175 	1.45282e-06 	5.70833e-15
0.214845 	63.1405 	1.45282e-06 	5.70833e-15
0.215099 	63.0634 	1.45282e-06 	5.70834e-15
0.215353 	62.9863 	1.45282e-06 	5.70834e-15
0.215608 	62.9111 	1.33769e-06 	5.6754e-15
0.215862 	62.8392 	1.33769e-06 	5.6754e-15
0.216116 	62.7673 	1.33769e-06 	5.6754e-15
0.21637 	62.6953 	1.33769e-06 	5.67541e-15
0.216625 	62.6234 	1.33769e-06 	5.67541e-15
0.216879 	62.5515 	1.33769e-06 	5.67542e-15
0.217133 	62.4796 	1.33769e-06 	5.67542e-15
0.217387 	62.4076 	1.33769e-06 	5.67543e-15
0.217642 	62.3357 	1.33769e-06 	5.67543e-15
0.217896 	62.2638 	1.33769e-06 	5.67544e-15
0.21815 	62.1932 	1.22275e-06 	5.56202e-15
0.218404 	62.1264 	1.22275e-06 	5.56203e-15
0.218659 	62.0595 	1.22275e-06 	5.56203e-15
0.218913 	61.9927 	1.22275e-06 	5.56204e-15
0.219167 	61.9258 	1.22275e-06 	5.56204e-15
0.219421 	61.859 	1.22275e-06 	5.56205e-15
0.219676 	61.7921 	1.22275e-06 	5.56205e-15
0.21993 	61.7253 	1.22275e-06 	5.56205e-15
0.220184 	61.6584 	1.22275e-06 	5.56206e-15
0.220438 	61.5915 	1.22275e-06 	5.56206e-15
0.220693 	61.5256 	1.10866e-06 	5.54613e-15
0.220947 	61.4638 	1.10866e-06 	5.54614e-15
0.221201 	61.4019 	1.10866e-06 	5.54614e-15
0.221455 	61.3401 	1.10866e-06 	5.54615e-15
0.22171 	61.2783 	1.10866e-06 	5.54615e-15
0.221964 	61.2164 	1.10866e-06 	5.54615e-15
0.222218 	61.1546 	1.10866e-06 	5.54616e-15
0.222472 	61.0927 	1.10866e-06 	5.54616e-15
0.222727 	61.0309 	1.10866e-06 	5.54617e-15
0.222981 	60.9691 	1.10866e-06 	5.54617e-15
0.223235 	60.9077 	9.95539e-07 	5.43625e-15
0.223489 	60.8508 	9.95539e-07 	5.43625e-15
0.223744 	60.7939 	9.95539e-07 	5.43626e-15
0.223998 	60.737 	9.95539e-07 	5.43626e-15
0.224252 	60.6801 	9.95539e-07 	5.43627e-15
0.224507 	60.6232 	9.95539e-07 	5.43627e-15
0.224761 	60.5663 	9.95539e-07 	5.43627e-15
0.225015 	60.5094 	9.95539e-07 	5.43628e-15
0.225269 	60.4525 	9.95539e-07 	5.43628e-15
0.225524 	60.3956 	9.95539e-07 	5.43628e-15
0.225778 	60.3388 	8.95021e-07 	2.10315e-18
0.226032 	60.2867 	8.83119e-07 	5.43483e-15
0.226286 	60.2347 	8.83119e-07 	5.43484e-15
0.226541 	60.1827 	8.83119e-07 	5.43484e-15
0.226795 	60.1307 	8.83119e-07 	5.43484e-15
0.227049 	60.0787 	8.83119e-07 	5.43485e-15
0.227303 	60.0267 	8.83119e-07 	5.43485e-15
0.227558 	59.9746 	8.83119e-07 	5.43485e-15
0.227812 	59.9226 	8.83119e-07 	5.43486e-15
0.228066 	59.8706 	8.83119e-07 	5.43486e-15
0.22832 	59.8186 	8.83119e-07 	5.43486e-15
0.228575 	59.7709 	7.71153e-07 	5.41486e-15
0.228829 	59.7237 	7.71153e-07 	5.41486e-15
0.229083 	59.6765 	7.71153e-07 	5.41486e-15
0.229337 	59.6293 	7.71153e-07 	5.41487e-15
0.229592 	59.5821 	7.71153e-07 	5.41487e-15
0.229846 	59.5348 	7.71153e-07 	5.41487e-15
0.2301 	59.4876 	7.71153e-07 	5.41488e-15
0.230354 	59.4404 	7.71153e-07 	5.41488e-15
0.230609 	59.3932 	7.71153e-07 	5.41488e-15
0.230863 	59.3459 	7.71153e-07 	5.41489e-15
0.231117 	59.3026 	6.60704e-07 	5.37316e-15
0.231371 	59.2601 	6.60704e-07 	5.37316e-15
0.231626 	59.2176 	6.60704e-07 	5.37316e-15
0.23188 	59.175 	6.60704e-07 	5.37317e-15
0.232134 	59.1325 	6.60704e-07 	5.37317e-15
0.232388 	59.09 	6.60704e-07 	5.37317e-15
0.232643 	59.0475 	6.60704e-07 	5.37318e-15
0.232897 	59.005 	6.60704e-07 	5.37318e-15
0.233151 	58.9625 	6.60704e-07 	5.37318e-15
0.233405 	58.92 	6.60704e-07 	5.37318e-15
0.23366 	58.8808 	5.54727e-07 	5.33392e-15
0.233914 	58.8429 	5.54727e-07 	5.33392e-15
0.234168 	58.805 	5.54727e-07 	5.33393e-15
0.234422 	58.7671 	5.54727e-07 	5.33393e-15
0.234677 	58.7292 	5.54727e-07 	5.33393e-15
0.234931 	58.6912 	5.54727e-07 	5.33393e-15
0.235185 	58.6533 	5.54727e-07 	5.33394e-15
0.235439 	58.6154 	5.54727e-07 	5.33394e-15
0.235694 	58.5775 	5.54727e-07 	5.33394e-15
0.235948 	58.5396 	5.54727e-07 	5.33394e-15
0.236202 	58.5046 	4.54841e-07 	5.29873e-15
0.236456 	58.4711 	4.54841e-07 	5.29873e-15
0.236711 	58.4377 	4.54841e-07 	5.29873e-15
0.236965 	58.4043 	4.54841e-07 	5.29873e-15
0.237219 	58.3709 	4.54841e-07 	5.29873e-15
0.237473 	58.3374 	4.54841e-07 	5.29874e-15
0.237728 	58.304 	4.54841e-07 	5.29874e-15
0.237982 	58.2706 	4.54841e-07 	5.29874e-15
0.238236 	58.2372 	4.54841e-07 	5.29874e-15
0.23849 	58.2037 	4.54841e-07 	5.29874e-15
0.238745 	58.1727 	3.66403e-07 	5.26742e-15
0.238999 	58.1436 	3.66403e-07 	5.26742e-15
0.239253 	58.1145 	3.66403e-07 	5.26742e-15
0.239508 	58.0854 	3.66403e-07 	5.26742e-15
0.239762 	58.0563 	3.66403e-07 	5.26743e-15
0.240016 	58.0272 	3.66403e-07 	5.26743e-15
0.24027 	57.9981 	3.66403e-07 	5.26743e-15
0.240525 	57.969 	3.66403e-07 	5.26743e-15
0.240779 	57.9399 	3.66403e-07 	5.26743e-15
0.241033 	57.9108 	3.66403e-07 	5.26744e-15
0.241287 	57.8836 	2.89421e-07 	5.18905e-15
0.241542 	57.8587 	2.89421e-07 	5.18905e-15
0.241796 	57.8337 	2.89421e-07 	5.18905e-15
0.24205 	57.8087 	2.89421e-07 	5.18905e-15
0.242304 	57.7837 	2.89421e-07 	5.18906e-15
0.242559 	57.7588 	2.89421e-07 	5.18906e-15
0.242813 	57.7338 	2.89421e-07 	5.18906e-15
0.243067 	57.7088 	2.89421e-07 	5.18906e-15
0.243321 	57.6839 	2.89421e-07 	5.18906e-15
0.243576 	57.6589 	2.89421e-07 	5.18906e-15
0.24383 	57.6353 	2.21151e-07 	5.16727e-15
0.244084 	57.6142 	2.21151e-07 	5.16728e-15
0.244338 	57.5931 	2.21151e-07 	5.16728e-15
0.244593 	57.5719 	2.21151e-07 	5.16728e-15
0.244847 	57.5508 	2.21151e-07 	5.16728e-15
0.245101 	57.5296 	2.21151e-07 	5.16728e-15
0.245355 	57.5085 	2.21151e-07 	5.16728e-15
0.24561 	57.4874 	2.21151e-07 	5.16728e-15
0.245864 	57.4662 	2.21151e-07 	5.16729e-15
0.246118 	57.4451 	2.21151e-07 	5.16729e-15
0.246372 	57.4249 	1.62382e-07 	5.18908e-15
0.246627 	57.4073 	1.62382e-07 	5.18909e-15
0.246881 	57.3896 	1.62382e-07 	5.18909e-15
0.247135 	57.3719 	1.62382e-07 	5.18909e-15
0.247389 	57.3543 	1.62382e-07 	5.18909e-15
0.247644 	57.3366 	1.62382e-07 	5.18909e-15
0.247898 	57.319 	1.62382e-07 	5.18909e-15
0.248152 	57.3013 	1.62382e-07 	5.18909e-15
0.248406 	57.2836 	1.62382e-07 	5.18909e-15
0.248661 	57.266 	1.62382e-07 	5.18909e-15
0.248915 	57.2477 	1.15284e-07 	5.17465e-15
0.249169 	57.2264 	1.15284e-07 	5.17465e-15
0.249423 	57.2051 	1.15284e-07 	5.17465e-15
0.249678 	57.1839 	1.15284e-07 	5.17465e-15
0.249932 	57.1626 	1.15284e-07 	5.17465e-15
0.250186 	57.1414 	1.15284e-07 	5.17465e-15
0.25044 	57.1201 	1.15284e-07 	5.17465e-15
0.250695 	57.0988 	1.15284e-07 	5.17465e-15
0.250949 	57.0776 	1.15284e-07 	5.17466e-15
0.251203 	57.0563 	1.15284e-07 	5.17466e-15
0.251457 	57.0358 	8.26502e-08 	5.16432e-15
0.251712 	57.0225 	8.26502e-08 	5.16432e-15
0.251966 	57.0093 	8.26502e-08 	5.16432e-15
0.25222 	56.996 	8.26502e-08 	5.16432e-15
0.252474 	56.9828 	8.26502e-08 	5.16432e-15
0.252729 	56.9695 	8.26502e-08 	5.16432e-15
0.252983 	56.9562 	8.26502e-08 	5.16432e-15
0.253237 	56.943 	8.26502e-08 	5.16432e-15
0.253491 	56.9297 	8.26502e-08 	5.16432e-15
0.253746 	56.9165 	8.26502e-08 	5.16432e-15
0.254 	56.9032 	1.92535e-07 	2.0846e-18
