0 	31.9371 	-2.73811e-07 	4.57928e-18
0.000254254 	31.9428 	-2.7418e-07 	8.09874e-15
0.000508509 	31.9486 	-2.7418e-07 	8.09874e-15
0.000762763 	31.9544 	-2.7418e-07 	8.09874e-15
0.00101702 	31.9602 	-2.7418e-07 	8.09874e-15
0.00127127 	31.966 	-2.7418e-07 	8.09874e-15
0.00152553 	31.9717 	-2.7418e-07 	8.09874e-15
0.00177978 	31.9775 	-2.7418e-07 	8.09874e-15
0.00203403 	31.9833 	-2.7418e-07 	8.09874e-15
0.00228829 	31.9891 	-2.7418e-07 	8.09874e-15
0.00254254 	31.9949 	-2.7418e-07 	8.09874e-15
0.0027968 	32.0083 	-2.79622e-07 	8.10714e-15
0.00305105 	32.0225 	-2.79622e-07 	8.10714e-15
0.00330531 	32.0367 	-2.79622e-07 	8.10714e-15
0.00355956 	32.051 	-2.79622e-07 	8.10714e-15
0.00381381 	32.0652 	-2.79622e-07 	8.10714e-15
0.00406807 	32.0794 	-2.79622e-07 	8.10713e-15
0.00432232 	32.0936 	-2.79622e-07 	8.10713e-15
0.00457658 	32.1078 	-2.79622e-07 	8.10713e-15
0.00483083 	32.122 	-2.79622e-07 	8.10713e-15
0.00508509 	32.1362 	-2.79622e-07 	8.10713e-15
0.00533934 	32.153 	-3.02998e-07 	8.16221e-15
0.00559359 	32.1703 	-3.02998e-07 	8.16221e-15
0.00584785 	32.1876 	-3.02998e-07 	8.16221e-15
0.0061021 	32.2049 	-3.02998e-07 	8.16221e-15
0.00635636 	32.2222 	-3.02998e-07 	8.16221e-15
0.00661061 	32.2395 	-3.02998e-07 	8.16221e-15
0.00686486 	32.2568 	-3.02998e-07 	8.16221e-15
0.00711912 	32.2741 	-3.02998e-07 	8.16221e-15
0.00737337 	32.2914 	-3.02998e-07 	8.16221e-15
0.00762763 	32.3087 	-3.02998e-07 	8.1622e-15
0.00788188 	32.3268 	-3.43397e-07 	8.19633e-15
0.00813614 	32.3451 	-3.43397e-07 	8.19633e-15
0.00839039 	32.3634 	-3.43397e-07 	8.19633e-15
0.00864464 	32.3818 	-3.43397e-07 	8.19633e-15
0.0088989 	32.4001 	-3.43397e-07 	8.19632e-15
0.00915315 	32.4184 	-3.43397e-07 	8.19632e-15
0.00940741 	32.4368 	-3.43397e-07 	8.19632e-15
0.00966166 	32.4551 	-3.43397e-07 	8.19632e-15
0.00991592 	32.4734 	-3.43397e-07 	8.19632e-15
0.0101702 	32.4918 	-3.43397e-07 	8.19632e-15
0.0104244 	32.5113 	-3.96955e-07 	8.27606e-15
0.0106787 	32.5314 	-3.96955e-07 	8.27606e-15
0.0109329 	32.5516 	-3.96955e-07 	8.27606e-15
0.0111872 	32.5718 	-3.96955e-07 	8.27606e-15
0.0114414 	32.5919 	-3.96955e-07 	8.27605e-15
0.0116957 	32.6121 	-3.96955e-07 	8.27605e-15
0.0119499 	32.6323 	-3.96955e-07 	8.27605e-15
0.0122042 	32.6525 	-3.96955e-07 	8.27605e-15
0.0124585 	32.6726 	-3.96955e-07 	8.27605e-15
0.0127127 	32.6928 	-3.96955e-07 	8.27605e-15
0.012967 	32.7146 	-4.60201e-07 	8.37091e-15
0.0132212 	32.7377 	-4.60201e-07 	8.37091e-15
0.0134755 	32.7608 	-4.60201e-07 	8.37091e-15
0.0137297 	32.7838 	-4.60201e-07 	8.37091e-15
0.013984 	32.8069 	-4.60201e-07 	8.3709e-15
0.0142382 	32.83 	-4.60201e-07 	8.3709e-15
0.0144925 	32.8531 	-4.60201e-07 	8.3709e-15
0.0147467 	32.8762 	-4.60201e-07 	8.3709e-15
0.015001 	32.8993 	-4.60201e-07 	8.3709e-15
0.0152553 	32.9224 	-4.60201e-07 	8.3709e-15
0.0155095 	32.9472 	-5.30506e-07 	8.43377e-15
0.0157638 	32.9739 	-5.30506e-07 	8.43376e-15
0.016018 	33.0006 	-5.30506e-07 	8.43376e-15
0.0162723 	33.0273 	-5.30506e-07 	8.43376e-15
0.0165265 	33.054 	-5.30506e-07 	8.43376e-15
0.0167808 	33.0807 	-5.30506e-07 	8.43376e-15
0.017035 	33.1074 	-5.30506e-07 	8.43375e-15
0.0172893 	33.1342 	-5.30506e-07 	8.43375e-15
0.0175435 	33.1609 	-5.30506e-07 	8.43375e-15
0.0177978 	33.1876 	-5.30506e-07 	8.43375e-15
0.0180521 	33.2157 	-6.06033e-07 	8.50936e-15
0.0183063 	33.2464 	-6.06033e-07 	8.50936e-15
0.0185606 	33.2772 	-6.06033e-07 	8.50936e-15
0.0188148 	33.3079 	-6.06033e-07 	8.50936e-15
0.0190691 	33.3386 	-6.06033e-07 	8.50936e-15
0.0193233 	33.3693 	-6.06033e-07 	8.50935e-15
0.0195776 	33.4 	-6.06033e-07 	8.50935e-15
0.0198318 	33.4307 	-6.06033e-07 	8.50935e-15
0.0200861 	33.4614 	-6.06033e-07 	8.50935e-15
0.0203403 	33.4921 	-6.06033e-07 	8.50935e-15
0.0205946 	33.524 	-6.85624e-07 	8.5966e-15
0.0208488 	33.5589 	-6.85624e-07 	8.59659e-15
0.0211031 	33.5938 	-6.85624e-07 	8.59659e-15
0.0213574 	33.6288 	-6.85624e-07 	8.59659e-15
0.0216116 	33.6637 	-6.85624e-07 	8.59659e-15
0.0218659 	33.6986 	-6.85624e-07 	8.59658e-15
0.0221201 	33.7335 	-6.85624e-07 	8.59658e-15
0.0223744 	33.7685 	-6.85624e-07 	8.59658e-15
0.0226286 	33.8034 	-6.85624e-07 	8.59658e-15
0.0228829 	33.8383 	-6.85624e-07 	8.59658e-15
0.0231371 	33.8741 	-7.68613e-07 	8.69611e-15
0.0233914 	33.9134 	-7.68613e-07 	8.6961e-15
0.0236456 	33.9528 	-7.68613e-07 	8.6961e-15
0.0238999 	33.9921 	-7.68613e-07 	8.6961e-15
0.0241542 	34.0315 	-7.68613e-07 	8.6961e-15
0.0244084 	34.0708 	-7.68613e-07 	8.69609e-15
0.0246627 	34.1102 	-7.68613e-07 	8.69609e-15
0.0249169 	34.1495 	-7.68613e-07 	8.69609e-15
0.0251712 	34.1889 	-7.68613e-07 	8.69609e-15
0.0254254 	34.2282 	-7.68613e-07 	8.69608e-15
0.0256797 	34.268 	-8.54452e-07 	8.8086e-15
0.0259339 	34.3119 	-8.54452e-07 	8.80859e-15
0.0261882 	34.3559 	-8.54452e-07 	8.80859e-15
0.0264424 	34.3998 	-8.54452e-07 	8.80859e-15
0.0266967 	34.4438 	-8.54452e-07 	8.80858e-15
0.026951 	34.4877 	-8.54452e-07 	8.80858e-15
0.0272052 	34.5317 	-8.54452e-07 	8.80858e-15
0.0274595 	34.5756 	-8.54452e-07 	8.80858e-15
0.0277137 	34.6196 	-8.54452e-07 	8.80857e-15
0.027968 	34.6635 	-8.54452e-07 	8.80857e-15
0.0282222 	34.7075 	-9.92731e-07 	3.55985e-18
0.0284765 	34.7562 	-9.418e-07 	8.93453e-15
0.0287307 	34.8049 	-9.418e-07 	8.93452e-15
0.028985 	34.8536 	-9.418e-07 	8.93452e-15
0.0292392 	34.9023 	-9.418e-07 	8.93452e-15
0.0294935 	34.9511 	-9.418e-07 	8.93451e-15
0.0297477 	34.9998 	-9.418e-07 	8.93451e-15
0.030002 	35.0485 	-9.418e-07 	8.93451e-15
0.0302563 	35.0972 	-9.418e-07 	8.93451e-15
0.0305105 	35.1459 	-9.418e-07 	8.9345e-15
0.0307648 	35.1947 	-9.418e-07 	8.9345e-15
0.031019 	35.2479 	-1.02859e-06 	9.11702e-15
0.0312733 	35.3016 	-1.02859e-06 	9.11701e-15
0.0315275 	35.3553 	-1.02859e-06 	9.11701e-15
0.0317818 	35.4089 	-1.02859e-06 	9.11701e-15
0.032036 	35.4626 	-1.02859e-06 	9.117e-15
0.0322903 	35.5163 	-1.02859e-06 	9.117e-15
0.0325445 	35.57 	-1.02859e-06 	9.117e-15
0.0327988 	35.6236 	-1.02859e-06 	9.11699e-15
0.0330531 	35.6773 	-1.02859e-06 	9.11699e-15
0.0333073 	35.731 	-1.02859e-06 	9.11698e-15
0.0335616 	35.7889 	-1.11689e-06 	9.22481e-15
0.0338158 	35.8477 	-1.11689e-06 	9.2248e-15
0.0340701 	35.9065 	-1.11689e-06 	9.2248e-15
0.0343243 	35.9654 	-1.11689e-06 	9.22479e-15
0.0345786 	36.0242 	-1.11689e-06 	9.22479e-15
0.0348328 	36.083 	-1.11689e-06 	9.22479e-15
0.0350871 	36.1418 	-1.11689e-06 	9.22478e-15
0.0353413 	36.2007 	-1.11689e-06 	9.22478e-15
0.0355956 	36.2595 	-1.11689e-06 	9.22477e-15
0.0358498 	36.3183 	-1.11689e-06 	9.22477e-15
0.0361041 	36.381 	-1.20775e-06 	9.44005e-15
0.0363584 	36.4452 	-1.20775e-06 	9.44004e-15
0.0366126 	36.5093 	-1.20775e-06 	9.44004e-15
0.0368669 	36.5735 	-1.20775e-06 	9.44003e-15
0.0371211 	36.6377 	-1.20775e-06 	9.44003e-15
0.0373754 	36.7018 	-1.20775e-06 	9.44003e-15
0.0376296 	36.766 	-1.20775e-06 	9.44002e-15
0.0378839 	36.8302 	-1.20775e-06 	9.44002e-15
0.0381381 	36.8943 	-1.20775e-06 	9.44001e-15
0.0383924 	36.9585 	-1.20775e-06 	9.44001e-15
0.0386466 	37.0262 	-1.30302e-06 	9.66943e-15
0.0389009 	37.0959 	-1.30302e-06 	9.66942e-15
0.0391552 	37.1656 	-1.30302e-06 	9.66942e-15
0.0394094 	37.2353 	-1.30302e-06 	9.66941e-15
0.0396637 	37.305 	-1.30302e-06 	9.66941e-15
0.0399179 	37.3748 	-1.30302e-06 	9.6694e-15
0.0401722 	37.4445 	-1.30302e-06 	9.6694e-15
0.0404264 	37.5142 	-1.30302e-06 	9.6694e-15
0.0406807 	37.5839 	-1.30302e-06 	9.66939e-15
0.0409349 	37.6536 	-1.30302e-06 	9.66939e-15
0.0411892 	37.7265 	-1.40207e-06 	9.92534e-15
0.0414434 	37.8019 	-1.40207e-06 	9.92534e-15
0.0416977 	37.8774 	-1.40207e-06 	9.92533e-15
0.041952 	37.9529 	-1.40207e-06 	9.92533e-15
0.0422062 	38.0283 	-1.40207e-06 	9.92532e-15
0.0424605 	38.1038 	-1.40207e-06 	9.92532e-15
0.0427147 	38.1793 	-1.40207e-06 	9.92531e-15
0.042969 	38.2548 	-1.40207e-06 	9.92531e-15
0.0432232 	38.3302 	-1.40207e-06 	9.92531e-15
0.0434775 	38.4057 	-1.40207e-06 	9.9253e-15
0.0437317 	38.4839 	-1.50456e-06 	1.01444e-14
0.043986 	38.5654 	-1.50456e-06 	1.01444e-14
0.0442402 	38.6468 	-1.50456e-06 	1.01444e-14
0.0444945 	38.7283 	-1.50456e-06 	1.01444e-14
0.0447487 	38.8098 	-1.50456e-06 	1.01444e-14
0.045003 	38.8912 	-1.50456e-06 	1.01443e-14
0.0452573 	38.9727 	-1.50456e-06 	1.01443e-14
0.0455115 	39.0542 	-1.50456e-06 	1.01443e-14
0.0457658 	39.1356 	-1.50456e-06 	1.01443e-14
0.04602 	39.2171 	-1.50456e-06 	1.01443e-14
0.0462743 	39.3008 	-1.61042e-06 	1.03244e-14
0.0465285 	39.3885 	-1.61042e-06 	1.03244e-14
0.0467828 	39.4762 	-1.61042e-06 	1.03244e-14
0.047037 	39.5639 	-1.61042e-06 	1.03244e-14
0.0472913 	39.6516 	-1.61042e-06 	1.03244e-14
0.0475455 	39.7393 	-1.61042e-06 	1.03244e-14
0.0477998 	39.827 	-1.61042e-06 	1.03244e-14
0.0480541 	39.9147 	-1.61042e-06 	1.03244e-14
0.0483083 	40.0023 	-1.61042e-06 	1.03244e-14
0.0485626 	40.09 	-1.61042e-06 	1.03244e-14
0.0488168 	40.1795 	-1.71948e-06 	1.05277e-14
0.0490711 	40.2737 	-1.71948e-06 	1.05277e-14
0.0493253 	40.3678 	-1.71948e-06 	1.05277e-14
0.0495796 	40.462 	-1.71948e-06 	1.05277e-14
0.0498338 	40.5562 	-1.71948e-06 	1.05277e-14
0.0500881 	40.6503 	-1.71948e-06 	1.05277e-14
0.0503423 	40.7445 	-1.71948e-06 	1.05276e-14
0.0505966 	40.8386 	-1.71948e-06 	1.05276e-14
0.0508509 	40.9328 	-1.71948e-06 	1.05276e-14
0.0511051 	41.027 	-1.71948e-06 	1.05276e-14
0.0513594 	41.1224 	-1.83146e-06 	1.0796e-14
0.0516136 	41.2232 	-1.83146e-06 	1.0796e-14
0.0518679 	41.3241 	-1.83146e-06 	1.0796e-14
0.0521221 	41.425 	-1.83146e-06 	1.0796e-14
0.0523764 	41.5259 	-1.83146e-06 	1.0796e-14
0.0526306 	41.6268 	-1.83146e-06 	1.0796e-14
0.0528849 	41.7277 	-1.83146e-06 	1.0796e-14
0.0531391 	41.8286 	-1.83146e-06 	1.0796e-14
0.0533934 	41.9295 	-1.83146e-06 	1.0796e-14
0.0536476 	42.0304 	-1.83146e-06 	1.0796e-14
0.0539019 	42.1319 	-1.9459e-06 	1.10286e-14
0.0541562 	42.2397 	-1.9459e-06 	1.10286e-14
0.0544104 	42.3476 	-1.9459e-06 	1.10286e-14
0.0546647 	42.4555 	-1.9459e-06 	1.10286e-14
0.0549189 	42.5634 	-1.9459e-06 	1.10286e-14
0.0551732 	42.6712 	-1.9459e-06 	1.10286e-14
0.0554274 	42.7791 	-1.9459e-06 	1.10286e-14
0.0556817 	42.887 	-1.9459e-06 	1.10286e-14
0.0559359 	42.9948 	-1.9459e-06 	1.10286e-14
0.0561902 	43.1027 	-1.9459e-06 	1.10286e-14
0.0564444 	43.2106 	-2.31624e-06 	2.47443e-18
0.0566987 	43.3257 	-2.06208e-06 	1.13354e-14
0.056953 	43.4408 	-2.06208e-06 	1.13354e-14
0.0572072 	43.5559 	-2.06208e-06 	1.13354e-14
0.0574615 	43.671 	-2.06208e-06 	1.13354e-14
0.0577157 	43.7861 	-2.06208e-06 	1.13353e-14
0.05797 	43.9012 	-2.06208e-06 	1.13353e-14
0.0582242 	44.0163 	-2.06208e-06 	1.13353e-14
0.0584785 	44.1314 	-2.06208e-06 	1.13353e-14
0.0587327 	44.2465 	-2.06208e-06 	1.13353e-14
0.058987 	44.3617 	-2.06208e-06 	1.13353e-14
0.0592412 	44.4836 	-2.17895e-06 	1.16599e-14
0.0594955 	44.6062 	-2.17895e-06 	1.16599e-14
0.0597497 	44.7288 	-2.17895e-06 	1.16599e-14
0.060004 	44.8514 	-2.17895e-06 	1.16599e-14
0.0602583 	44.974 	-2.17895e-06 	1.16599e-14
0.0605125 	45.0966 	-2.17895e-06 	1.16599e-14
0.0607668 	45.2192 	-2.17895e-06 	1.16599e-14
0.061021 	45.3418 	-2.17895e-06 	1.16599e-14
0.0612753 	45.4644 	-2.17895e-06 	1.16599e-14
0.0615295 	45.587 	-2.17895e-06 	1.16599e-14
0.0617838 	45.7159 	-2.29655e-06 	1.20405e-14
0.062038 	45.8462 	-2.29655e-06 	1.20405e-14
0.0622923 	45.9766 	-2.29655e-06 	1.20405e-14
0.0625465 	46.1069 	-2.29655e-06 	1.20404e-14
0.0628008 	46.2373 	-2.29655e-06 	1.20404e-14
0.0630551 	46.3676 	-2.29655e-06 	1.20404e-14
0.0633093 	46.4979 	-2.29655e-06 	1.20404e-14
0.0635636 	46.6283 	-2.29655e-06 	1.20404e-14
0.0638178 	46.7586 	-2.29655e-06 	1.20404e-14
0.0640721 	46.8889 	-2.29655e-06 	1.20404e-14
0.0643263 	47.0251 	-2.4144e-06 	1.23742e-14
0.0645806 	47.1634 	-2.4144e-06 	1.23742e-14
0.0648348 	47.3017 	-2.4144e-06 	1.23742e-14
0.0650891 	47.44 	-2.4144e-06 	1.23742e-14
0.0653433 	47.5783 	-2.4144e-06 	1.23742e-14
0.0655976 	47.7166 	-2.4144e-06 	1.23742e-14
0.0658519 	47.8548 	-2.4144e-06 	1.23742e-14
0.0661061 	47.9931 	-2.4144e-06 	1.23742e-14
0.0663604 	48.1314 	-2.4144e-06 	1.23741e-14
0.0666146 	48.2697 	-2.4144e-06 	1.23741e-14
0.0668689 	48.4132 	-2.53126e-06 	1.27559e-14
0.0671231 	48.5597 	-2.53126e-06 	1.27559e-14
0.0673774 	48.7062 	-2.53126e-06 	1.27559e-14
0.0676316 	48.8527 	-2.53126e-06 	1.27559e-14
0.0678859 	48.9991 	-2.53126e-06 	1.27559e-14
0.0681401 	49.1456 	-2.53126e-06 	1.27559e-14
0.0683944 	49.2921 	-2.53126e-06 	1.27559e-14
0.0686486 	49.4386 	-2.53126e-06 	1.27558e-14
0.0689029 	49.585 	-2.53126e-06 	1.27558e-14
0.0691572 	49.7315 	-2.53126e-06 	1.27558e-14
0.0694114 	49.8826 	-2.64605e-06 	1.31604e-14
0.0696657 	50.0375 	-2.64605e-06 	1.31604e-14
0.0699199 	50.1924 	-2.64605e-06 	1.31604e-14
0.0701742 	50.3473 	-2.64605e-06 	1.31604e-14
0.0704284 	50.5021 	-2.64605e-06 	1.31604e-14
0.0706827 	50.657 	-2.64605e-06 	1.31603e-14
0.0709369 	50.8119 	-2.64605e-06 	1.31603e-14
0.0711912 	50.9668 	-2.64605e-06 	1.31603e-14
0.0714454 	51.1217 	-2.64605e-06 	1.31603e-14
0.0716997 	51.2766 	-2.64605e-06 	1.31603e-14
0.071954 	51.4354 	-2.75189e-06 	1.35829e-14
0.0722082 	51.5989 	-2.75189e-06 	1.35829e-14
0.0724625 	51.7625 	-2.75189e-06 	1.35829e-14
0.0727167 	51.926 	-2.75189e-06 	1.35829e-14
0.072971 	52.0896 	-2.75189e-06 	1.35829e-14
0.0732252 	52.2531 	-2.75189e-06 	1.35829e-14
0.0734795 	52.4166 	-2.75189e-06 	1.35829e-14
0.0737337 	52.5802 	-2.75189e-06 	1.35828e-14
0.073988 	52.7437 	-2.75189e-06 	1.35828e-14
0.0742422 	52.9072 	-2.75189e-06 	1.35828e-14
0.0744965 	53.074 	-2.81402e-06 	1.40206e-14
0.0747508 	53.2463 	-2.81402e-06 	1.40206e-14
0.075005 	53.4186 	-2.81402e-06 	1.40206e-14
0.0752593 	53.5909 	-2.81402e-06 	1.40206e-14
0.0755135 	53.7632 	-2.81402e-06 	1.40206e-14
0.0757678 	53.9355 	-2.81402e-06 	1.40206e-14
0.076022 	54.1078 	-2.81402e-06 	1.40205e-14
0.0762763 	54.2801 	-2.81402e-06 	1.40205e-14
0.0765305 	54.4524 	-2.81402e-06 	1.40205e-14
0.0767848 	54.6247 	-2.81402e-06 	1.40205e-14
0.077039 	54.7994 	-2.86625e-06 	1.44186e-14
0.0772933 	54.9804 	-2.86625e-06 	1.44186e-14
0.0775475 	55.1614 	-2.86625e-06 	1.44186e-14
0.0778018 	55.3424 	-2.86625e-06 	1.44186e-14
0.0780561 	55.5234 	-2.86625e-06 	1.44185e-14
0.0783103 	55.7044 	-2.86625e-06 	1.44185e-14
0.0785646 	55.8854 	-2.86625e-06 	1.44185e-14
0.0788188 	56.0664 	-2.86625e-06 	1.44185e-14
0.0790731 	56.2474 	-2.86625e-06 	1.44185e-14
0.0793273 	56.4284 	-2.86625e-06 	1.44185e-14
0.0795816 	56.611 	-2.90561e-06 	1.48786e-14
0.0798358 	56.8005 	-2.90561e-06 	1.48786e-14
0.0800901 	56.9901 	-2.90561e-06 	1.48785e-14
0.0803443 	57.1796 	-2.90561e-06 	1.48785e-14
0.0805986 	57.3692 	-2.90561e-06 	1.48785e-14
0.0808529 	57.5588 	-2.90561e-06 	1.48785e-14
0.0811071 	57.7483 	-2.90561e-06 	1.48785e-14
0.0813614 	57.9379 	-2.90561e-06 	1.48785e-14
0.0816156 	58.1274 	-2.90561e-06 	1.48785e-14
0.0818699 	58.317 	-2.90561e-06 	1.48785e-14
0.0821241 	58.5073 	-2.92979e-06 	1.53467e-14
0.0823784 	58.7052 	-2.92979e-06 	1.53466e-14
0.0826326 	58.9031 	-2.92979e-06 	1.53466e-14
0.0828869 	59.101 	-2.92979e-06 	1.53466e-14
0.0831411 	59.2989 	-2.92979e-06 	1.53466e-14
0.0833954 	59.4968 	-2.92979e-06 	1.53466e-14
0.0836496 	59.6947 	-2.92979e-06 	1.53466e-14
0.0839039 	59.8926 	-2.92979e-06 	1.53466e-14
0.0841582 	60.0905 	-2.92979e-06 	1.53466e-14
0.0844124 	60.2884 	-2.92979e-06 	1.53465e-14
0.0846667 	60.4863 	-3.85688e-06 	4.65106e-17
0.0849209 	60.6922 	-2.95273e-06 	1.58184e-14
0.0851752 	60.8981 	-2.95273e-06 	1.58184e-14
0.0854294 	61.1041 	-2.95273e-06 	1.58184e-14
0.0856837 	61.31 	-2.95273e-06 	1.58184e-14
0.0859379 	61.5159 	-2.95273e-06 	1.58184e-14
0.0861922 	61.7219 	-2.95273e-06 	1.58184e-14
0.0864464 	61.9278 	-2.95273e-06 	1.58184e-14
0.0867007 	62.1337 	-2.95273e-06 	1.58184e-14
0.086955 	62.3397 	-2.95273e-06 	1.58183e-14
0.0872092 	62.5456 	-2.95273e-06 	1.58183e-14
0.0874635 	62.7585 	-2.95804e-06 	1.62943e-14
0.0877177 	62.9722 	-2.95804e-06 	1.62942e-14
0.087972 	63.1858 	-2.95804e-06 	1.62942e-14
0.0882262 	63.3994 	-2.95804e-06 	1.62942e-14
0.0884805 	63.613 	-2.95804e-06 	1.62942e-14
0.0887347 	63.8266 	-2.95804e-06 	1.62942e-14
0.088989 	64.0402 	-2.95804e-06 	1.62942e-14
0.0892432 	64.2538 	-2.95804e-06 	1.62942e-14
0.0894975 	64.4675 	-2.95804e-06 	1.62941e-14
0.0897518 	64.6811 	-2.95804e-06 	1.62941e-14
0.090006 	64.9005 	-2.94821e-06 	1.67717e-14
0.0902603 	65.1213 	-2.94821e-06 	1.67716e-14
0.0905145 	65.342 	-2.94821e-06 	1.67716e-14
0.0907688 	65.5628 	-2.94821e-06 	1.67716e-14
0.091023 	65.7835 	-2.94821e-06 	1.67716e-14
0.0912773 	66.0042 	-2.94821e-06 	1.67716e-14
0.0915315 	66.225 	-2.94821e-06 	1.67716e-14
0.0917858 	66.4457 	-2.94821e-06 	1.67716e-14
0.09204 	66.6665 	-2.94821e-06 	1.67715e-14
0.0922943 	66.8872 	-2.94821e-06 	1.67715e-14
0.0925485 	67.1126 	-2.93692e-06 	1.72474e-14
0.0928028 	67.3396 	-2.93692e-06 	1.72474e-14
0.0930571 	67.5667 	-2.93692e-06 	1.72474e-14
0.0933113 	67.7937 	-2.93692e-06 	1.72474e-14
0.0935656 	68.0208 	-2.93692e-06 	1.72473e-14
0.0938198 	68.2478 	-2.93692e-06 	1.72473e-14
0.0940741 	68.4749 	-2.93692e-06 	1.72473e-14
0.0943283 	68.7019 	-2.93692e-06 	1.72473e-14
0.0945826 	68.929 	-2.93692e-06 	1.72473e-14
0.0948368 	69.156 	-2.93692e-06 	1.72473e-14
0.0950911 	69.3864 	-2.90003e-06 	1.76682e-14
0.0953453 	69.6187 	-2.90003e-06 	1.76682e-14
0.0955996 	69.851 	-2.90003e-06 	1.76682e-14
0.0958539 	70.0833 	-2.90003e-06 	1.76682e-14
0.0961081 	70.3155 	-2.90003e-06 	1.76682e-14
0.0963624 	70.5478 	-2.90003e-06 	1.76681e-14
0.0966166 	70.7801 	-2.90003e-06 	1.76681e-14
0.0968709 	71.0124 	-2.90003e-06 	1.76681e-14
0.0971251 	71.2447 	-2.90003e-06 	1.76681e-14
0.0973794 	71.4769 	-2.90003e-06 	1.76681e-14
0.0976336 	71.7113 	-2.82713e-06 	1.81751e-14
0.0978879 	71.9474 	-2.82713e-06 	1.8175e-14
0.0981421 	72.1835 	-2.82713e-06 	1.8175e-14
0.0983964 	72.4196 	-2.82713e-06 	1.8175e-14
0.0986507 	72.6556 	-2.82713e-06 	1.8175e-14
0.0989049 	72.8917 	-2.82713e-06 	1.8175e-14
0.0991592 	73.1278 	-2.82713e-06 	1.8175e-14
0.0994134 	73.3639 	-2.82713e-06 	1.81749e-14
0.0996677 	73.6 	-2.82713e-06 	1.81749e-14
0.0999219 	73.8361 	-2.82713e-06 	1.81749e-14
0.100176 	74.0731 	-2.71339e-06 	1.86664e-14
0.10043 	74.3112 	-2.71339e-06 	1.86664e-14
0.100685 	74.5492 	-2.71339e-06 	1.86664e-14
0.100939 	74.7873 	-2.71339e-06 	1.86663e-14
0.101193 	75.0254 	-2.71339e-06 	1.86663e-14
0.101447 	75.2635 	-2.71339e-06 	1.86663e-14
0.101702 	75.5016 	-2.71339e-06 	1.86663e-14
0.101956 	75.7397 	-2.71339e-06 	1.86663e-14
0.10221 	75.9778 	-2.71339e-06 	1.86663e-14
0.102464 	76.2158 	-2.71339e-06 	1.86662e-14
0.102719 	76.4539 	-2.53715e-06 	1.90844e-14
0.102973 	76.6918 	-2.53715e-06 	1.90844e-14
0.103227 	76.9297 	-2.53715e-06 	1.90844e-14
0.103481 	77.1677 	-2.53715e-06 	1.90844e-14
0.103736 	77.4056 	-2.53715e-06 	1.90844e-14
0.10399 	77.6435 	-2.53715e-06 	1.90843e-14
0.104244 	77.8815 	-2.53715e-06 	1.90843e-14
0.104498 	78.1194 	-2.53715e-06 	1.90843e-14
0.104753 	78.3573 	-2.53715e-06 	1.90843e-14
0.105007 	78.5953 	-2.53715e-06 	1.90843e-14
0.105261 	78.8325 	-2.35006e-06 	1.95254e-14
0.105516 	79.0678 	-2.35006e-06 	1.95254e-14
0.10577 	79.3032 	-2.35006e-06 	1.95254e-14
0.106024 	79.5385 	-2.35006e-06 	1.95253e-14
0.106278 	79.7738 	-2.35006e-06 	1.95253e-14
0.106533 	80.0092 	-2.35006e-06 	1.95253e-14
0.106787 	80.2445 	-2.35006e-06 	1.95253e-14
0.107041 	80.4799 	-2.35006e-06 	1.95253e-14
0.107295 	80.7152 	-2.35006e-06 	1.95253e-14
0.10755 	80.9506 	-2.35006e-06 	1.95252e-14
0.107804 	81.185 	-2.06617e-06 	1.99252e-14
0.108058 	81.4152 	-2.06617e-06 	1.99252e-14
0.108312 	81.6454 	-2.06617e-06 	1.99251e-14
0.108567 	81.8756 	-2.06617e-06 	1.99251e-14
0.108821 	82.1058 	-2.06617e-06 	1.99251e-14
0.109075 	82.336 	-2.06617e-06 	1.99251e-14
0.109329 	82.5662 	-2.06617e-06 	1.99251e-14
0.109584 	82.7964 	-2.06617e-06 	1.99251e-14
0.109838 	83.0266 	-2.06617e-06 	1.99251e-14
0.110092 	83.2568 	-2.06617e-06 	1.9925e-14
0.110346 	83.4862 	-1.7496e-06 	2.02437e-14
0.110601 	83.7085 	-1.7496e-06 	2.02437e-14
0.110855 	83.9307 	-1.7496e-06 	2.02437e-14
0.111109 	84.153 	-1.7496e-06 	2.02436e-14
0.111363 	84.3752 	-1.7496e-06 	2.02436e-14
0.111618 	84.5974 	-1.7496e-06 	2.02436e-14
0.111872 	84.8197 	-1.7496e-06 	2.02436e-14
0.112126 	85.0419 	-1.7496e-06 	2.02436e-14
0.11238 	85.2642 	-1.7496e-06 	2.02436e-14
0.112635 	85.4864 	-1.7496e-06 	2.02436e-14
0.112889 	85.7086 	-2.86706e-06 	8.39257e-17
0.113143 	85.9198 	-1.41451e-06 	2.05062e-14
0.113397 	86.1309 	-1.41451e-06 	2.05062e-14
0.113652 	86.3421 	-1.41451e-06 	2.05062e-14
0.113906 	86.5532 	-1.41451e-06 	2.05061e-14
0.11416 	86.7644 	-1.41451e-06 	2.05061e-14
0.114414 	86.9755 	-1.41451e-06 	2.05061e-14
0.114669 	87.1867 	-1.41451e-06 	2.05061e-14
0.114923 	87.3978 	-1.41451e-06 	2.05061e-14
0.115177 	87.609 	-1.41451e-06 	2.05061e-14
0.115431 	87.8201 	-1.41451e-06 	2.05061e-14
0.115686 	88.0182 	-1.01248e-06 	2.07063e-14
0.11594 	88.2149 	-1.01248e-06 	2.07063e-14
0.116194 	88.4116 	-1.01248e-06 	2.07063e-14
0.116448 	88.6084 	-1.01248e-06 	2.07063e-14
0.116703 	88.8051 	-1.01248e-06 	2.07063e-14
0.116957 	89.0019 	-1.01248e-06 	2.07062e-14
0.117211 	89.1986 	-1.01248e-06 	2.07062e-14
0.117465 	89.3954 	-1.01248e-06 	2.07062e-14
0.11772 	89.5921 	-1.01248e-06 	2.07062e-14
0.117974 	89.7888 	-1.01248e-06 	2.07062e-14
0.118228 	89.971 	-6.04564e-07 	2.08433e-14
0.118482 	90.1499 	-6.04564e-07 	2.08433e-14
0.118737 	90.3287 	-6.04564e-07 	2.08433e-14
0.118991 	90.5076 	-6.04564e-07 	2.08433e-14
0.119245 	90.6865 	-6.04564e-07 	2.08432e-14
0.119499 	90.8654 	-6.04564e-07 	2.08432e-14
0.119754 	91.0443 	-6.04564e-07 	2.08432e-14
0.120008 	91.2232 	-6.04564e-07 	2.08432e-14
0.120262 	91.402 	-6.04564e-07 	2.08432e-14
0.120517 	91.5809 	-6.04564e-07 	2.08432e-14
0.120771 	91.7444 	-1.92439e-07 	2.09156e-14
0.121025 	91.902 	-1.92439e-07 	2.09156e-14
0.121279 	92.0597 	-1.92439e-07 	2.09155e-14
0.121534 	92.2173 	-1.92439e-07 	2.09155e-14
0.121788 	92.375 	-1.92439e-07 	2.09155e-14
0.122042 	92.5326 	-1.92439e-07 	2.09155e-14
0.122296 	92.6902 	-1.92439e-07 	2.09155e-14
0.122551 	92.8479 	-1.92439e-07 	2.09155e-14
0.122805 	93.0055 	-1.92439e-07 	2.09155e-14
0.123059 	93.1632 	-1.92439e-07 	2.09155e-14
0.123313 	93.3054 	2.21695e-07 	2.09224e-14
0.123568 	93.4388 	2.21695e-07 	2.09224e-14
0.123822 	93.5723 	2.21695e-07 	2.09224e-14
0.124076 	93.7057 	2.21695e-07 	2.09223e-14
0.12433 	93.8391 	2.21695e-07 	2.09223e-14
0.124585 	93.9725 	2.21695e-07 	2.09223e-14
0.124839 	94.106 	2.21695e-07 	2.09223e-14
0.125093 	94.2394 	2.21695e-07 	2.09223e-14
0.125347 	94.3728 	2.21695e-07 	2.09223e-14
0.125602 	94.5062 	2.21695e-07 	2.09223e-14
0.125856 	94.6252 	5.97123e-07 	2.08708e-14
0.12611 	94.7321 	5.97123e-07 	2.08707e-14
0.126364 	94.839 	5.97123e-07 	2.08707e-14
0.126619 	94.9459 	5.97123e-07 	2.08707e-14
0.126873 	95.0528 	5.97123e-07 	2.08707e-14
0.127127 	95.1597 	5.97123e-07 	2.08707e-14
0.127381 	95.2666 	5.97123e-07 	2.08707e-14
0.127636 	95.3735 	5.97123e-07 	2.08707e-14
0.12789 	95.4804 	5.97123e-07 	2.08707e-14
0.128144 	95.5873 	5.97123e-07 	2.08707e-14
0.128398 	95.6816 	9.26092e-07 	2.07789e-14
0.128653 	95.7607 	9.26092e-07 	2.07789e-14
0.128907 	95.8399 	9.26092e-07 	2.07789e-14
0.129161 	95.919 	9.26092e-07 	2.07789e-14
0.129415 	95.9981 	9.26092e-07 	2.07789e-14
0.12967 	96.0772 	9.26092e-07 	2.07789e-14
0.129924 	96.1564 	9.26092e-07 	2.07789e-14
0.130178 	96.2355 	9.26092e-07 	2.07789e-14
0.130432 	96.3146 	9.26092e-07 	2.07789e-14
0.130687 	96.3937 	9.26092e-07 	2.07789e-14
0.130941 	96.4627 	1.20554e-06 	2.06604e-14
0.131195 	96.514 	1.20554e-06 	2.06604e-14
0.131449 	96.5652 	1.20554e-06 	2.06604e-14
0.131704 	96.6165 	1.20554e-06 	2.06604e-14
0.131958 	96.6677 	1.20554e-06 	2.06604e-14
0.132212 	96.719 	1.20554e-06 	2.06604e-14
0.132466 	96.7702 	1.20554e-06 	2.06604e-14
0.132721 	96.8215 	1.20554e-06 	2.06603e-14
0.132975 	96.8727 	1.20554e-06 	2.06603e-14
0.133229 	96.924 	1.20554e-06 	2.06603e-14
0.133483 	96.9679 	1.42657e-06 	2.052e-14
0.133738 	96.9922 	1.42657e-06 	2.052e-14
0.133992 	97.0165 	1.42657e-06 	2.052e-14
0.134246 	97.0408 	1.42657e-06 	2.052e-14
0.134501 	97.0652 	1.42657e-06 	2.052e-14
0.134755 	97.0895 	1.42657e-06 	2.052e-14
0.135009 	97.1138 	1.42657e-06 	2.052e-14
0.135263 	97.1381 	1.42657e-06 	2.052e-14
0.135518 	97.1624 	1.42657e-06 	2.052e-14
0.135772 	97.1868 	1.42657e-06 	2.052e-14
0.136026 	97.2065 	1.62524e-06 	2.04198e-14
0.13628 	97.2056 	1.62524e-06 	2.04198e-14
0.136535 	97.2046 	1.62524e-06 	2.04198e-14
0.136789 	97.2037 	1.62524e-06 	2.04198e-14
0.137043 	97.2028 	1.62524e-06 	2.04198e-14
0.137297 	97.2019 	1.62524e-06 	2.04198e-14
0.137552 	97.201 	1.62524e-06 	2.04198e-14
0.137806 	97.2 	1.62524e-06 	2.04198e-14
0.13806 	97.1991 	1.62524e-06 	2.04198e-14
0.138314 	97.1982 	1.62524e-06 	2.04198e-14
0.138569 	97.1951 	1.78171e-06 	2.01648e-14
0.138823 	97.171 	1.78171e-06 	2.01648e-14
0.139077 	97.1469 	1.78171e-06 	2.01649e-14
0.139331 	97.1227 	1.78171e-06 	2.01649e-14
0.139586 	97.0986 	1.78171e-06 	2.01649e-14
0.13984 	97.0745 	1.78171e-06 	2.01649e-14
0.140094 	97.0503 	1.78171e-06 	2.01649e-14
0.140348 	97.0262 	1.78171e-06 	2.01649e-14
0.140603 	97.002 	1.78171e-06 	2.01649e-14
0.140857 	96.9779 	1.78171e-06 	2.01649e-14
0.141111 	96.9538 	9.67985e-07 	6.05801e-17
0.141365 	96.9085 	1.90712e-06 	1.99743e-14
0.14162 	96.8633 	1.90712e-06 	1.99743e-14
0.141874 	96.8181 	1.90712e-06 	1.99743e-14
0.142128 	96.7729 	1.90712e-06 	1.99743e-14
0.142382 	96.7277 	1.90712e-06 	1.99743e-14
0.142637 	96.6825 	1.90712e-06 	1.99743e-14
0.142891 	96.6373 	1.90712e-06 	1.99743e-14
0.143145 	96.5921 	1.90712e-06 	1.99743e-14
0.143399 	96.5469 	1.90712e-06 	1.99743e-14
0.143654 	96.5017 	1.90712e-06 	1.99743e-14
0.143908 	96.4393 	2.0244e-06 	1.97112e-14
0.144162 	96.3752 	2.0244e-06 	1.97112e-14
0.144416 	96.3111 	2.0244e-06 	1.97112e-14
0.144671 	96.2469 	2.0244e-06 	1.97112e-14
0.144925 	96.1828 	2.0244e-06 	1.97112e-14
0.145179 	96.1187 	2.0244e-06 	1.97112e-14
0.145433 	96.0546 	2.0244e-06 	1.97113e-14
0.145688 	95.9905 	2.0244e-06 	1.97113e-14
0.145942 	95.9264 	2.0244e-06 	1.97113e-14
0.146196 	95.8622 	2.0244e-06 	1.97113e-14
0.14645 	95.7843 	2.13044e-06 	1.94243e-14
0.146705 	95.7033 	2.13044e-06 	1.94243e-14
0.146959 	95.6223 	2.13044e-06 	1.94243e-14
0.147213 	95.5413 	2.13044e-06 	1.94243e-14
0.147467 	95.4603 	2.13044e-06 	1.94243e-14
0.147722 	95.3793 	2.13044e-06 	1.94243e-14
0.147976 	95.2983 	2.13044e-06 	1.94243e-14
0.14823 	95.2173 	2.13044e-06 	1.94244e-14
0.148484 	95.1363 	2.13044e-06 	1.94244e-14
0.148739 	95.0553 	2.13044e-06 	1.94244e-14
0.148993 	94.9634 	2.23134e-06 	1.9175e-14
0.149247 	94.8675 	2.23134e-06 	1.9175e-14
0.149502 	94.7715 	2.23134e-06 	1.9175e-14
0.149756 	94.6755 	2.23134e-06 	1.9175e-14
0.15001 	94.5795 	2.23134e-06 	1.9175e-14
0.150264 	94.4835 	2.23134e-06 	1.9175e-14
0.150519 	94.3875 	2.23134e-06 	1.9175e-14
0.150773 	94.2916 	2.23134e-06 	1.9175e-14
0.151027 	94.1956 	2.23134e-06 	1.9175e-14
0.151281 	94.0996 	2.23134e-06 	1.9175e-14
0.151536 	93.9952 	2.32717e-06 	1.89185e-14
0.15179 	93.8861 	2.32717e-06 	1.89185e-14
0.152044 	93.7769 	2.32717e-06 	1.89185e-14
0.152298 	93.6678 	2.32717e-06 	1.89185e-14
0.152553 	93.5586 	2.32717e-06 	1.89185e-14
0.152807 	93.4495 	2.32717e-06 	1.89185e-14
0.153061 	93.3403 	2.32717e-06 	1.89185e-14
0.153315 	93.2312 	2.32717e-06 	1.89185e-14
0.15357 	93.122 	2.32717e-06 	1.89185e-14
0.153824 	93.0129 	2.32717e-06 	1.89185e-14
0.154078 	92.8976 	2.41463e-06 	1.86517e-14
0.154332 	92.777 	2.41463e-06 	1.86517e-14
0.154587 	92.6565 	2.41463e-06 	1.86517e-14
0.154841 	92.536 	2.41463e-06 	1.86517e-14
0.155095 	92.4155 	2.41463e-06 	1.86517e-14
0.155349 	92.295 	2.41463e-06 	1.86517e-14
0.155604 	92.1745 	2.41463e-06 	1.86517e-14
0.155858 	92.054 	2.41463e-06 	1.86517e-14
0.156112 	91.9335 	2.41463e-06 	1.86517e-14
0.156366 	91.813 	2.41463e-06 	1.86517e-14
0.156621 	91.6881 	2.49037e-06 	1.83746e-14
0.156875 	91.5581 	2.49037e-06 	1.83746e-14
0.157129 	91.4281 	2.49037e-06 	1.83746e-14
0.157383 	91.2981 	2.49037e-06 	1.83747e-14
0.157638 	91.168 	2.49037e-06 	1.83747e-14
0.157892 	91.038 	2.49037e-06 	1.83747e-14
0.158146 	90.908 	2.49037e-06 	1.83747e-14
0.1584 	90.778 	2.49037e-06 	1.83747e-14
0.158655 	90.648 	2.49037e-06 	1.83747e-14
0.158909 	90.5179 	2.49037e-06 	1.83747e-14
0.159163 	90.3851 	2.55222e-06 	1.81397e-14
0.159417 	90.2475 	2.55222e-06 	1.81397e-14
0.159672 	90.1098 	2.55222e-06 	1.81397e-14
0.159926 	89.9722 	2.55222e-06 	1.81397e-14
0.16018 	89.8345 	2.55222e-06 	1.81397e-14
0.160434 	89.6969 	2.55222e-06 	1.81398e-14
0.160689 	89.5592 	2.55222e-06 	1.81398e-14
0.160943 	89.4216 	2.55222e-06 	1.81398e-14
0.161197 	89.2839 	2.55222e-06 	1.81398e-14
0.161451 	89.1462 	2.55222e-06 	1.81398e-14
0.161706 	89.007 	2.59948e-06 	1.78985e-14
0.16196 	88.8636 	2.59948e-06 	1.78985e-14
0.162214 	88.7202 	2.59948e-06 	1.78985e-14
0.162468 	88.5768 	2.59948e-06 	1.78985e-14
0.162723 	88.4334 	2.59948e-06 	1.78986e-14
0.162977 	88.29 	2.59948e-06 	1.78986e-14
0.163231 	88.1466 	2.59948e-06 	1.78986e-14
0.163485 	88.0032 	2.59948e-06 	1.78986e-14
0.16374 	87.8598 	2.59948e-06 	1.78986e-14
0.163994 	87.7164 	2.59948e-06 	1.78986e-14
0.164248 	87.5722 	2.63255e-06 	1.75938e-14
0.164503 	87.4249 	2.63255e-06 	1.75938e-14
0.164757 	87.2775 	2.63255e-06 	1.75938e-14
0.165011 	87.1302 	2.63255e-06 	1.75938e-14
0.165265 	86.9828 	2.63255e-06 	1.75938e-14
0.16552 	86.8355 	2.63255e-06 	1.75938e-14
0.165774 	86.6881 	2.63255e-06 	1.75938e-14
0.166028 	86.5408 	2.63255e-06 	1.75938e-14
0.166282 	86.3935 	2.63255e-06 	1.75938e-14
0.166537 	86.2461 	2.63255e-06 	1.75938e-14
0.166791 	86.0986 	2.65228e-06 	1.72906e-14
0.167045 	85.9489 	2.65228e-06 	1.72906e-14
0.167299 	85.7993 	2.65228e-06 	1.72906e-14
0.167554 	85.6497 	2.65228e-06 	1.72906e-14
0.167808 	85.5001 	2.65228e-06 	1.72906e-14
0.168062 	85.3505 	2.65228e-06 	1.72906e-14
0.168316 	85.2009 	2.65228e-06 	1.72906e-14
0.168571 	85.0513 	2.65228e-06 	1.72906e-14
0.168825 	84.9017 	2.65228e-06 	1.72906e-14
0.169079 	84.7521 	2.65228e-06 	1.72906e-14
0.169333 	84.6025 	2.01292e-06 	3.65545e-17
0.169588 	84.4521 	2.65946e-06 	1.70414e-14
0.169842 	84.3018 	2.65946e-06 	1.70414e-14
0.170096 	84.1514 	2.65946e-06 	1.70415e-14
0.17035 	84.001 	2.65946e-06 	1.70415e-14
0.170605 	83.8507 	2.65946e-06 	1.70415e-14
0.170859 	83.7003 	2.65946e-06 	1.70415e-14
0.171113 	83.55 	2.65946e-06 	1.70415e-14
0.171367 	83.3996 	2.65946e-06 	1.70415e-14
0.171622 	83.2492 	2.65946e-06 	1.70415e-14
0.171876 	83.0989 	2.65946e-06 	1.70415e-14
0.17213 	82.949 	2.65508e-06 	1.67283e-14
0.172384 	82.7992 	2.65508e-06 	1.67283e-14
0.172639 	82.6494 	2.65508e-06 	1.67283e-14
0.172893 	82.4996 	2.65508e-06 	1.67283e-14
0.173147 	82.3498 	2.65508e-06 	1.67283e-14
0.173401 	82.2 	2.65508e-06 	1.67283e-14
0.173656 	82.0502 	2.65508e-06 	1.67283e-14
0.17391 	81.9004 	2.65508e-06 	1.67283e-14
0.174164 	81.7506 	2.65508e-06 	1.67283e-14
0.174418 	81.6008 	2.65508e-06 	1.67283e-14
0.174673 	81.4524 	2.63974e-06 	1.64705e-14
0.174927 	81.3043 	2.63974e-06 	1.64705e-14
0.175181 	81.1561 	2.63974e-06 	1.64705e-14
0.175435 	81.008 	2.63974e-06 	1.64705e-14
0.17569 	80.8599 	2.63974e-06 	1.64705e-14
0.175944 	80.7118 	2.63974e-06 	1.64705e-14
0.176198 	80.5636 	2.63974e-06 	1.64705e-14
0.176452 	80.4155 	2.63974e-06 	1.64705e-14
0.176707 	80.2674 	2.63974e-06 	1.64705e-14
0.176961 	80.1192 	2.63974e-06 	1.64705e-14
0.177215 	79.973 	2.61478e-06 	1.62228e-14
0.177469 	79.8274 	2.61478e-06 	1.62228e-14
0.177724 	79.6819 	2.61478e-06 	1.62228e-14
0.177978 	79.5363 	2.61478e-06 	1.62228e-14
0.178232 	79.3907 	2.61478e-06 	1.62228e-14
0.178486 	79.2452 	2.61478e-06 	1.62228e-14
0.178741 	79.0996 	2.61478e-06 	1.62228e-14
0.178995 	78.9541 	2.61478e-06 	1.62228e-14
0.179249 	78.8085 	2.61478e-06 	1.62228e-14
0.179504 	78.663 	2.61478e-06 	1.62229e-14
0.179758 	78.5195 	2.58049e-06 	1.59164e-14
0.180012 	78.3773 	2.58049e-06 	1.59164e-14
0.180266 	78.235 	2.58049e-06 	1.59164e-14
0.180521 	78.0928 	2.58049e-06 	1.59164e-14
0.180775 	77.9505 	2.58049e-06 	1.59164e-14
0.181029 	77.8083 	2.58049e-06 	1.59164e-14
0.181283 	77.666 	2.58049e-06 	1.59165e-14
0.181538 	77.5238 	2.58049e-06 	1.59165e-14
0.181792 	77.3815 	2.58049e-06 	1.59165e-14
0.182046 	77.2393 	2.58049e-06 	1.59165e-14
0.1823 	77.0992 	2.53701e-06 	1.56205e-14
0.182555 	76.9608 	2.53701e-06 	1.56205e-14
0.182809 	76.8224 	2.53701e-06 	1.56205e-14
0.183063 	76.6841 	2.53701e-06 	1.56205e-14
0.183317 	76.5457 	2.53701e-06 	1.56205e-14
0.183572 	76.4073 	2.53701e-06 	1.56205e-14
0.183826 	76.269 	2.53701e-06 	1.56205e-14
0.18408 	76.1306 	2.53701e-06 	1.56206e-14
0.184334 	75.9923 	2.53701e-06 	1.56206e-14
0.184589 	75.8539 	2.53701e-06 	1.56206e-14
0.184843 	75.7175 	2.48526e-06 	1.5332e-14
0.185097 	75.5835 	2.48526e-06 	1.5332e-14
0.185351 	75.4494 	2.48526e-06 	1.5332e-14
0.185606 	75.3154 	2.48526e-06 	1.5332e-14
0.18586 	75.1814 	2.48526e-06 	1.5332e-14
0.186114 	75.0473 	2.48526e-06 	1.5332e-14
0.186368 	74.9133 	2.48526e-06 	1.5332e-14
0.186623 	74.7793 	2.48526e-06 	1.53321e-14
0.186877 	74.6453 	2.48526e-06 	1.53321e-14
0.187131 	74.5112 	2.48526e-06 	1.53321e-14
0.187385 	74.3789 	2.42353e-06 	1.50027e-14
0.18764 	74.2495 	2.42353e-06 	1.50027e-14
0.187894 	74.1202 	2.42353e-06 	1.50027e-14
0.188148 	73.9908 	2.42353e-06 	1.50027e-14
0.188402 	73.8615 	2.42353e-06 	1.50028e-14
0.188657 	73.7321 	2.42353e-06 	1.50028e-14
0.188911 	73.6027 	2.42353e-06 	1.50028e-14
0.189165 	73.4734 	2.42353e-06 	1.50028e-14
0.189419 	73.344 	2.42353e-06 	1.50028e-14
0.189674 	73.2147 	2.42353e-06 	1.50028e-14
0.189928 	73.0866 	2.35234e-06 	1.47296e-14
0.190182 	72.9622 	2.35234e-06 	1.47296e-14
0.190436 	72.8378 	2.35234e-06 	1.47296e-14
0.190691 	72.7133 	2.35234e-06 	1.47296e-14
0.190945 	72.5889 	2.35234e-06 	1.47296e-14
0.191199 	72.4645 	2.35234e-06 	1.47297e-14
0.191453 	72.34 	2.35234e-06 	1.47297e-14
0.191708 	72.2156 	2.35234e-06 	1.47297e-14
0.191962 	72.0912 	2.35234e-06 	1.47297e-14
0.192216 	71.9667 	2.35234e-06 	1.47297e-14
0.19247 	71.8432 	2.26941e-06 	1.44107e-14
0.192725 	71.7239 	2.26941e-06 	1.44107e-14
0.192979 	71.6045 	2.26941e-06 	1.44107e-14
0.193233 	71.4852 	2.26941e-06 	1.44107e-14
0.193487 	71.3659 	2.26941e-06 	1.44108e-14
0.193742 	71.2465 	2.26941e-06 	1.44108e-14
0.193996 	71.1272 	2.26941e-06 	1.44108e-14
0.19425 	71.0078 	2.26941e-06 	1.44108e-14
0.194505 	70.8885 	2.26941e-06 	1.44108e-14
0.194759 	70.7692 	2.26941e-06 	1.44108e-14
0.195013 	70.6503 	2.17544e-06 	1.42098e-14
0.195267 	70.5362 	2.17544e-06 	1.42098e-14
0.195522 	70.422 	2.17544e-06 	1.42098e-14
0.195776 	70.3079 	2.17544e-06 	1.42098e-14
0.19603 	70.1938 	2.17544e-06 	1.42098e-14
0.196284 	70.0796 	2.17544e-06 	1.42099e-14
0.196539 	69.9655 	2.17544e-06 	1.42099e-14
0.196793 	69.8514 	2.17544e-06 	1.42099e-14
0.197047 	69.7372 	2.17544e-06 	1.42099e-14
0.197301 	69.6231 	2.17544e-06 	1.42099e-14
0.197556 	69.509 	1.65773e-06 	2.16664e-17
0.19781 	69.4001 	2.07803e-06 	1.39654e-14
0.198064 	69.2912 	2.07803e-06 	1.39654e-14
0.198318 	69.1824 	2.07803e-06 	1.39654e-14
0.198573 	69.0735 	2.07803e-06 	1.39655e-14
0.198827 	68.9647 	2.07803e-06 	1.39655e-14
0.199081 	68.8558 	2.07803e-06 	1.39655e-14
0.199335 	68.747 	2.07803e-06 	1.39655e-14
0.19959 	68.6381 	2.07803e-06 	1.39655e-14
0.199844 	68.5293 	2.07803e-06 	1.39655e-14
0.200098 	68.4204 	2.07803e-06 	1.39655e-14
0.200352 	68.3164 	1.98245e-06 	1.37297e-14
0.200607 	68.2129 	1.98245e-06 	1.37297e-14
0.200861 	68.1094 	1.98245e-06 	1.37297e-14
0.201115 	68.0059 	1.98245e-06 	1.37297e-14
0.201369 	67.9023 	1.98245e-06 	1.37297e-14
0.201624 	67.7988 	1.98245e-06 	1.37297e-14
0.201878 	67.6953 	1.98245e-06 	1.37298e-14
0.202132 	67.5918 	1.98245e-06 	1.37298e-14
0.202386 	67.4882 	1.98245e-06 	1.37298e-14
0.202641 	67.3847 	1.98245e-06 	1.37298e-14
0.202895 	67.2856 	1.88802e-06 	1.35041e-14
0.203149 	67.1874 	1.88802e-06 	1.35041e-14
0.203403 	67.0892 	1.88802e-06 	1.35041e-14
0.203658 	66.9911 	1.88802e-06 	1.35041e-14
0.203912 	66.8929 	1.88802e-06 	1.35041e-14
0.204166 	66.7947 	1.88802e-06 	1.35041e-14
0.20442 	66.6965 	1.88802e-06 	1.35041e-14
0.204675 	66.5984 	1.88802e-06 	1.35041e-14
0.204929 	66.5002 	1.88802e-06 	1.35041e-14
0.205183 	66.402 	1.88802e-06 	1.35041e-14
0.205437 	66.3077 	1.7881e-06 	1.32912e-14
0.205692 	66.2149 	1.7881e-06 	1.32912e-14
0.205946 	66.122 	1.7881e-06 	1.32912e-14
0.2062 	66.0292 	1.7881e-06 	1.32913e-14
0.206454 	65.9363 	1.7881e-06 	1.32913e-14
0.206709 	65.8435 	1.7881e-06 	1.32913e-14
0.206963 	65.7506 	1.7881e-06 	1.32913e-14
0.207217 	65.6578 	1.7881e-06 	1.32913e-14
0.207471 	65.565 	1.7881e-06 	1.32913e-14
0.207726 	65.4721 	1.7881e-06 	1.32913e-14
0.20798 	65.3826 	1.67998e-06 	1.30333e-14
0.208234 	65.2951 	1.67998e-06 	1.30333e-14
0.208488 	65.2075 	1.67998e-06 	1.30333e-14
0.208743 	65.12 	1.67998e-06 	1.30333e-14
0.208997 	65.0325 	1.67998e-06 	1.30334e-14
0.209251 	64.9449 	1.67998e-06 	1.30334e-14
0.209506 	64.8574 	1.67998e-06 	1.30334e-14
0.20976 	64.7698 	1.67998e-06 	1.30334e-14
0.210014 	64.6823 	1.67998e-06 	1.30334e-14
0.210268 	64.5947 	1.67998e-06 	1.30334e-14
0.210523 	64.51 	1.56747e-06 	1.28959e-14
0.210777 	64.4277 	1.56747e-06 	1.28959e-14
0.211031 	64.3454 	1.56747e-06 	1.28959e-14
0.211285 	64.2631 	1.56747e-06 	1.28959e-14
0.21154 	64.1809 	1.56747e-06 	1.28959e-14
0.211794 	64.0986 	1.56747e-06 	1.28959e-14
0.212048 	64.0163 	1.56747e-06 	1.28959e-14
0.212302 	63.934 	1.56747e-06 	1.28959e-14
0.212557 	63.8517 	1.56747e-06 	1.2896e-14
0.212811 	63.7694 	1.56747e-06 	1.2896e-14
0.213065 	63.6895 	1.45289e-06 	1.27254e-14
0.213319 	63.6124 	1.45289e-06 	1.27254e-14
0.213574 	63.5353 	1.45289e-06 	1.27254e-14
0.213828 	63.4582 	1.45289e-06 	1.27254e-14
0.214082 	63.3811 	1.45289e-06 	1.27254e-14
0.214336 	63.304 	1.45289e-06 	1.27254e-14
0.214591 	63.2269 	1.45289e-06 	1.27254e-14
0.214845 	63.1498 	1.45289e-06 	1.27254e-14
0.215099 	63.0727 	1.45289e-06 	1.27254e-14
0.215353 	62.9956 	1.45289e-06 	1.27254e-14
0.215608 	62.9204 	1.33773e-06 	1.26153e-14
0.215862 	62.8485 	1.33773e-06 	1.26153e-14
0.216116 	62.7765 	1.33773e-06 	1.26153e-14
0.21637 	62.7046 	1.33773e-06 	1.26153e-14
0.216625 	62.6326 	1.33773e-06 	1.26153e-14
0.216879 	62.5607 	1.33773e-06 	1.26153e-14
0.217133 	62.4887 	1.33773e-06 	1.26153e-14
0.217387 	62.4168 	1.33773e-06 	1.26153e-14
0.217642 	62.3448 	1.33773e-06 	1.26153e-14
0.217896 	62.2729 	1.33773e-06 	1.26153e-14
0.21815 	62.2023 	1.22277e-06 	1.24115e-14
0.218404 	62.1354 	1.22277e-06 	1.24115e-14
0.218659 	62.0686 	1.22277e-06 	1.24115e-14
0.218913 	62.0017 	1.22277e-06 	1.24115e-14
0.219167 	61.9348 	1.22277e-06 	1.24115e-14
0.219421 	61.868 	1.22277e-06 	1.24116e-14
0.219676 	61.8011 	1.22277e-06 	1.24116e-14
0.21993 	61.7342 	1.22277e-06 	1.24116e-14
0.220184 	61.6673 	1.22277e-06 	1.24116e-14
0.220438 	61.6005 	1.22277e-06 	1.24116e-14
0.220693 	61.5345 	1.10866e-06 	1.23279e-14
0.220947 	61.4727 	1.10866e-06 	1.23279e-14
0.221201 	61.4108 	1.10866e-06 	1.23279e-14
0.221455 	61.349 	1.10866e-06 	1.23279e-14
0.22171 	61.2871 	1.10866e-06 	1.23279e-14
0.221964 	61.2252 	1.10866e-06 	1.23279e-14
0.222218 	61.1634 	1.10866e-06 	1.23279e-14
0.222472 	61.1015 	1.10866e-06 	1.23279e-14
0.222727 	61.0397 	1.10866e-06 	1.2328e-14
0.222981 	60.9778 	1.10866e-06 	1.2328e-14
0.223235 	60.9164 	9.95516e-07 	1.21485e-14
0.223489 	60.8595 	9.95516e-07 	1.21485e-14
0.223744 	60.8026 	9.95516e-07 	1.21485e-14
0.223998 	60.7457 	9.95516e-07 	1.21485e-14
0.224252 	60.6888 	9.95516e-07 	1.21485e-14
0.224507 	60.6319 	9.95516e-07 	1.21485e-14
0.224761 	60.575 	9.95516e-07 	1.21485e-14
0.225015 	60.5181 	9.95516e-07 	1.21485e-14
0.225269 	60.4612 	9.95516e-07 	1.21485e-14
0.225524 	60.4043 	9.95516e-07 	1.21485e-14
0.225778 	60.3474 	8.95181e-07 	9.41815e-18
0.226032 	60.2953 	8.83075e-07 	1.20841e-14
0.226286 	60.2433 	8.83075e-07 	1.20841e-14
0.226541 	60.1913 	8.83075e-07 	1.20841e-14
0.226795 	60.1392 	8.83075e-07 	1.20841e-14
0.227049 	60.0872 	8.83075e-07 	1.20841e-14
0.227303 	60.0352 	8.83075e-07 	1.20841e-14
0.227558 	59.9832 	8.83075e-07 	1.20841e-14
0.227812 	59.9311 	8.83075e-07 	1.20841e-14
0.228066 	59.8791 	8.83075e-07 	1.20841e-14
0.22832 	59.8271 	8.83075e-07 	1.20841e-14
0.228575 	59.7794 	7.71089e-07 	1.20307e-14
0.228829 	59.7322 	7.71089e-07 	1.20307e-14
0.229083 	59.6849 	7.71089e-07 	1.20307e-14
0.229337 	59.6377 	7.71089e-07 	1.20308e-14
0.229592 	59.5905 	7.71089e-07 	1.20308e-14
0.229846 	59.5432 	7.71089e-07 	1.20308e-14
0.2301 	59.496 	7.71089e-07 	1.20308e-14
0.230354 	59.4488 	7.71089e-07 	1.20308e-14
0.230609 	59.4015 	7.71089e-07 	1.20308e-14
0.230863 	59.3543 	7.71089e-07 	1.20308e-14
0.231117 	59.3109 	6.60617e-07 	1.19447e-14
0.231371 	59.2684 	6.60617e-07 	1.19447e-14
0.231626 	59.2259 	6.60617e-07 	1.19447e-14
0.23188 	59.1833 	6.60617e-07 	1.19447e-14
0.232134 	59.1408 	6.60617e-07 	1.19447e-14
0.232388 	59.0983 	6.60617e-07 	1.19447e-14
0.232643 	59.0558 	6.60617e-07 	1.19447e-14
0.232897 	59.0132 	6.60617e-07 	1.19447e-14
0.233151 	58.9707 	6.60617e-07 	1.19447e-14
0.233405 	58.9282 	6.60617e-07 	1.19447e-14
0.23366 	58.889 	5.54616e-07 	1.18668e-14
0.233914 	58.8511 	5.54616e-07 	1.18668e-14
0.234168 	58.8132 	5.54616e-07 	1.18668e-14
0.234422 	58.7753 	5.54616e-07 	1.18668e-14
0.234677 	58.7373 	5.54616e-07 	1.18668e-14
0.234931 	58.6994 	5.54616e-07 	1.18668e-14
0.235185 	58.6615 	5.54616e-07 	1.18668e-14
0.235439 	58.6236 	5.54616e-07 	1.18668e-14
0.235694 	58.5857 	5.54616e-07 	1.18668e-14
0.235948 	58.5478 	5.54616e-07 	1.18668e-14
0.236202 	58.5127 	4.54706e-07 	1.18002e-14
0.236456 	58.4793 	4.54706e-07 	1.18002e-14
0.236711 	58.4458 	4.54706e-07 	1.18002e-14
0.236965 	58.4124 	4.54706e-07 	1.18002e-14
0.237219 	58.379 	4.54706e-07 	1.18002e-14
0.237473 	58.3455 	4.54706e-07 	1.18002e-14
0.237728 	58.3121 	4.54706e-07 	1.18003e-14
0.237982 	58.2787 	4.54706e-07 	1.18003e-14
0.238236 	58.2452 	4.54706e-07 	1.18003e-14
0.23849 	58.2118 	4.54706e-07 	1.18003e-14
0.238745 	58.1807 	3.66241e-07 	1.17424e-14
0.238999 	58.1516 	3.66241e-07 	1.17424e-14
0.239253 	58.1225 	3.66241e-07 	1.17424e-14
0.239508 	58.0934 	3.66241e-07 	1.17424e-14
0.239762 	58.0643 	3.66241e-07 	1.17424e-14
0.240016 	58.0352 	3.66241e-07 	1.17424e-14
0.24027 	58.0061 	3.66241e-07 	1.17424e-14
0.240525 	57.977 	3.66241e-07 	1.17424e-14
0.240779 	57.9479 	3.66241e-07 	1.17424e-14
0.241033 	57.9188 	3.66241e-07 	1.17424e-14
0.241287 	57.8916 	2.89241e-07 	1.16465e-14
0.241542 	57.8666 	2.89241e-07 	1.16465e-14
0.241796 	57.8416 	2.89241e-07 	1.16465e-14
0.24205 	57.8167 	2.89241e-07 	1.16465e-14
0.242304 	57.7917 	2.89241e-07 	1.16465e-14
0.242559 	57.7667 	2.89241e-07 	1.16465e-14
0.242813 	57.7417 	2.89241e-07 	1.16465e-14
0.243067 	57.7168 	2.89241e-07 	1.16465e-14
0.243321 	57.6918 	2.89241e-07 	1.16465e-14
0.243576 	57.6668 	2.89241e-07 	1.16465e-14
0.24383 	57.6432 	2.20957e-07 	1.15987e-14
0.244084 	57.6221 	2.20957e-07 	1.15987e-14
0.244338 	57.601 	2.20957e-07 	1.15987e-14
0.244593 	57.5798 	2.20957e-07 	1.15987e-14
0.244847 	57.5587 	2.20957e-07 	1.15987e-14
0.245101 	57.5375 	2.20957e-07 	1.15987e-14
0.245355 	57.5164 	2.20957e-07 	1.15987e-14
0.24561 	57.4952 	2.20957e-07 	1.15987e-14
0.245864 	57.4741 	2.20957e-07 	1.15987e-14
0.246118 	57.453 	2.20957e-07 	1.15987e-14
0.246372 	57.4328 	1.62177e-07 	1.16131e-14
0.246627 	57.4151 	1.62177e-07 	1.16131e-14
0.246881 	57.3974 	1.62177e-07 	1.16131e-14
0.247135 	57.3798 	1.62177e-07 	1.16131e-14
0.247389 	57.3621 	1.62177e-07 	1.16131e-14
0.247644 	57.3444 	1.62177e-07 	1.16131e-14
0.247898 	57.3268 	1.62177e-07 	1.16131e-14
0.248152 	57.3091 	1.62177e-07 	1.16131e-14
0.248406 	57.2914 	1.62177e-07 	1.16131e-14
0.248661 	57.2738 	1.62177e-07 	1.16131e-14
0.248915 	57.2555 	1.15069e-07 	1.15824e-14
0.249169 	57.2342 	1.15069e-07 	1.15824e-14
0.249423 	57.2129 	1.15069e-07 	1.15824e-14
0.249678 	57.1916 	1.15069e-07 	1.15824e-14
0.249932 	57.1704 	1.15069e-07 	1.15824e-14
0.250186 	57.1491 	1.15069e-07 	1.15824e-14
0.25044 	57.1278 	1.15069e-07 	1.15824e-14
0.250695 	57.1066 	1.15069e-07 	1.15824e-14
0.250949 	57.0853 	1.15069e-07 	1.15824e-14
0.251203 	57.064 	1.15069e-07 	1.15824e-14
0.251457 	57.0435 	8.24282e-08 	1.1561e-14
0.251712 	57.0302 	8.24282e-08 	1.1561e-14
0.251966 	57.017 	8.24282e-08 	1.1561e-14
0.25222 	57.0037 	8.24282e-08 	1.1561e-14
0.252474 	56.9904 	8.24282e-08 	1.1561e-14
0.252729 	56.9772 	8.24282e-08 	1.1561e-14
0.252983 	56.9639 	8.24282e-08 	1.1561e-14
0.253237 	56.9506 	8.24282e-08 	1.1561e-14
0.253491 	56.9374 	8.24282e-08 	1.1561e-14
0.253746 	56.9241 	8.24282e-08 	1.1561e-14
0.254 	56.9109 	1.92566e-07 	6.80674e-18
