0 	31.0326 	-2.65826e-07 	-7.7372e-19
0.000254254 	31.0382 	-2.65213e-07 	6.40454e-16
0.000508509 	31.0439 	-2.65213e-07 	6.40454e-16
0.000762763 	31.0495 	-2.65213e-07 	6.40453e-16
0.00101702 	31.0551 	-2.65213e-07 	6.40453e-16
0.00127127 	31.0608 	-2.65213e-07 	6.40453e-16
0.00152553 	31.0664 	-2.65213e-07 	6.40452e-16
0.00177978 	31.072 	-2.65213e-07 	6.40452e-16
0.00203403 	31.0777 	-2.65213e-07 	6.40452e-16
0.00228829 	31.0833 	-2.65213e-07 	6.40451e-16
0.00254254 	31.0889 	-2.65213e-07 	6.40451e-16
0.0027968 	31.102 	-2.70634e-07 	6.39557e-16
0.00305105 	31.1159 	-2.70634e-07 	6.39556e-16
0.00330531 	31.1298 	-2.70634e-07 	6.39555e-16
0.00355956 	31.1436 	-2.70634e-07 	6.39554e-16
0.00381381 	31.1575 	-2.70634e-07 	6.39553e-16
0.00406807 	31.1713 	-2.70634e-07 	6.39553e-16
0.00432232 	31.1852 	-2.70634e-07 	6.39552e-16
0.00457658 	31.1991 	-2.70634e-07 	6.39551e-16
0.00483083 	31.2129 	-2.70634e-07 	6.3955e-16
0.00508509 	31.2268 	-2.70634e-07 	6.39549e-16
0.00533934 	31.2431 	-2.93576e-07 	6.82429e-16
0.00559359 	31.26 	-2.93576e-07 	6.82428e-16
0.00584785 	31.2768 	-2.93576e-07 	6.82427e-16
0.0061021 	31.2937 	-2.93576e-07 	6.82426e-16
0.00635636 	31.3105 	-2.93576e-07 	6.82425e-16
0.00661061 	31.3274 	-2.93576e-07 	6.82424e-16
0.00686486 	31.3443 	-2.93576e-07 	6.82423e-16
0.00711912 	31.3611 	-2.93576e-07 	6.82421e-16
0.00737337 	31.378 	-2.93576e-07 	6.8242e-16
0.00762763 	31.3949 	-2.93576e-07 	6.82419e-16
0.00788188 	31.4124 	-3.33084e-07 	6.76507e-16
0.00813614 	31.4303 	-3.33084e-07 	6.76506e-16
0.00839039 	31.4481 	-3.33084e-07 	6.76505e-16
0.00864464 	31.466 	-3.33084e-07 	6.76504e-16
0.0088989 	31.4838 	-3.33084e-07 	6.76502e-16
0.00915315 	31.5017 	-3.33084e-07 	6.76501e-16
0.00940741 	31.5195 	-3.33084e-07 	6.765e-16
0.00966166 	31.5374 	-3.33084e-07 	6.76499e-16
0.00991592 	31.5552 	-3.33084e-07 	6.76498e-16
0.0101702 	31.5731 	-3.33084e-07 	6.76497e-16
0.0104244 	31.5921 	-3.85323e-07 	7.23217e-16
0.0106787 	31.6117 	-3.85323e-07 	7.23216e-16
0.0109329 	31.6313 	-3.85323e-07 	7.23214e-16
0.0111872 	31.651 	-3.85323e-07 	7.23213e-16
0.0114414 	31.6706 	-3.85323e-07 	7.23212e-16
0.0116957 	31.6903 	-3.85323e-07 	7.23211e-16
0.0119499 	31.7099 	-3.85323e-07 	7.23209e-16
0.0122042 	31.7295 	-3.85323e-07 	7.23208e-16
0.0124585 	31.7492 	-3.85323e-07 	7.23207e-16
0.0127127 	31.7688 	-3.85323e-07 	7.23206e-16
0.012967 	31.79 	-4.46892e-07 	7.66705e-16
0.0132212 	31.8125 	-4.46892e-07 	7.66704e-16
0.0134755 	31.835 	-4.46892e-07 	7.66702e-16
0.0137297 	31.8575 	-4.46892e-07 	7.66701e-16
0.013984 	31.88 	-4.46892e-07 	7.66699e-16
0.0142382 	31.9025 	-4.46892e-07 	7.66698e-16
0.0144925 	31.925 	-4.46892e-07 	7.66697e-16
0.0147467 	31.9475 	-4.46892e-07 	7.66695e-16
0.015001 	31.97 	-4.46892e-07 	7.66694e-16
0.0152553 	31.9924 	-4.46892e-07 	7.66692e-16
0.0155095 	32.0165 	-5.15255e-07 	7.70364e-16
0.0157638 	32.0426 	-5.15255e-07 	7.70362e-16
0.016018 	32.0686 	-5.15255e-07 	7.7036e-16
0.0162723 	32.0946 	-5.15255e-07 	7.70359e-16
0.0165265 	32.1206 	-5.15255e-07 	7.70357e-16
0.0167808 	32.1466 	-5.15255e-07 	7.70355e-16
0.017035 	32.1726 	-5.15255e-07 	7.70354e-16
0.0172893 	32.1986 	-5.15255e-07 	7.70352e-16
0.0175435 	32.2247 	-5.15255e-07 	7.7035e-16
0.0177978 	32.2507 	-5.15255e-07 	7.70349e-16
0.0180521 	32.2781 	-5.88662e-07 	7.71731e-16
0.0183063 	32.308 	-5.88662e-07 	7.71729e-16
0.0185606 	32.3379 	-5.88662e-07 	7.71728e-16
0.0188148 	32.3678 	-5.88662e-07 	7.71726e-16
0.0190691 	32.3977 	-5.88662e-07 	7.71724e-16
0.0193233 	32.4276 	-5.88662e-07 	7.71722e-16
0.0195776 	32.4575 	-5.88662e-07 	7.7172e-16
0.0198318 	32.4874 	-5.88662e-07 	7.71718e-16
0.0200861 	32.5173 	-5.88662e-07 	7.71716e-16
0.0203403 	32.5472 	-5.88662e-07 	7.71714e-16
0.0205946 	32.5782 	-6.66013e-07 	7.74723e-16
0.0208488 	32.6122 	-6.66013e-07 	7.74721e-16
0.0211031 	32.6462 	-6.66013e-07 	7.74719e-16
0.0213574 	32.6802 	-6.66013e-07 	7.74717e-16
0.0216116 	32.7142 	-6.66013e-07 	7.74714e-16
0.0218659 	32.7482 	-6.66013e-07 	7.74712e-16
0.0221201 	32.7822 	-6.66013e-07 	7.7471e-16
0.0223744 	32.8161 	-6.66013e-07 	7.74708e-16
0.0226286 	32.8501 	-6.66013e-07 	7.74706e-16
0.0228829 	32.8841 	-6.66013e-07 	7.74703e-16
0.0231371 	32.9189 	-7.46666e-07 	7.78629e-16
0.0233914 	32.9572 	-7.46666e-07 	7.78626e-16
0.0236456 	32.9955 	-7.46666e-07 	7.78624e-16
0.0238999 	33.0338 	-7.46666e-07 	7.78621e-16
0.0241542 	33.072 	-7.46666e-07 	7.78619e-16
0.0244084 	33.1103 	-7.46666e-07 	7.78616e-16
0.0246627 	33.1486 	-7.46666e-07 	7.78614e-16
0.0249169 	33.1869 	-7.46666e-07 	7.78612e-16
0.0251712 	33.2252 	-7.46666e-07 	7.78609e-16
0.0254254 	33.2635 	-7.46666e-07 	7.78607e-16
0.0256797 	33.3021 	-8.30049e-07 	7.83118e-16
0.0259339 	33.3449 	-8.30049e-07 	7.83115e-16
0.0261882 	33.3876 	-8.30049e-07 	7.83113e-16
0.0264424 	33.4304 	-8.30049e-07 	7.8311e-16
0.0266967 	33.4731 	-8.30049e-07 	7.83107e-16
0.026951 	33.5158 	-8.30049e-07 	7.83104e-16
0.0272052 	33.5586 	-8.30049e-07 	7.83102e-16
0.0274595 	33.6013 	-8.30049e-07 	7.83099e-16
0.0277137 	33.6441 	-8.30049e-07 	7.83096e-16
0.027968 	33.6868 	-8.30049e-07 	7.83093e-16
0.0282222 	33.7295 	-9.6511e-07 	-2.3851e-18
0.0284765 	33.7769 	-9.14685e-07 	7.88166e-16
0.0287307 	33.8243 	-9.14685e-07 	7.88163e-16
0.028985 	33.8717 	-9.14685e-07 	7.8816e-16
0.0292392 	33.919 	-9.14685e-07 	7.88157e-16
0.0294935 	33.9664 	-9.14685e-07 	7.88154e-16
0.0297477 	34.0138 	-9.14685e-07 	7.88151e-16
0.030002 	34.0612 	-9.14685e-07 	7.88148e-16
0.0302563 	34.1085 	-9.14685e-07 	7.88145e-16
0.0305105 	34.1559 	-9.14685e-07 	7.88142e-16
0.0307648 	34.2033 	-9.14685e-07 	7.88139e-16
0.031019 	34.255 	-9.98471e-07 	8.27283e-16
0.0312733 	34.3072 	-9.98471e-07 	8.2728e-16
0.0315275 	34.3594 	-9.98471e-07 	8.27277e-16
0.0317818 	34.4116 	-9.98471e-07 	8.27273e-16
0.032036 	34.4637 	-9.98471e-07 	8.2727e-16
0.0322903 	34.5159 	-9.98471e-07 	8.27266e-16
0.0325445 	34.5681 	-9.98471e-07 	8.27263e-16
0.0327988 	34.6203 	-9.98471e-07 	8.2726e-16
0.0330531 	34.6725 	-9.98471e-07 	8.27256e-16
0.0333073 	34.7246 	-9.98471e-07 	8.27253e-16
0.0335616 	34.7809 	-1.08343e-06 	7.96473e-16
0.0338158 	34.8381 	-1.08343e-06 	7.96469e-16
0.0340701 	34.8952 	-1.08343e-06 	7.96465e-16
0.0343243 	34.9524 	-1.08343e-06 	7.96462e-16
0.0345786 	35.0096 	-1.08343e-06 	7.96458e-16
0.0348328 	35.0667 	-1.08343e-06 	7.96454e-16
0.0350871 	35.1239 	-1.08343e-06 	7.96451e-16
0.0353413 	35.1811 	-1.08343e-06 	7.96447e-16
0.0355956 	35.2382 	-1.08343e-06 	7.96443e-16
0.0358498 	35.2954 	-1.08343e-06 	7.9644e-16
0.0361041 	35.3564 	-1.1708e-06 	8.53956e-16
0.0363584 	35.4187 	-1.1708e-06 	8.53952e-16
0.0366126 	35.481 	-1.1708e-06 	8.53948e-16
0.0368669 	35.5434 	-1.1708e-06 	8.53944e-16
0.0371211 	35.6057 	-1.1708e-06 	8.5394e-16
0.0373754 	35.6681 	-1.1708e-06 	8.53936e-16
0.0376296 	35.7304 	-1.1708e-06 	8.53932e-16
0.0378839 	35.7928 	-1.1708e-06 	8.53928e-16
0.0381381 	35.8551 	-1.1708e-06 	8.53924e-16
0.0383924 	35.9175 	-1.1708e-06 	8.5392e-16
0.0386466 	35.9832 	-1.26246e-06 	9.04444e-16
0.0389009 	36.051 	-1.26246e-06 	9.0444e-16
0.0391552 	36.1187 	-1.26246e-06 	9.04436e-16
0.0394094 	36.1864 	-1.26246e-06 	9.04431e-16
0.0396637 	36.2541 	-1.26246e-06 	9.04427e-16
0.0399179 	36.3219 	-1.26246e-06 	9.04423e-16
0.0401722 	36.3896 	-1.26246e-06 	9.04418e-16
0.0404264 	36.4573 	-1.26246e-06 	9.04414e-16
0.0406807 	36.525 	-1.26246e-06 	9.0441e-16
0.0409349 	36.5927 	-1.26246e-06 	9.04405e-16
0.0411892 	36.6635 	-1.35795e-06 	9.69183e-16
0.0414434 	36.7368 	-1.35795e-06 	9.69178e-16
0.0416977 	36.8101 	-1.35795e-06 	9.69174e-16
0.041952 	36.8834 	-1.35795e-06 	9.69169e-16
0.0422062 	36.9567 	-1.35795e-06 	9.69164e-16
0.0424605 	37.03 	-1.35795e-06 	9.6916e-16
0.0427147 	37.1033 	-1.35795e-06 	9.69155e-16
0.042969 	37.1767 	-1.35795e-06 	9.6915e-16
0.0432232 	37.25 	-1.35795e-06 	9.69145e-16
0.0434775 	37.3233 	-1.35795e-06 	9.69141e-16
0.0437317 	37.3992 	-1.45688e-06 	9.87004e-16
0.043986 	37.4783 	-1.45688e-06 	9.86999e-16
0.0442402 	37.5574 	-1.45688e-06 	9.86994e-16
0.0444945 	37.6365 	-1.45688e-06 	9.86989e-16
0.0447487 	37.7156 	-1.45688e-06 	9.86984e-16
0.045003 	37.7947 	-1.45688e-06 	9.86979e-16
0.0452573 	37.8738 	-1.45688e-06 	9.86974e-16
0.0455115 	37.9529 	-1.45688e-06 	9.86968e-16
0.0457658 	38.0321 	-1.45688e-06 	9.86963e-16
0.04602 	38.1112 	-1.45688e-06 	9.86958e-16
0.0462743 	38.1925 	-1.55915e-06 	9.5317e-16
0.0465285 	38.2776 	-1.55915e-06 	9.53165e-16
0.0467828 	38.3627 	-1.55915e-06 	9.5316e-16
0.047037 	38.4479 	-1.55915e-06 	9.53154e-16
0.0472913 	38.533 	-1.55915e-06 	9.53149e-16
0.0475455 	38.6181 	-1.55915e-06 	9.53143e-16
0.0477998 	38.7032 	-1.55915e-06 	9.53138e-16
0.0480541 	38.7884 	-1.55915e-06 	9.53132e-16
0.0483083 	38.8735 	-1.55915e-06 	9.53127e-16
0.0485626 	38.9586 	-1.55915e-06 	9.53121e-16
0.0488168 	39.0455 	-1.66457e-06 	9.24475e-16
0.0490711 	39.1369 	-1.66457e-06 	9.24469e-16
0.0493253 	39.2283 	-1.66457e-06 	9.24463e-16
0.0495796 	39.3197 	-1.66457e-06 	9.24457e-16
0.0498338 	39.4111 	-1.66457e-06 	9.24451e-16
0.0500881 	39.5025 	-1.66457e-06 	9.24445e-16
0.0503423 	39.5938 	-1.66457e-06 	9.2444e-16
0.0505966 	39.6852 	-1.66457e-06 	9.24434e-16
0.0508509 	39.7766 	-1.66457e-06 	9.24428e-16
0.0511051 	39.868 	-1.66457e-06 	9.24422e-16
0.0513594 	39.9606 	-1.77286e-06 	9.47428e-16
0.0516136 	40.0585 	-1.77286e-06 	9.47421e-16
0.0518679 	40.1564 	-1.77286e-06 	9.47415e-16
0.0521221 	40.2543 	-1.77286e-06 	9.47409e-16
0.0523764 	40.3522 	-1.77286e-06 	9.47403e-16
0.0526306 	40.4501 	-1.77286e-06 	9.47396e-16
0.0528849 	40.548 	-1.77286e-06 	9.4739e-16
0.0531391 	40.6459 	-1.77286e-06 	9.47384e-16
0.0533934 	40.7438 	-1.77286e-06 	9.47377e-16
0.0536476 	40.8417 	-1.77286e-06 	9.47371e-16
0.0539019 	40.9402 	-1.88353e-06 	9.10968e-16
0.0541562 	41.0448 	-1.88353e-06 	9.10961e-16
0.0544104 	41.1495 	-1.88353e-06 	9.10954e-16
0.0546647 	41.2541 	-1.88353e-06 	9.10948e-16
0.0549189 	41.3587 	-1.88353e-06 	9.10941e-16
0.0551732 	41.4634 	-1.88353e-06 	9.10934e-16
0.0554274 	41.568 	-1.88353e-06 	9.10928e-16
0.0556817 	41.6727 	-1.88353e-06 	9.10921e-16
0.0559359 	41.7773 	-1.88353e-06 	9.10914e-16
0.0561902 	41.8819 	-1.88353e-06 	9.10907e-16
0.0564444 	41.9866 	-2.25214e-06 	-2.26824e-18
0.0566987 	42.0982 	-1.99584e-06 	9.29349e-16
0.056953 	42.2098 	-1.99584e-06 	9.29341e-16
0.0572072 	42.3215 	-1.99584e-06 	9.29334e-16
0.0574615 	42.4331 	-1.99584e-06 	9.29327e-16
0.0577157 	42.5447 	-1.99584e-06 	9.2932e-16
0.05797 	42.6563 	-1.99584e-06 	9.29313e-16
0.0582242 	42.768 	-1.99584e-06 	9.29306e-16
0.0584785 	42.8796 	-1.99584e-06 	9.29298e-16
0.0587327 	42.9912 	-1.99584e-06 	9.29291e-16
0.058987 	43.1029 	-1.99584e-06 	9.29284e-16
0.0592412 	43.2211 	-2.10872e-06 	9.49615e-16
0.0594955 	43.3399 	-2.10872e-06 	9.49608e-16
0.0597497 	43.4588 	-2.10872e-06 	9.496e-16
0.060004 	43.5776 	-2.10872e-06 	9.49592e-16
0.0602583 	43.6965 	-2.10872e-06 	9.49585e-16
0.0605125 	43.8153 	-2.10872e-06 	9.49577e-16
0.0607668 	43.9342 	-2.10872e-06 	9.49569e-16
0.061021 	44.053 	-2.10872e-06 	9.49562e-16
0.0612753 	44.1719 	-2.10872e-06 	9.49554e-16
0.0615295 	44.2908 	-2.10872e-06 	9.49546e-16
0.0617838 	44.4157 	-2.22217e-06 	1.02424e-15
0.062038 	44.542 	-2.22217e-06 	1.02423e-15
0.0622923 	44.6683 	-2.22217e-06 	1.02422e-15
0.0625465 	44.7946 	-2.22217e-06 	1.02421e-15
0.0628008 	44.9209 	-2.22217e-06 	1.0242e-15
0.0630551 	45.0472 	-2.22217e-06 	1.0242e-15
0.0633093 	45.1736 	-2.22217e-06 	1.02419e-15
0.0635636 	45.2999 	-2.22217e-06 	1.02418e-15
0.0638178 	45.4262 	-2.22217e-06 	1.02417e-15
0.0640721 	45.5525 	-2.22217e-06 	1.02416e-15
0.0643263 	45.6843 	-2.33591e-06 	9.96563e-16
0.0645806 	45.8183 	-2.33591e-06 	9.96554e-16
0.0648348 	45.9523 	-2.33591e-06 	9.96546e-16
0.0650891 	46.0862 	-2.33591e-06 	9.96537e-16
0.0653433 	46.2202 	-2.33591e-06 	9.96528e-16
0.0655976 	46.3542 	-2.33591e-06 	9.9652e-16
0.0658519 	46.4881 	-2.33591e-06 	9.96511e-16
0.0661061 	46.6221 	-2.33591e-06 	9.96503e-16
0.0663604 	46.7561 	-2.33591e-06 	9.96494e-16
0.0666146 	46.89 	-2.33591e-06 	9.96485e-16
0.0668689 	47.029 	-2.44873e-06 	1.02462e-15
0.0671231 	47.1708 	-2.44873e-06 	1.02461e-15
0.0673774 	47.3126 	-2.44873e-06 	1.0246e-15
0.0676316 	47.4545 	-2.44873e-06 	1.02459e-15
0.0678859 	47.5963 	-2.44873e-06 	1.02458e-15
0.0681401 	47.7381 	-2.44873e-06 	1.02457e-15
0.0683944 	47.8799 	-2.44873e-06 	1.02456e-15
0.0686486 	48.0218 	-2.44873e-06 	1.02456e-15
0.0689029 	48.1636 	-2.44873e-06 	1.02455e-15
0.0691572 	48.3054 	-2.44873e-06 	1.02454e-15
0.0694114 	48.4516 	-2.55966e-06 	1.05305e-15
0.0696657 	48.6015 	-2.55966e-06 	1.05304e-15
0.0699199 	48.7514 	-2.55966e-06 	1.05303e-15
0.0701742 	48.9014 	-2.55966e-06 	1.05302e-15
0.0704284 	49.0513 	-2.55966e-06 	1.05301e-15
0.0706827 	49.2012 	-2.55966e-06 	1.053e-15
0.0709369 	49.3511 	-2.55966e-06 	1.05299e-15
0.0711912 	49.501 	-2.55966e-06 	1.05298e-15
0.0714454 	49.6509 	-2.55966e-06 	1.05297e-15
0.0716997 	49.8008 	-2.55966e-06 	1.05296e-15
0.071954 	49.9545 	-2.65981e-06 	1.08392e-15
0.0722082 	50.1126 	-2.65981e-06 	1.08391e-15
0.0724625 	50.2708 	-2.65981e-06 	1.0839e-15
0.0727167 	50.429 	-2.65981e-06 	1.08389e-15
0.072971 	50.5872 	-2.65981e-06 	1.08388e-15
0.0732252 	50.7454 	-2.65981e-06 	1.08387e-15
0.0734795 	50.9036 	-2.65981e-06 	1.08386e-15
0.0737337 	51.0618 	-2.65981e-06 	1.08385e-15
0.073988 	51.22 	-2.65981e-06 	1.08384e-15
0.0742422 	51.3782 	-2.65981e-06 	1.08383e-15
0.0744965 	51.5394 	-2.71776e-06 	1.11638e-15
0.0747508 	51.706 	-2.71776e-06 	1.11637e-15
0.075005 	51.8725 	-2.71776e-06 	1.11636e-15
0.0752593 	52.0391 	-2.71776e-06 	1.11635e-15
0.0755135 	52.2056 	-2.71776e-06 	1.11634e-15
0.0757678 	52.3722 	-2.71776e-06 	1.11633e-15
0.076022 	52.5387 	-2.71776e-06 	1.11632e-15
0.0762763 	52.7053 	-2.71776e-06 	1.11631e-15
0.0765305 	52.8718 	-2.71776e-06 	1.1163e-15
0.0767848 	53.0384 	-2.71776e-06 	1.11629e-15
0.077039 	53.2072 	-2.77102e-06 	1.10054e-15
0.0772933 	53.382 	-2.77102e-06 	1.10053e-15
0.0775475 	53.5569 	-2.77102e-06 	1.10051e-15
0.0778018 	53.7317 	-2.77102e-06 	1.1005e-15
0.0780561 	53.9065 	-2.77102e-06 	1.10049e-15
0.0783103 	54.0813 	-2.77102e-06 	1.10048e-15
0.0785646 	54.2561 	-2.77102e-06 	1.10047e-15
0.0788188 	54.431 	-2.77102e-06 	1.10046e-15
0.0790731 	54.6058 	-2.77102e-06 	1.10045e-15
0.0793273 	54.7806 	-2.77102e-06 	1.10044e-15
0.0795816 	54.9569 	-2.81674e-06 	1.0959e-15
0.0798358 	55.1398 	-2.81674e-06 	1.09589e-15
0.0800901 	55.3227 	-2.81674e-06 	1.09588e-15
0.0803443 	55.5056 	-2.81674e-06 	1.09586e-15
0.0805986 	55.6885 	-2.81674e-06 	1.09585e-15
0.0808529 	55.8714 	-2.81674e-06 	1.09584e-15
0.0811071 	56.0543 	-2.81674e-06 	1.09583e-15
0.0813614 	56.2372 	-2.81674e-06 	1.09582e-15
0.0816156 	56.4201 	-2.81674e-06 	1.0958e-15
0.0818699 	56.603 	-2.81674e-06 	1.09579e-15
0.0821241 	56.7866 	-2.84103e-06 	1.1292e-15
0.0823784 	56.9774 	-2.84103e-06 	1.12919e-15
0.0826326 	57.1681 	-2.84103e-06 	1.12917e-15
0.0828869 	57.3589 	-2.84103e-06 	1.12916e-15
0.0831411 	57.5496 	-2.84103e-06 	1.12915e-15
0.0833954 	57.7404 	-2.84103e-06 	1.12914e-15
0.0836496 	57.9311 	-2.84103e-06 	1.12913e-15
0.0839039 	58.1219 	-2.84103e-06 	1.12911e-15
0.0841582 	58.3126 	-2.84103e-06 	1.1291e-15
0.0844124 	58.5034 	-2.84103e-06 	1.12909e-15
0.0846667 	58.6941 	-3.7476e-06 	-6.06936e-20
0.0849209 	58.8925 	-2.8461e-06 	1.1621e-15
0.0851752 	59.0908 	-2.8461e-06 	1.16209e-15
0.0854294 	59.2891 	-2.8461e-06 	1.16208e-15
0.0856837 	59.4874 	-2.8461e-06 	1.16206e-15
0.0859379 	59.6857 	-2.8461e-06 	1.16205e-15
0.0861922 	59.884 	-2.8461e-06 	1.16204e-15
0.0864464 	60.0823 	-2.8461e-06 	1.16203e-15
0.0867007 	60.2806 	-2.8461e-06 	1.16201e-15
0.086955 	60.4789 	-2.8461e-06 	1.162e-15
0.0872092 	60.6773 	-2.8461e-06 	1.16199e-15
0.0874635 	60.8821 	-2.84085e-06 	1.1943e-15
0.0877177 	61.0875 	-2.84085e-06 	1.19429e-15
0.087972 	61.293 	-2.84085e-06 	1.19427e-15
0.0882262 	61.4985 	-2.84085e-06 	1.19426e-15
0.0884805 	61.704 	-2.84085e-06 	1.19425e-15
0.0887347 	61.9094 	-2.84085e-06 	1.19423e-15
0.088989 	62.1149 	-2.84085e-06 	1.19422e-15
0.0892432 	62.3204 	-2.84085e-06 	1.19421e-15
0.0894975 	62.5258 	-2.84085e-06 	1.19419e-15
0.0897518 	62.7313 	-2.84085e-06 	1.19418e-15
0.090006 	62.9421 	-2.85003e-06 	1.2257e-15
0.0902603 	63.1542 	-2.85003e-06 	1.22569e-15
0.0905145 	63.3662 	-2.85003e-06 	1.22567e-15
0.0907688 	63.5782 	-2.85003e-06 	1.22566e-15
0.091023 	63.7902 	-2.85003e-06 	1.22565e-15
0.0912773 	64.0023 	-2.85003e-06 	1.22563e-15
0.0915315 	64.2143 	-2.85003e-06 	1.22562e-15
0.0917858 	64.4263 	-2.85003e-06 	1.22561e-15
0.09204 	64.6383 	-2.85003e-06 	1.22559e-15
0.0922943 	64.8504 	-2.85003e-06 	1.22558e-15
0.0925485 	65.0666 	-2.83262e-06 	1.2564e-15
0.0928028 	65.2843 	-2.83262e-06 	1.25638e-15
0.0930571 	65.5021 	-2.83262e-06 	1.25637e-15
0.0933113 	65.7198 	-2.83262e-06 	1.25635e-15
0.0935656 	65.9375 	-2.83262e-06 	1.25634e-15
0.0938198 	66.1553 	-2.83262e-06 	1.25633e-15
0.0940741 	66.373 	-2.83262e-06 	1.25631e-15
0.0943283 	66.5908 	-2.83262e-06 	1.2563e-15
0.0945826 	66.8085 	-2.83262e-06 	1.25628e-15
0.0948368 	67.0263 	-2.83262e-06 	1.25627e-15
0.0950911 	67.247 	-2.78905e-06 	1.23194e-15
0.0953453 	67.4693 	-2.78905e-06 	1.23193e-15
0.0955996 	67.6917 	-2.78905e-06 	1.23191e-15
0.0958539 	67.914 	-2.78905e-06 	1.2319e-15
0.0961081 	68.1364 	-2.78905e-06 	1.23188e-15
0.0963624 	68.3587 	-2.78905e-06 	1.23187e-15
0.0966166 	68.581 	-2.78905e-06 	1.23185e-15
0.0968709 	68.8034 	-2.78905e-06 	1.23184e-15
0.0971251 	69.0257 	-2.78905e-06 	1.23183e-15
0.0973794 	69.2481 	-2.78905e-06 	1.23181e-15
0.0976336 	69.4722 	-2.71969e-06 	1.31359e-15
0.0978879 	69.6976 	-2.71969e-06 	1.31358e-15
0.0981421 	69.9231 	-2.71969e-06 	1.31356e-15
0.0983964 	70.1486 	-2.71969e-06 	1.31355e-15
0.0986507 	70.3741 	-2.71969e-06 	1.31353e-15
0.0989049 	70.5996 	-2.71969e-06 	1.31352e-15
0.0991592 	70.8251 	-2.71969e-06 	1.31351e-15
0.0994134 	71.0506 	-2.71969e-06 	1.31349e-15
0.0996677 	71.2761 	-2.71969e-06 	1.31348e-15
0.0999219 	71.5015 	-2.71969e-06 	1.31346e-15
0.100176 	71.7276 	-2.60954e-06 	1.40041e-15
0.10043 	71.9545 	-2.60954e-06 	1.40039e-15
0.100685 	72.1813 	-2.60954e-06 	1.40038e-15
0.100939 	72.4081 	-2.60954e-06 	1.40036e-15
0.101193 	72.635 	-2.60954e-06 	1.40035e-15
0.101447 	72.8618 	-2.60954e-06 	1.40034e-15
0.101702 	73.0886 	-2.60954e-06 	1.40032e-15
0.101956 	73.3154 	-2.60954e-06 	1.40031e-15
0.10221 	73.5423 	-2.60954e-06 	1.40029e-15
0.102464 	73.7691 	-2.60954e-06 	1.40028e-15
0.102719 	73.9956 	-2.43744e-06 	1.43229e-15
0.102973 	74.2217 	-2.43744e-06 	1.43228e-15
0.103227 	74.4477 	-2.43744e-06 	1.43226e-15
0.103481 	74.6737 	-2.43744e-06 	1.43225e-15
0.103736 	74.8998 	-2.43744e-06 	1.43223e-15
0.10399 	75.1258 	-2.43744e-06 	1.43222e-15
0.104244 	75.3518 	-2.43744e-06 	1.43221e-15
0.104498 	75.5779 	-2.43744e-06 	1.43219e-15
0.104753 	75.8039 	-2.43744e-06 	1.43218e-15
0.105007 	76.0299 	-2.43744e-06 	1.43216e-15
0.105261 	76.2551 	-2.25557e-06 	1.50886e-15
0.105516 	76.4779 	-2.25557e-06 	1.50885e-15
0.10577 	76.7008 	-2.25557e-06 	1.50883e-15
0.106024 	76.9237 	-2.25557e-06 	1.50882e-15
0.106278 	77.1465 	-2.25557e-06 	1.50881e-15
0.106533 	77.3694 	-2.25557e-06 	1.50879e-15
0.106787 	77.5922 	-2.25557e-06 	1.50878e-15
0.107041 	77.8151 	-2.25557e-06 	1.50876e-15
0.107295 	78.0379 	-2.25557e-06 	1.50875e-15
0.10755 	78.2608 	-2.25557e-06 	1.50873e-15
0.107804 	78.4826 	-1.98244e-06 	1.59183e-15
0.108058 	78.6997 	-1.98244e-06 	1.59182e-15
0.108312 	78.9169 	-1.98244e-06 	1.59181e-15
0.108567 	79.1341 	-1.98244e-06 	1.59179e-15
0.108821 	79.3512 	-1.98244e-06 	1.59178e-15
0.109075 	79.5684 	-1.98244e-06 	1.59177e-15
0.109329 	79.7855 	-1.98244e-06 	1.59175e-15
0.109584 	80.0027 	-1.98244e-06 	1.59174e-15
0.109838 	80.2198 	-1.98244e-06 	1.59172e-15
0.110092 	80.437 	-1.98244e-06 	1.59171e-15
0.110346 	80.6534 	-1.7161e-06 	1.5965e-15
0.110601 	80.8621 	-1.7161e-06 	1.59648e-15
0.110855 	81.0707 	-1.7161e-06 	1.59647e-15
0.111109 	81.2794 	-1.7161e-06 	1.59646e-15
0.111363 	81.4881 	-1.7161e-06 	1.59644e-15
0.111618 	81.6968 	-1.7161e-06 	1.59643e-15
0.111872 	81.9055 	-1.7161e-06 	1.59642e-15
0.112126 	82.1142 	-1.7161e-06 	1.5964e-15
0.11238 	82.3229 	-1.7161e-06 	1.59639e-15
0.112635 	82.5316 	-1.7161e-06 	1.59638e-15
0.112889 	82.7403 	-2.78567e-06 	1.73056e-18
0.113143 	82.9375 	-1.3696e-06 	1.61195e-15
0.113397 	83.1348 	-1.3696e-06 	1.61193e-15
0.113652 	83.3321 	-1.3696e-06 	1.61192e-15
0.113906 	83.5294 	-1.3696e-06 	1.61191e-15
0.11416 	83.7267 	-1.3696e-06 	1.6119e-15
0.114414 	83.9239 	-1.3696e-06 	1.61188e-15
0.114669 	84.1212 	-1.3696e-06 	1.61187e-15
0.114923 	84.3185 	-1.3696e-06 	1.61186e-15
0.115177 	84.5158 	-1.3696e-06 	1.61184e-15
0.115431 	84.7131 	-1.3696e-06 	1.61183e-15
0.115686 	84.8971 	-9.63988e-07 	1.62492e-15
0.11594 	85.0799 	-9.63988e-07 	1.62491e-15
0.116194 	85.2626 	-9.63988e-07 	1.62489e-15
0.116448 	85.4453 	-9.63988e-07 	1.62488e-15
0.116703 	85.6281 	-9.63988e-07 	1.62487e-15
0.116957 	85.8108 	-9.63988e-07 	1.62486e-15
0.117211 	85.9936 	-9.63988e-07 	1.62485e-15
0.117465 	86.1763 	-9.63988e-07 	1.62484e-15
0.11772 	86.359 	-9.63988e-07 	1.62482e-15
0.117974 	86.5418 	-9.63988e-07 	1.62481e-15
0.118228 	86.7099 	-5.71739e-07 	1.63386e-15
0.118482 	86.8749 	-5.71739e-07 	1.63385e-15
0.118737 	87.0398 	-5.71739e-07 	1.63384e-15
0.118991 	87.2047 	-5.71739e-07 	1.63383e-15
0.119245 	87.3696 	-5.71739e-07 	1.63382e-15
0.119499 	87.5346 	-5.71739e-07 	1.6338e-15
0.119754 	87.6995 	-5.71739e-07 	1.63379e-15
0.120008 	87.8644 	-5.71739e-07 	1.63378e-15
0.120262 	88.0293 	-5.71739e-07 	1.63377e-15
0.120517 	88.1943 	-5.71739e-07 	1.63376e-15
0.120771 	88.344 	-1.77993e-07 	1.63906e-15
0.121025 	88.488 	-1.77993e-07 	1.63905e-15
0.121279 	88.6321 	-1.77993e-07 	1.63904e-15
0.121534 	88.7761 	-1.77993e-07 	1.63903e-15
0.121788 	88.9202 	-1.77993e-07 	1.63902e-15
0.122042 	89.0642 	-1.77993e-07 	1.63901e-15
0.122296 	89.2082 	-1.77993e-07 	1.639e-15
0.122551 	89.3523 	-1.77993e-07 	1.63899e-15
0.122805 	89.4963 	-1.77993e-07 	1.63898e-15
0.123059 	89.6404 	-1.77993e-07 	1.63897e-15
0.123313 	89.7694 	2.16761e-07 	1.64053e-15
0.123568 	89.89 	2.16761e-07 	1.64052e-15
0.123822 	90.0105 	2.16761e-07 	1.64051e-15
0.124076 	90.1311 	2.16761e-07 	1.6405e-15
0.12433 	90.2516 	2.16761e-07 	1.6405e-15
0.124585 	90.3722 	2.16761e-07 	1.64049e-15
0.124839 	90.4927 	2.16761e-07 	1.64048e-15
0.125093 	90.6133 	2.16761e-07 	1.64047e-15
0.125347 	90.7338 	2.16761e-07 	1.64047e-15
0.125602 	90.8544 	2.16761e-07 	1.64046e-15
0.125856 	90.9611 	5.73718e-07 	1.63799e-15
0.12611 	91.0562 	5.73718e-07 	1.63798e-15
0.126364 	91.1514 	5.73718e-07 	1.63798e-15
0.126619 	91.2466 	5.73718e-07 	1.63797e-15
0.126873 	91.3418 	5.73718e-07 	1.63796e-15
0.127127 	91.4369 	5.73718e-07 	1.63796e-15
0.127381 	91.5321 	5.73718e-07 	1.63795e-15
0.127636 	91.6273 	5.73718e-07 	1.63794e-15
0.12789 	91.7225 	5.73718e-07 	1.63794e-15
0.128144 	91.8176 	5.73718e-07 	1.63793e-15
0.128398 	91.9009 	8.94268e-07 	1.63007e-15
0.128653 	91.9699 	8.94268e-07 	1.63007e-15
0.128907 	92.0389 	8.94268e-07 	1.63007e-15
0.129161 	92.1078 	8.94268e-07 	1.63006e-15
0.129415 	92.1768 	8.94268e-07 	1.63006e-15
0.12967 	92.2458 	8.94268e-07 	1.63005e-15
0.129924 	92.3147 	8.94268e-07 	1.63005e-15
0.130178 	92.3837 	8.94268e-07 	1.63004e-15
0.130432 	92.4527 	8.94268e-07 	1.63004e-15
0.130687 	92.5217 	8.94268e-07 	1.63003e-15
0.130941 	92.5812 	1.16441e-06 	1.61735e-15
0.131195 	92.6243 	1.16441e-06 	1.61735e-15
0.131449 	92.6673 	1.16441e-06 	1.61735e-15
0.131704 	92.7104 	1.16441e-06 	1.61734e-15
0.131958 	92.7534 	1.16441e-06 	1.61734e-15
0.132212 	92.7965 	1.16441e-06 	1.61734e-15
0.132466 	92.8395 	1.16441e-06 	1.61734e-15
0.132721 	92.8826 	1.16441e-06 	1.61733e-15
0.132975 	92.9257 	1.16441e-06 	1.61733e-15
0.133229 	92.9687 	1.16441e-06 	1.61733e-15
0.133483 	93.005 	1.37536e-06 	1.60121e-15
0.133738 	93.0234 	1.37536e-06 	1.60121e-15
0.133992 	93.0418 	1.37536e-06 	1.60121e-15
0.134246 	93.0602 	1.37536e-06 	1.60121e-15
0.134501 	93.0786 	1.37536e-06 	1.60121e-15
0.134755 	93.097 	1.37536e-06 	1.60121e-15
0.135009 	93.1154 	1.37536e-06 	1.60121e-15
0.135263 	93.1337 	1.37536e-06 	1.60121e-15
0.135518 	93.1521 	1.37536e-06 	1.60121e-15
0.135772 	93.1705 	1.37536e-06 	1.6012e-15
0.136026 	93.1848 	1.56397e-06 	1.63598e-15
0.13628 	93.1804 	1.56397e-06 	1.63598e-15
0.136535 	93.176 	1.56397e-06 	1.63598e-15
0.136789 	93.1716 	1.56397e-06 	1.63598e-15
0.137043 	93.1672 	1.56397e-06 	1.63598e-15
0.137297 	93.1628 	1.56397e-06 	1.63598e-15
0.137552 	93.1584 	1.56397e-06 	1.63598e-15
0.137806 	93.154 	1.56397e-06 	1.63598e-15
0.13806 	93.1497 	1.56397e-06 	1.63599e-15
0.138314 	93.1453 	1.56397e-06 	1.63599e-15
0.138569 	93.139 	1.71469e-06 	1.56835e-15
0.138823 	93.114 	1.71469e-06 	1.56835e-15
0.139077 	93.0889 	1.71469e-06 	1.56835e-15
0.139331 	93.0639 	1.71469e-06 	1.56835e-15
0.139586 	93.0389 	1.71469e-06 	1.56835e-15
0.13984 	93.0138 	1.71469e-06 	1.56835e-15
0.140094 	92.9888 	1.71469e-06 	1.56836e-15
0.140348 	92.9638 	1.71469e-06 	1.56836e-15
0.140603 	92.9388 	1.71469e-06 	1.56836e-15
0.140857 	92.9137 	1.71469e-06 	1.56836e-15
0.141111 	92.8887 	9.16234e-07 	-8.04413e-19
0.141365 	92.8452 	1.8382e-06 	1.53996e-15
0.14162 	92.8017 	1.8382e-06 	1.53997e-15
0.141874 	92.7581 	1.8382e-06 	1.53997e-15
0.142128 	92.7146 	1.8382e-06 	1.53997e-15
0.142382 	92.6711 	1.8382e-06 	1.53998e-15
0.142637 	92.6276 	1.8382e-06 	1.53998e-15
0.142891 	92.5841 	1.8382e-06 	1.53998e-15
0.143145 	92.5405 	1.8382e-06 	1.53998e-15
0.143399 	92.497 	1.8382e-06 	1.53999e-15
0.143654 	92.4535 	1.8382e-06 	1.53999e-15
0.143908 	92.395 	1.95303e-06 	1.46487e-15
0.144162 	92.3351 	1.95303e-06 	1.46488e-15
0.144416 	92.2751 	1.95303e-06 	1.46488e-15
0.144671 	92.2151 	1.95303e-06 	1.46488e-15
0.144925 	92.1552 	1.95303e-06 	1.46489e-15
0.145179 	92.0952 	1.95303e-06 	1.46489e-15
0.145433 	92.0352 	1.95303e-06 	1.4649e-15
0.145688 	91.9753 	1.95303e-06 	1.4649e-15
0.145942 	91.9153 	1.95303e-06 	1.4649e-15
0.146196 	91.8553 	1.95303e-06 	1.46491e-15
0.14645 	91.7834 	2.05848e-06 	1.39841e-15
0.146705 	91.7088 	2.05848e-06 	1.39841e-15
0.146959 	91.6343 	2.05848e-06 	1.39842e-15
0.147213 	91.5597 	2.05848e-06 	1.39842e-15
0.147467 	91.4851 	2.05848e-06 	1.39843e-15
0.147722 	91.4105 	2.05848e-06 	1.39843e-15
0.147976 	91.3359 	2.05848e-06 	1.39844e-15
0.14823 	91.2614 	2.05848e-06 	1.39844e-15
0.148484 	91.1868 	2.05848e-06 	1.39845e-15
0.148739 	91.1122 	2.05848e-06 	1.39845e-15
0.148993 	91.0282 	2.15883e-06 	1.37501e-15
0.149247 	90.9406 	2.15883e-06 	1.37501e-15
0.149502 	90.8531 	2.15883e-06 	1.37502e-15
0.149756 	90.7655 	2.15883e-06 	1.37503e-15
0.15001 	90.6779 	2.15883e-06 	1.37503e-15
0.150264 	90.5904 	2.15883e-06 	1.37504e-15
0.150519 	90.5028 	2.15883e-06 	1.37504e-15
0.150773 	90.4153 	2.15883e-06 	1.37505e-15
0.151027 	90.3277 	2.15883e-06 	1.37505e-15
0.151281 	90.2402 	2.15883e-06 	1.37506e-15
0.151536 	90.1453 	2.25348e-06 	1.34898e-15
0.15179 	90.0463 	2.25348e-06 	1.34899e-15
0.152044 	89.9473 	2.25348e-06 	1.34899e-15
0.152298 	89.8483 	2.25348e-06 	1.349e-15
0.152553 	89.7492 	2.25348e-06 	1.349e-15
0.152807 	89.6502 	2.25348e-06 	1.34901e-15
0.153061 	89.5512 	2.25348e-06 	1.34902e-15
0.153315 	89.4522 	2.25348e-06 	1.34902e-15
0.15357 	89.3532 	2.25348e-06 	1.34903e-15
0.153824 	89.2542 	2.25348e-06 	1.34904e-15
0.154078 	89.1497 	2.33934e-06 	1.32191e-15
0.154332 	89.0407 	2.33934e-06 	1.32192e-15
0.154587 	88.9317 	2.33934e-06 	1.32192e-15
0.154841 	88.8228 	2.33934e-06 	1.32193e-15
0.155095 	88.7138 	2.33934e-06 	1.32194e-15
0.155349 	88.6048 	2.33934e-06 	1.32194e-15
0.155604 	88.4958 	2.33934e-06 	1.32195e-15
0.155858 	88.3868 	2.33934e-06 	1.32196e-15
0.156112 	88.2778 	2.33934e-06 	1.32196e-15
0.156366 	88.1688 	2.33934e-06 	1.32197e-15
0.156621 	88.056 	2.41352e-06 	1.29441e-15
0.156875 	87.9386 	2.41352e-06 	1.29441e-15
0.157129 	87.8211 	2.41352e-06 	1.29442e-15
0.157383 	87.7037 	2.41352e-06 	1.29443e-15
0.157638 	87.5863 	2.41352e-06 	1.29444e-15
0.157892 	87.4688 	2.41352e-06 	1.29444e-15
0.158146 	87.3514 	2.41352e-06 	1.29445e-15
0.1584 	87.234 	2.41352e-06 	1.29446e-15
0.158655 	87.1165 	2.41352e-06 	1.29447e-15
0.158909 	86.9991 	2.41352e-06 	1.29447e-15
0.159163 	86.8791 	2.47427e-06 	1.32355e-15
0.159417 	86.7548 	2.47427e-06 	1.32356e-15
0.159672 	86.6305 	2.47427e-06 	1.32357e-15
0.159926 	86.5061 	2.47427e-06 	1.32357e-15
0.16018 	86.3818 	2.47427e-06 	1.32358e-15
0.160434 	86.2575 	2.47427e-06 	1.32359e-15
0.160689 	86.1331 	2.47427e-06 	1.3236e-15
0.160943 	86.0088 	2.47427e-06 	1.32361e-15
0.161197 	85.8845 	2.47427e-06 	1.32361e-15
0.161451 	85.7601 	2.47427e-06 	1.32362e-15
0.161706 	85.6343 	2.52123e-06 	1.34413e-15
0.16196 	85.5047 	2.52123e-06 	1.34414e-15
0.162214 	85.375 	2.52123e-06 	1.34414e-15
0.162468 	85.2453 	2.52123e-06 	1.34415e-15
0.162723 	85.1156 	2.52123e-06 	1.34416e-15
0.162977 	84.9859 	2.52123e-06 	1.34417e-15
0.163231 	84.8562 	2.52123e-06 	1.34418e-15
0.163485 	84.7266 	2.52123e-06 	1.34419e-15
0.16374 	84.5969 	2.52123e-06 	1.34419e-15
0.163994 	84.4672 	2.52123e-06 	1.3442e-15
0.164248 	84.3368 	2.5548e-06 	1.31542e-15
0.164503 	84.2033 	2.5548e-06 	1.31543e-15
0.164757 	84.0698 	2.5548e-06 	1.31544e-15
0.165011 	83.9363 	2.5548e-06 	1.31545e-15
0.165265 	83.8028 	2.5548e-06 	1.31545e-15
0.16552 	83.6692 	2.5548e-06 	1.31546e-15
0.165774 	83.5357 	2.5548e-06 	1.31547e-15
0.166028 	83.4022 	2.5548e-06 	1.31548e-15
0.166282 	83.2687 	2.5548e-06 	1.31549e-15
0.166537 	83.1352 	2.5548e-06 	1.3155e-15
0.166791 	83.0014 	2.57559e-06 	1.29168e-15
0.167045 	82.8655 	2.57559e-06 	1.29169e-15
0.167299 	82.7295 	2.57559e-06 	1.2917e-15
0.167554 	82.5936 	2.57559e-06 	1.29171e-15
0.167808 	82.4577 	2.57559e-06 	1.29171e-15
0.168062 	82.3217 	2.57559e-06 	1.29172e-15
0.168316 	82.1858 	2.57559e-06 	1.29173e-15
0.168571 	82.0499 	2.57559e-06 	1.29174e-15
0.168825 	81.9139 	2.57559e-06 	1.29175e-15
0.169079 	81.778 	2.57559e-06 	1.29176e-15
0.169333 	81.642 	1.93925e-06 	-2.0106e-18
0.169588 	81.505 	2.58421e-06 	1.30996e-15
0.169842 	81.3679 	2.58421e-06 	1.30997e-15
0.170096 	81.2308 	2.58421e-06 	1.30998e-15
0.17035 	81.0938 	2.58421e-06 	1.30999e-15
0.170605 	80.9567 	2.58421e-06 	1.31e-15
0.170859 	80.8196 	2.58421e-06 	1.31001e-15
0.171113 	80.6826 	2.58421e-06 	1.31002e-15
0.171367 	80.5455 	2.58421e-06 	1.31003e-15
0.171622 	80.4084 	2.58421e-06 	1.31003e-15
0.171876 	80.2714 	2.58421e-06 	1.31004e-15
0.17213 	80.1343 	2.58152e-06 	1.28307e-15
0.172384 	79.9973 	2.58152e-06 	1.28308e-15
0.172639 	79.8602 	2.58152e-06 	1.28308e-15
0.172893 	79.7232 	2.58152e-06 	1.28309e-15
0.173147 	79.5861 	2.58152e-06 	1.2831e-15
0.173401 	79.4491 	2.58152e-06 	1.28311e-15
0.173656 	79.312 	2.58152e-06 	1.28312e-15
0.17391 	79.175 	2.58152e-06 	1.28313e-15
0.174164 	79.0379 	2.58152e-06 	1.28314e-15
0.174418 	78.9009 	2.58152e-06 	1.28315e-15
0.174673 	78.7647 	2.56803e-06 	1.30369e-15
0.174927 	78.6286 	2.56803e-06 	1.3037e-15
0.175181 	78.4926 	2.56803e-06 	1.30371e-15
0.175435 	78.3566 	2.56803e-06 	1.30372e-15
0.17569 	78.2205 	2.56803e-06 	1.30373e-15
0.175944 	78.0845 	2.56803e-06 	1.30373e-15
0.176198 	77.9484 	2.56803e-06 	1.30374e-15
0.176452 	77.8124 	2.56803e-06 	1.30375e-15
0.176707 	77.6764 	2.56803e-06 	1.30376e-15
0.176961 	77.5403 	2.56803e-06 	1.30377e-15
0.177215 	77.4056 	2.54492e-06 	1.33914e-15
0.177469 	77.2715 	2.54492e-06 	1.33915e-15
0.177724 	77.1373 	2.54492e-06 	1.33916e-15
0.177978 	77.0031 	2.54492e-06 	1.33917e-15
0.178232 	76.8689 	2.54492e-06 	1.33917e-15
0.178486 	76.7347 	2.54492e-06 	1.33918e-15
0.178741 	76.6005 	2.54492e-06 	1.33919e-15
0.178995 	76.4664 	2.54492e-06 	1.3392e-15
0.179249 	76.3322 	2.54492e-06 	1.33921e-15
0.179504 	76.198 	2.54492e-06 	1.33922e-15
0.179758 	76.0654 	2.51236e-06 	1.30652e-15
0.180012 	75.9338 	2.51236e-06 	1.30652e-15
0.180266 	75.8022 	2.51236e-06 	1.30653e-15
0.180521 	75.6705 	2.51236e-06 	1.30654e-15
0.180775 	75.5389 	2.51236e-06 	1.30655e-15
0.181029 	75.4072 	2.51236e-06 	1.30656e-15
0.181283 	75.2756 	2.51236e-06 	1.30657e-15
0.181538 	75.144 	2.51236e-06 	1.30657e-15
0.181792 	75.0123 	2.51236e-06 	1.30658e-15
0.182046 	74.8807 	2.51236e-06 	1.30659e-15
0.1823 	74.7508 	2.47032e-06 	1.27689e-15
0.182555 	74.6223 	2.47032e-06 	1.2769e-15
0.182809 	74.4938 	2.47032e-06 	1.27691e-15
0.183063 	74.3653 	2.47032e-06 	1.27692e-15
0.183317 	74.2368 	2.47032e-06 	1.27693e-15
0.183572 	74.1083 	2.47032e-06 	1.27694e-15
0.183826 	73.9798 	2.47032e-06 	1.27694e-15
0.18408 	73.8512 	2.47032e-06 	1.27695e-15
0.184334 	73.7227 	2.47032e-06 	1.27696e-15
0.184589 	73.5942 	2.47032e-06 	1.27697e-15
0.184843 	73.4674 	2.41844e-06 	1.24758e-15
0.185097 	73.3425 	2.41844e-06 	1.24758e-15
0.185351 	73.2176 	2.41844e-06 	1.24759e-15
0.185606 	73.0926 	2.41844e-06 	1.2476e-15
0.18586 	72.9677 	2.41844e-06 	1.24761e-15
0.186114 	72.8428 	2.41844e-06 	1.24762e-15
0.186368 	72.7179 	2.41844e-06 	1.24762e-15
0.186623 	72.593 	2.41844e-06 	1.24763e-15
0.186877 	72.4681 	2.41844e-06 	1.24764e-15
0.187131 	72.3432 	2.41844e-06 	1.24765e-15
0.187385 	72.2197 	2.35697e-06 	1.16469e-15
0.18764 	72.0988 	2.35697e-06 	1.1647e-15
0.187894 	71.9779 	2.35697e-06 	1.16471e-15
0.188148 	71.8569 	2.35697e-06 	1.16472e-15
0.188402 	71.736 	2.35697e-06 	1.16472e-15
0.188657 	71.6151 	2.35697e-06 	1.16473e-15
0.188911 	71.4941 	2.35697e-06 	1.16474e-15
0.189165 	71.3732 	2.35697e-06 	1.16475e-15
0.189419 	71.2523 	2.35697e-06 	1.16476e-15
0.189674 	71.1313 	2.35697e-06 	1.16476e-15
0.189928 	71.0116 	2.28625e-06 	1.14331e-15
0.190182 	70.8949 	2.28625e-06 	1.14332e-15
0.190436 	70.7782 	2.28625e-06 	1.14333e-15
0.190691 	70.6616 	2.28625e-06 	1.14334e-15
0.190945 	70.5449 	2.28625e-06 	1.14334e-15
0.191199 	70.4282 	2.28625e-06 	1.14335e-15
0.191453 	70.3115 	2.28625e-06 	1.14336e-15
0.191708 	70.1949 	2.28625e-06 	1.14337e-15
0.191962 	70.0782 	2.28625e-06 	1.14337e-15
0.192216 	69.9615 	2.28625e-06 	1.14338e-15
0.19247 	69.8457 	2.20165e-06 	1.0686e-15
0.192725 	69.7335 	2.20165e-06 	1.06861e-15
0.192979 	69.6213 	2.20165e-06 	1.06861e-15
0.193233 	69.5091 	2.20165e-06 	1.06862e-15
0.193487 	69.3969 	2.20165e-06 	1.06863e-15
0.193742 	69.2847 	2.20165e-06 	1.06864e-15
0.193996 	69.1725 	2.20165e-06 	1.06864e-15
0.19425 	69.0603 	2.20165e-06 	1.06865e-15
0.194505 	68.9481 	2.20165e-06 	1.06866e-15
0.194759 	68.8359 	2.20165e-06 	1.06867e-15
0.195013 	68.7241 	2.10778e-06 	1.09608e-15
0.195267 	68.6165 	2.10778e-06 	1.09609e-15
0.195522 	68.509 	2.10778e-06 	1.09609e-15
0.195776 	68.4014 	2.10778e-06 	1.0961e-15
0.19603 	68.2938 	2.10778e-06 	1.09611e-15
0.196284 	68.1863 	2.10778e-06 	1.09611e-15
0.196539 	68.0787 	2.10778e-06 	1.09612e-15
0.196793 	67.9712 	2.10778e-06 	1.09613e-15
0.197047 	67.8636 	2.10778e-06 	1.09613e-15
0.197301 	67.756 	2.10778e-06 	1.09614e-15
0.197556 	67.6485 	1.61685e-06 	-2.3405e-18
0.19781 	67.5457 	2.01515e-06 	1.07007e-15
0.198064 	67.4428 	2.01515e-06 	1.07007e-15
0.198318 	67.34 	2.01515e-06 	1.07008e-15
0.198573 	67.2372 	2.01515e-06 	1.07008e-15
0.198827 	67.1344 	2.01515e-06 	1.07009e-15
0.199081 	67.0316 	2.01515e-06 	1.0701e-15
0.199335 	66.9288 	2.01515e-06 	1.0701e-15
0.19959 	66.826 	2.01515e-06 	1.07011e-15
0.199844 	66.7232 	2.01515e-06 	1.07012e-15
0.200098 	66.6204 	2.01515e-06 	1.07012e-15
0.200352 	66.522 	1.92308e-06 	1.04944e-15
0.200607 	66.424 	1.92308e-06 	1.04945e-15
0.200861 	66.3261 	1.92308e-06 	1.04945e-15
0.201115 	66.2281 	1.92308e-06 	1.04946e-15
0.201369 	66.1301 	1.92308e-06 	1.04947e-15
0.201624 	66.0322 	1.92308e-06 	1.04947e-15
0.201878 	65.9342 	1.92308e-06 	1.04948e-15
0.202132 	65.8363 	1.92308e-06 	1.04949e-15
0.202386 	65.7383 	1.92308e-06 	1.04949e-15
0.202641 	65.6403 	1.92308e-06 	1.0495e-15
0.202895 	65.5464 	1.83135e-06 	1.02707e-15
0.203149 	65.4533 	1.83135e-06 	1.02707e-15
0.203403 	65.3603 	1.83135e-06 	1.02708e-15
0.203658 	65.2672 	1.83135e-06 	1.02709e-15
0.203912 	65.1741 	1.83135e-06 	1.02709e-15
0.204166 	65.0811 	1.83135e-06 	1.0271e-15
0.20442 	64.988 	1.83135e-06 	1.0271e-15
0.204675 	64.895 	1.83135e-06 	1.02711e-15
0.204929 	64.8019 	1.83135e-06 	1.02712e-15
0.205183 	64.7088 	1.83135e-06 	1.02712e-15
0.205437 	64.6193 	1.73108e-06 	1.00544e-15
0.205692 	64.5312 	1.73108e-06 	1.00545e-15
0.205946 	64.443 	1.73108e-06 	1.00546e-15
0.2062 	64.3549 	1.73108e-06 	1.00546e-15
0.206454 	64.2668 	1.73108e-06 	1.00547e-15
0.206709 	64.1786 	1.73108e-06 	1.00547e-15
0.206963 	64.0905 	1.73108e-06 	1.00548e-15
0.207217 	64.0023 	1.73108e-06 	1.00548e-15
0.207471 	63.9142 	1.73108e-06 	1.00549e-15
0.207726 	63.826 	1.73108e-06 	1.0055e-15
0.20798 	63.741 	1.62418e-06 	9.2979e-16
0.208234 	63.6578 	1.62418e-06 	9.29795e-16
0.208488 	63.5745 	1.62418e-06 	9.298e-16
0.208743 	63.4913 	1.62418e-06 	9.29806e-16
0.208997 	63.408 	1.62418e-06 	9.29811e-16
0.209251 	63.3248 	1.62418e-06 	9.29816e-16
0.209506 	63.2416 	1.62418e-06 	9.29822e-16
0.20976 	63.1583 	1.62418e-06 	9.29827e-16
0.210014 	63.0751 	1.62418e-06 	9.29832e-16
0.210268 	62.9919 	1.62418e-06 	9.29838e-16
0.210523 	62.9113 	1.51397e-06 	9.63922e-16
0.210777 	62.833 	1.51397e-06 	9.63927e-16
0.211031 	62.7546 	1.51397e-06 	9.63932e-16
0.211285 	62.6763 	1.51397e-06 	9.63937e-16
0.21154 	62.598 	1.51397e-06 	9.63942e-16
0.211794 	62.5196 	1.51397e-06 	9.63947e-16
0.212048 	62.4413 	1.51397e-06 	9.63952e-16
0.212302 	62.363 	1.51397e-06 	9.63957e-16
0.212557 	62.2846 	1.51397e-06 	9.63962e-16
0.212811 	62.2063 	1.51397e-06 	9.63967e-16
0.213065 	62.1302 	1.40211e-06 	9.54016e-16
0.213319 	62.0567 	1.40211e-06 	9.54021e-16
0.213574 	61.9833 	1.40211e-06 	9.54025e-16
0.213828 	61.9098 	1.40211e-06 	9.5403e-16
0.214082 	61.8364 	1.40211e-06 	9.54035e-16
0.214336 	61.7629 	1.40211e-06 	9.5404e-16
0.214591 	61.6895 	1.40211e-06 	9.54044e-16
0.214845 	61.616 	1.40211e-06 	9.54049e-16
0.215099 	61.5426 	1.40211e-06 	9.54054e-16
0.215353 	61.4691 	1.40211e-06 	9.54059e-16
0.215608 	61.3974 	1.28983e-06 	9.95593e-16
0.215862 	61.3288 	1.28983e-06 	9.95597e-16
0.216116 	61.2602 	1.28983e-06 	9.95602e-16
0.21637 	61.1915 	1.28983e-06 	9.95606e-16
0.216625 	61.1229 	1.28983e-06 	9.9561e-16
0.216879 	61.0543 	1.28983e-06 	9.95615e-16
0.217133 	60.9857 	1.28983e-06 	9.95619e-16
0.217387 	60.9171 	1.28983e-06 	9.95624e-16
0.217642 	60.8485 	1.28983e-06 	9.95628e-16
0.217896 	60.7798 	1.28983e-06 	9.95632e-16
0.21815 	60.7125 	1.17783e-06 	9.18103e-16
0.218404 	60.6487 	1.17783e-06 	9.18107e-16
0.218659 	60.5849 	1.17783e-06 	9.18111e-16
0.218913 	60.5211 	1.17783e-06 	9.18115e-16
0.219167 	60.4573 	1.17783e-06 	9.1812e-16
0.219421 	60.3934 	1.17783e-06 	9.18124e-16
0.219676 	60.3296 	1.17783e-06 	9.18128e-16
0.21993 	60.2658 	1.17783e-06 	9.18132e-16
0.220184 	60.202 	1.17783e-06 	9.18136e-16
0.220438 	60.1382 	1.17783e-06 	9.1814e-16
0.220693 	60.0752 	1.06675e-06 	9.64027e-16
0.220947 	60.0161 	1.06675e-06 	9.64031e-16
0.221201 	59.9571 	1.06675e-06 	9.64035e-16
0.221455 	59.898 	1.06675e-06 	9.64038e-16
0.22171 	59.8389 	1.06675e-06 	9.64042e-16
0.221964 	59.7798 	1.06675e-06 	9.64046e-16
0.222218 	59.7208 	1.06675e-06 	9.6405e-16
0.222472 	59.6617 	1.06675e-06 	9.64054e-16
0.222727 	59.6026 	1.06675e-06 	9.64057e-16
0.222981 	59.5436 	1.06675e-06 	9.64061e-16
0.223235 	59.4849 	9.56639e-07 	9.07396e-16
0.223489 	59.4306 	9.56639e-07 	9.074e-16
0.223744 	59.3762 	9.56639e-07 	9.07403e-16
0.223998 	59.3218 	9.56639e-07 	9.07407e-16
0.224252 	59.2675 	9.56639e-07 	9.0741e-16
0.224507 	59.2131 	9.56639e-07 	9.07414e-16
0.224761 	59.1587 	9.56639e-07 	9.07417e-16
0.225015 	59.1043 	9.56639e-07 	9.07421e-16
0.225269 	59.05 	9.56639e-07 	9.07424e-16
0.225524 	58.9956 	9.56639e-07 	9.07428e-16
0.225778 	58.9412 	8.78317e-07 	-2.75063e-18
0.226032 	58.8915 	8.47256e-07 	9.41542e-16
0.226286 	58.8418 	8.47256e-07 	9.41545e-16
0.226541 	58.7921 	8.47256e-07 	9.41548e-16
0.226795 	58.7423 	8.47256e-07 	9.41552e-16
0.227049 	58.6926 	8.47256e-07 	9.41555e-16
0.227303 	58.6429 	8.47256e-07 	9.41558e-16
0.227558 	58.5932 	8.47256e-07 	9.41561e-16
0.227812 	58.5434 	8.47256e-07 	9.41564e-16
0.228066 	58.4937 	8.47256e-07 	9.41568e-16
0.22832 	58.444 	8.47256e-07 	9.41571e-16
0.228575 	58.3984 	7.38466e-07 	9.88833e-16
0.228829 	58.3533 	7.38466e-07 	9.88835e-16
0.229083 	58.3081 	7.38466e-07 	9.88838e-16
0.229337 	58.263 	7.38466e-07 	9.88841e-16
0.229592 	58.2178 	7.38466e-07 	9.88844e-16
0.229846 	58.1727 	7.38466e-07 	9.88847e-16
0.2301 	58.1275 	7.38466e-07 	9.8885e-16
0.230354 	58.0824 	7.38466e-07 	9.88853e-16
0.230609 	58.0372 	7.38466e-07 	9.88856e-16
0.230863 	57.9921 	7.38466e-07 	9.88859e-16
0.231117 	57.9506 	6.31532e-07 	9.78801e-16
0.231371 	57.91 	6.31532e-07 	9.78804e-16
0.231626 	57.8693 	6.31532e-07 	9.78806e-16
0.23188 	57.8287 	6.31532e-07 	9.78809e-16
0.232134 	57.788 	6.31532e-07 	9.78812e-16
0.232388 	57.7474 	6.31532e-07 	9.78814e-16
0.232643 	57.7067 	6.31532e-07 	9.78817e-16
0.232897 	57.6661 	6.31532e-07 	9.78819e-16
0.233151 	57.6254 	6.31532e-07 	9.78822e-16
0.233405 	57.5848 	6.31532e-07 	9.78825e-16
0.23366 	57.5473 	5.29284e-07 	9.70706e-16
0.233914 	57.5111 	5.29284e-07 	9.70709e-16
0.234168 	57.4749 	5.29284e-07 	9.70711e-16
0.234422 	57.4386 	5.29284e-07 	9.70713e-16
0.234677 	57.4024 	5.29284e-07 	9.70716e-16
0.234931 	57.3662 	5.29284e-07 	9.70718e-16
0.235185 	57.3299 	5.29284e-07 	9.7072e-16
0.235439 	57.2937 	5.29284e-07 	9.70723e-16
0.235694 	57.2574 	5.29284e-07 	9.70725e-16
0.235948 	57.2212 	5.29284e-07 	9.70727e-16
0.236202 	57.1877 	4.32964e-07 	9.6109e-16
0.236456 	57.1558 	4.32964e-07 	9.61092e-16
0.236711 	57.1238 	4.32964e-07 	9.61094e-16
0.236965 	57.0919 	4.32964e-07 	9.61096e-16
0.237219 	57.06 	4.32964e-07 	9.61099e-16
0.237473 	57.028 	4.32964e-07 	9.61101e-16
0.237728 	56.9961 	4.32964e-07 	9.61103e-16
0.237982 	56.9641 	4.32964e-07 	9.61105e-16
0.238236 	56.9322 	4.32964e-07 	9.61107e-16
0.23849 	56.9003 	4.32964e-07 	9.61109e-16
0.238745 	56.8706 	3.48575e-07 	9.5253e-16
0.238999 	56.8428 	3.48575e-07 	9.52532e-16
0.239253 	56.815 	3.48575e-07 	9.52534e-16
0.239508 	56.7873 	3.48575e-07 	9.52535e-16
0.239762 	56.7595 	3.48575e-07 	9.52537e-16
0.240016 	56.7317 	3.48575e-07 	9.52539e-16
0.24027 	56.7039 	3.48575e-07 	9.52541e-16
0.240525 	56.6761 	3.48575e-07 	9.52543e-16
0.240779 	56.6484 	3.48575e-07 	9.52544e-16
0.241033 	56.6206 	3.48575e-07 	9.52546e-16
0.241287 	56.5946 	2.74321e-07 	8.94725e-16
0.241542 	56.5708 	2.74321e-07 	8.94727e-16
0.241796 	56.547 	2.74321e-07 	8.94728e-16
0.24205 	56.5231 	2.74321e-07 	8.9473e-16
0.242304 	56.4993 	2.74321e-07 	8.94731e-16
0.242559 	56.4755 	2.74321e-07 	8.94733e-16
0.242813 	56.4517 	2.74321e-07 	8.94735e-16
0.243067 	56.4279 	2.74321e-07 	8.94736e-16
0.243321 	56.404 	2.74321e-07 	8.94738e-16
0.243576 	56.3802 	2.74321e-07 	8.94739e-16
0.24383 	56.3577 	2.08211e-07 	8.86361e-16
0.244084 	56.3376 	2.08211e-07 	8.86363e-16
0.244338 	56.3174 	2.08211e-07 	8.86364e-16
0.244593 	56.2973 	2.08211e-07 	8.86365e-16
0.244847 	56.2772 	2.08211e-07 	8.86367e-16
0.245101 	56.257 	2.08211e-07 	8.86368e-16
0.245355 	56.2369 	2.08211e-07 	8.86369e-16
0.24561 	56.2167 	2.08211e-07 	8.8637e-16
0.245864 	56.1966 	2.08211e-07 	8.86372e-16
0.246118 	56.1765 	2.08211e-07 	8.86373e-16
0.246372 	56.1572 	1.51253e-07 	9.32652e-16
0.246627 	56.1404 	1.51253e-07 	9.32653e-16
0.246881 	56.1236 	1.51253e-07 	9.32654e-16
0.247135 	56.1068 	1.51253e-07 	9.32655e-16
0.247389 	56.09 	1.51253e-07 	9.32656e-16
0.247644 	56.0732 	1.51253e-07 	9.32657e-16
0.247898 	56.0563 	1.51253e-07 	9.32659e-16
0.248152 	56.0395 	1.51253e-07 	9.3266e-16
0.248406 	56.0227 	1.51253e-07 	9.32661e-16
0.248661 	56.0059 	1.51253e-07 	9.32662e-16
0.248915 	55.9886 	1.0564e-07 	9.23043e-16
0.249169 	55.9688 	1.0564e-07 	9.23045e-16
0.249423 	55.949 	1.0564e-07 	9.23046e-16
0.249678 	55.9292 	1.0564e-07 	9.23047e-16
0.249932 	55.9095 	1.0564e-07 	9.23049e-16
0.250186 	55.8897 	1.0564e-07 	9.2305e-16
0.25044 	55.8699 	1.0564e-07 	9.23051e-16
0.250695 	55.8501 	1.0564e-07 	9.23052e-16
0.250949 	55.8303 	1.0564e-07 	9.23054e-16
0.251203 	55.8106 	1.0564e-07 	9.23055e-16
0.251457 	55.7915 	7.41516e-08 	9.20103e-16
0.251712 	55.7793 	7.41516e-08 	9.20104e-16
0.251966 	55.7672 	7.41516e-08 	9.20105e-16
0.25222 	55.755 	7.41516e-08 	9.20106e-16
0.252474 	55.7429 	7.41516e-08 	9.20106e-16
0.252729 	55.7307 	7.41516e-08 	9.20107e-16
0.252983 	55.7186 	7.41516e-08 	9.20108e-16
0.253237 	55.7064 	7.41516e-08 	9.20109e-16
0.253491 	55.6942 	7.41516e-08 	9.20109e-16
0.253746 	55.6821 	7.41516e-08 	9.2011e-16
0.254 	55.6699 	1.8955e-07 	-1.92535e-18
