0 	31.937 	-2.73815e-07 	3.5866e-18
0.000254254 	31.9428 	-2.74182e-07 	6.60202e-15
0.000508509 	31.9485 	-2.74182e-07 	6.60202e-15
0.000762763 	31.9543 	-2.74182e-07 	6.60202e-15
0.00101702 	31.9601 	-2.74182e-07 	6.60202e-15
0.00127127 	31.9659 	-2.74182e-07 	6.60202e-15
0.00152553 	31.9717 	-2.74182e-07 	6.60202e-15
0.00177978 	31.9774 	-2.74182e-07 	6.60202e-15
0.00203403 	31.9832 	-2.74182e-07 	6.60202e-15
0.00228829 	31.989 	-2.74182e-07 	6.60202e-15
0.00254254 	31.9948 	-2.74182e-07 	6.60202e-15
0.0027968 	32.0082 	-2.79628e-07 	6.60832e-15
0.00305105 	32.0224 	-2.79628e-07 	6.60832e-15
0.00330531 	32.0366 	-2.79628e-07 	6.60832e-15
0.00355956 	32.0509 	-2.79628e-07 	6.60832e-15
0.00381381 	32.0651 	-2.79628e-07 	6.60832e-15
0.00406807 	32.0793 	-2.79628e-07 	6.60832e-15
0.00432232 	32.0935 	-2.79628e-07 	6.60831e-15
0.00457658 	32.1077 	-2.79628e-07 	6.60831e-15
0.00483083 	32.1219 	-2.79628e-07 	6.60831e-15
0.00508509 	32.1362 	-2.79628e-07 	6.60831e-15
0.00533934 	32.1529 	-3.03009e-07 	6.66646e-15
0.00559359 	32.1702 	-3.03009e-07 	6.66646e-15
0.00584785 	32.1875 	-3.03009e-07 	6.66645e-15
0.0061021 	32.2048 	-3.03009e-07 	6.66645e-15
0.00635636 	32.2221 	-3.03009e-07 	6.66645e-15
0.00661061 	32.2394 	-3.03009e-07 	6.66645e-15
0.00686486 	32.2567 	-3.03009e-07 	6.66645e-15
0.00711912 	32.274 	-3.03009e-07 	6.66645e-15
0.00737337 	32.2913 	-3.03009e-07 	6.66645e-15
0.00762763 	32.3086 	-3.03009e-07 	6.66645e-15
0.00788188 	32.3267 	-3.43414e-07 	6.68668e-15
0.00813614 	32.345 	-3.43414e-07 	6.68668e-15
0.00839039 	32.3633 	-3.43414e-07 	6.68668e-15
0.00864464 	32.3817 	-3.43414e-07 	6.68668e-15
0.0088989 	32.4 	-3.43414e-07 	6.68667e-15
0.00915315 	32.4183 	-3.43414e-07 	6.68667e-15
0.00940741 	32.4367 	-3.43414e-07 	6.68667e-15
0.00966166 	32.455 	-3.43414e-07 	6.68667e-15
0.00991592 	32.4733 	-3.43414e-07 	6.68667e-15
0.0101702 	32.4917 	-3.43414e-07 	6.68667e-15
0.0104244 	32.5112 	-3.96976e-07 	6.75865e-15
0.0106787 	32.5313 	-3.96976e-07 	6.75865e-15
0.0109329 	32.5515 	-3.96976e-07 	6.75865e-15
0.0111872 	32.5717 	-3.96976e-07 	6.75865e-15
0.0114414 	32.5918 	-3.96976e-07 	6.75865e-15
0.0116957 	32.612 	-3.96976e-07 	6.75865e-15
0.0119499 	32.6322 	-3.96976e-07 	6.75864e-15
0.0122042 	32.6524 	-3.96976e-07 	6.75864e-15
0.0124585 	32.6725 	-3.96976e-07 	6.75864e-15
0.0127127 	32.6927 	-3.96976e-07 	6.75864e-15
0.012967 	32.7145 	-4.60225e-07 	6.83932e-15
0.0132212 	32.7376 	-4.60225e-07 	6.83932e-15
0.0134755 	32.7607 	-4.60225e-07 	6.83932e-15
0.0137297 	32.7837 	-4.60225e-07 	6.83932e-15
0.013984 	32.8068 	-4.60225e-07 	6.83932e-15
0.0142382 	32.8299 	-4.60225e-07 	6.83932e-15
0.0144925 	32.853 	-4.60225e-07 	6.83932e-15
0.0147467 	32.8761 	-4.60225e-07 	6.83931e-15
0.015001 	32.8992 	-4.60225e-07 	6.83931e-15
0.0152553 	32.9223 	-4.60225e-07 	6.83931e-15
0.0155095 	32.9471 	-5.30532e-07 	6.88784e-15
0.0157638 	32.9738 	-5.30532e-07 	6.88784e-15
0.016018 	33.0005 	-5.30532e-07 	6.88784e-15
0.0162723 	33.0272 	-5.30532e-07 	6.88784e-15
0.0165265 	33.0539 	-5.30532e-07 	6.88784e-15
0.0167808 	33.0806 	-5.30532e-07 	6.88784e-15
0.017035 	33.1073 	-5.30532e-07 	6.88783e-15
0.0172893 	33.134 	-5.30532e-07 	6.88783e-15
0.0175435 	33.1608 	-5.30532e-07 	6.88783e-15
0.0177978 	33.1875 	-5.30532e-07 	6.88783e-15
0.0180521 	33.2156 	-6.0606e-07 	6.94808e-15
0.0183063 	33.2463 	-6.0606e-07 	6.94808e-15
0.0185606 	33.277 	-6.0606e-07 	6.94807e-15
0.0188148 	33.3078 	-6.0606e-07 	6.94807e-15
0.0190691 	33.3385 	-6.0606e-07 	6.94807e-15
0.0193233 	33.3692 	-6.0606e-07 	6.94807e-15
0.0195776 	33.3999 	-6.0606e-07 	6.94807e-15
0.0198318 	33.4306 	-6.0606e-07 	6.94806e-15
0.0200861 	33.4613 	-6.0606e-07 	6.94806e-15
0.0203403 	33.492 	-6.0606e-07 	6.94806e-15
0.0205946 	33.5238 	-6.8565e-07 	7.01622e-15
0.0208488 	33.5588 	-6.8565e-07 	7.01622e-15
0.0211031 	33.5937 	-6.8565e-07 	7.01622e-15
0.0213574 	33.6286 	-6.8565e-07 	7.01621e-15
0.0216116 	33.6636 	-6.8565e-07 	7.01621e-15
0.0218659 	33.6985 	-6.8565e-07 	7.01621e-15
0.0221201 	33.7334 	-6.8565e-07 	7.01621e-15
0.0223744 	33.7684 	-6.8565e-07 	7.0162e-15
0.0226286 	33.8033 	-6.8565e-07 	7.0162e-15
0.0228829 	33.8382 	-6.8565e-07 	7.0162e-15
0.0231371 	33.874 	-7.68637e-07 	7.09331e-15
0.0233914 	33.9133 	-7.68637e-07 	7.09331e-15
0.0236456 	33.9527 	-7.68637e-07 	7.09331e-15
0.0238999 	33.992 	-7.68637e-07 	7.0933e-15
0.0241542 	34.0314 	-7.68637e-07 	7.0933e-15
0.0244084 	34.0707 	-7.68637e-07 	7.0933e-15
0.0246627 	34.1101 	-7.68637e-07 	7.0933e-15
0.0249169 	34.1494 	-7.68637e-07 	7.09329e-15
0.0251712 	34.1888 	-7.68637e-07 	7.09329e-15
0.0254254 	34.2281 	-7.68637e-07 	7.09329e-15
0.0256797 	34.2679 	-8.54474e-07 	7.18102e-15
0.0259339 	34.3118 	-8.54474e-07 	7.18102e-15
0.0261882 	34.3558 	-8.54474e-07 	7.18102e-15
0.0264424 	34.3997 	-8.54474e-07 	7.18101e-15
0.0266967 	34.4436 	-8.54474e-07 	7.18101e-15
0.026951 	34.4876 	-8.54474e-07 	7.18101e-15
0.0272052 	34.5315 	-8.54474e-07 	7.181e-15
0.0274595 	34.5755 	-8.54474e-07 	7.181e-15
0.0277137 	34.6194 	-8.54474e-07 	7.181e-15
0.027968 	34.6634 	-8.54474e-07 	7.181e-15
0.0282222 	34.7073 	-9.92737e-07 	2.33679e-18
0.0284765 	34.756 	-9.41834e-07 	7.28023e-15
0.0287307 	34.8047 	-9.41834e-07 	7.28023e-15
0.028985 	34.8535 	-9.41834e-07 	7.28023e-15
0.0292392 	34.9022 	-9.41834e-07 	7.28022e-15
0.0294935 	34.9509 	-9.41834e-07 	7.28022e-15
0.0297477 	34.9996 	-9.41834e-07 	7.28022e-15
0.030002 	35.0483 	-9.41834e-07 	7.28022e-15
0.0302563 	35.0971 	-9.41834e-07 	7.28021e-15
0.0305105 	35.1458 	-9.41834e-07 	7.28021e-15
0.0307648 	35.1945 	-9.41834e-07 	7.28021e-15
0.031019 	35.2477 	-1.02862e-06 	7.4259e-15
0.0312733 	35.3014 	-1.02862e-06 	7.42589e-15
0.0315275 	35.3551 	-1.02862e-06 	7.42589e-15
0.0317818 	35.4088 	-1.02862e-06 	7.42589e-15
0.032036 	35.4624 	-1.02862e-06 	7.42588e-15
0.0322903 	35.5161 	-1.02862e-06 	7.42588e-15
0.0325445 	35.5698 	-1.02862e-06 	7.42587e-15
0.0327988 	35.6235 	-1.02862e-06 	7.42587e-15
0.0330531 	35.6771 	-1.02862e-06 	7.42587e-15
0.0333073 	35.7308 	-1.02862e-06 	7.42586e-15
0.0335616 	35.7887 	-1.11686e-06 	7.50853e-15
0.0338158 	35.8475 	-1.11686e-06 	7.50853e-15
0.0340701 	35.9064 	-1.11686e-06 	7.50852e-15
0.0343243 	35.9652 	-1.11686e-06 	7.50852e-15
0.0345786 	36.024 	-1.11686e-06 	7.50851e-15
0.0348328 	36.0828 	-1.11686e-06 	7.50851e-15
0.0350871 	36.1416 	-1.11686e-06 	7.50851e-15
0.0353413 	36.2005 	-1.11686e-06 	7.5085e-15
0.0355956 	36.2593 	-1.11686e-06 	7.5085e-15
0.0358498 	36.3181 	-1.11686e-06 	7.5085e-15
0.0361041 	36.3808 	-1.20766e-06 	7.67635e-15
0.0363584 	36.445 	-1.20766e-06 	7.67635e-15
0.0366126 	36.5091 	-1.20766e-06 	7.67635e-15
0.0368669 	36.5733 	-1.20766e-06 	7.67634e-15
0.0371211 	36.6375 	-1.20766e-06 	7.67634e-15
0.0373754 	36.7016 	-1.20766e-06 	7.67633e-15
0.0376296 	36.7658 	-1.20766e-06 	7.67633e-15
0.0378839 	36.83 	-1.20766e-06 	7.67633e-15
0.0381381 	36.8941 	-1.20766e-06 	7.67632e-15
0.0383924 	36.9583 	-1.20766e-06 	7.67632e-15
0.0386466 	37.026 	-1.30284e-06 	7.86675e-15
0.0389009 	37.0957 	-1.30284e-06 	7.86675e-15
0.0391552 	37.1654 	-1.30284e-06 	7.86674e-15
0.0394094 	37.2351 	-1.30284e-06 	7.86674e-15
0.0396637 	37.3048 	-1.30284e-06 	7.86673e-15
0.0399179 	37.3745 	-1.30284e-06 	7.86673e-15
0.0401722 	37.4442 	-1.30284e-06 	7.86672e-15
0.0404264 	37.5139 	-1.30284e-06 	7.86672e-15
0.0406807 	37.5837 	-1.30284e-06 	7.86672e-15
0.0409349 	37.6534 	-1.30284e-06 	7.86671e-15
0.0411892 	37.7262 	-1.40182e-06 	8.08409e-15
0.0414434 	37.8017 	-1.40182e-06 	8.08409e-15
0.0416977 	37.8772 	-1.40182e-06 	8.08408e-15
0.041952 	37.9526 	-1.40182e-06 	8.08408e-15
0.0422062 	38.0281 	-1.40182e-06 	8.08408e-15
0.0424605 	38.1036 	-1.40182e-06 	8.08407e-15
0.0427147 	38.179 	-1.40182e-06 	8.08407e-15
0.042969 	38.2545 	-1.40182e-06 	8.08406e-15
0.0432232 	38.33 	-1.40182e-06 	8.08406e-15
0.0434775 	38.4055 	-1.40182e-06 	8.08405e-15
0.0437317 	38.4837 	-1.50427e-06 	8.26047e-15
0.043986 	38.5651 	-1.50427e-06 	8.26046e-15
0.0442402 	38.6466 	-1.50427e-06 	8.26046e-15
0.0444945 	38.728 	-1.50427e-06 	8.26045e-15
0.0447487 	38.8095 	-1.50427e-06 	8.26045e-15
0.045003 	38.891 	-1.50427e-06 	8.26044e-15
0.0452573 	38.9724 	-1.50427e-06 	8.26044e-15
0.0455115 	39.0539 	-1.50427e-06 	8.26043e-15
0.0457658 	39.1354 	-1.50427e-06 	8.26043e-15
0.04602 	39.2168 	-1.50427e-06 	8.26042e-15
0.0462743 	39.3005 	-1.61008e-06 	8.3969e-15
0.0465285 	39.3882 	-1.61008e-06 	8.3969e-15
0.0467828 	39.4759 	-1.61008e-06 	8.39689e-15
0.047037 	39.5636 	-1.61008e-06 	8.39689e-15
0.0472913 	39.6513 	-1.61008e-06 	8.39688e-15
0.0475455 	39.739 	-1.61008e-06 	8.39688e-15
0.0477998 	39.8267 	-1.61008e-06 	8.39687e-15
0.0480541 	39.9144 	-1.61008e-06 	8.39687e-15
0.0483083 	40.0021 	-1.61008e-06 	8.39686e-15
0.0485626 	40.0898 	-1.61008e-06 	8.39685e-15
0.0488168 	40.1792 	-1.71906e-06 	8.56285e-15
0.0490711 	40.2734 	-1.71906e-06 	8.56284e-15
0.0493253 	40.3675 	-1.71906e-06 	8.56284e-15
0.0495796 	40.4617 	-1.71906e-06 	8.56283e-15
0.0498338 	40.5559 	-1.71906e-06 	8.56283e-15
0.0500881 	40.65 	-1.71906e-06 	8.56282e-15
0.0503423 	40.7442 	-1.71906e-06 	8.56281e-15
0.0505966 	40.8384 	-1.71906e-06 	8.56281e-15
0.0508509 	40.9325 	-1.71906e-06 	8.5628e-15
0.0511051 	41.0267 	-1.71906e-06 	8.5628e-15
0.0513594 	41.1221 	-1.83091e-06 	8.79333e-15
0.0516136 	41.223 	-1.83091e-06 	8.79333e-15
0.0518679 	41.3238 	-1.83091e-06 	8.79332e-15
0.0521221 	41.4247 	-1.83091e-06 	8.79331e-15
0.0523764 	41.5256 	-1.83091e-06 	8.79331e-15
0.0526306 	41.6265 	-1.83091e-06 	8.7933e-15
0.0528849 	41.7274 	-1.83091e-06 	8.79329e-15
0.0531391 	41.8283 	-1.83091e-06 	8.79329e-15
0.0533934 	41.9292 	-1.83091e-06 	8.79328e-15
0.0536476 	42.0301 	-1.83091e-06 	8.79327e-15
0.0539019 	42.1316 	-1.94517e-06 	8.99334e-15
0.0541562 	42.2395 	-1.94517e-06 	8.99334e-15
0.0544104 	42.3473 	-1.94517e-06 	8.99333e-15
0.0546647 	42.4552 	-1.94517e-06 	8.99332e-15
0.0549189 	42.5631 	-1.94517e-06 	8.99332e-15
0.0551732 	42.671 	-1.94517e-06 	8.99331e-15
0.0554274 	42.7788 	-1.94517e-06 	8.9933e-15
0.0556817 	42.8867 	-1.94517e-06 	8.9933e-15
0.0559359 	42.9946 	-1.94517e-06 	8.99329e-15
0.0561902 	43.1024 	-1.94517e-06 	8.99328e-15
0.0564444 	43.2103 	-2.31534e-06 	1.50029e-18
0.0566987 	43.3254 	-2.06114e-06 	9.23281e-15
0.056953 	43.4405 	-2.06114e-06 	9.2328e-15
0.0572072 	43.5557 	-2.06114e-06 	9.23279e-15
0.0574615 	43.6708 	-2.06114e-06 	9.23278e-15
0.0577157 	43.7859 	-2.06114e-06 	9.23278e-15
0.05797 	43.901 	-2.06114e-06 	9.23277e-15
0.0582242 	44.0161 	-2.06114e-06 	9.23276e-15
0.0584785 	44.1312 	-2.06114e-06 	9.23275e-15
0.0587327 	44.2463 	-2.06114e-06 	9.23275e-15
0.058987 	44.3614 	-2.06114e-06 	9.23274e-15
0.0592412 	44.4834 	-2.1778e-06 	9.49628e-15
0.0594955 	44.606 	-2.1778e-06 	9.49627e-15
0.0597497 	44.7286 	-2.1778e-06 	9.49627e-15
0.060004 	44.8512 	-2.1778e-06 	9.49626e-15
0.0602583 	44.9738 	-2.1778e-06 	9.49625e-15
0.0605125 	45.0964 	-2.1778e-06 	9.49624e-15
0.0607668 	45.219 	-2.1778e-06 	9.49623e-15
0.061021 	45.3416 	-2.1778e-06 	9.49623e-15
0.0612753 	45.4642 	-2.1778e-06 	9.49622e-15
0.0615295 	45.5868 	-2.1778e-06 	9.49621e-15
0.0617838 	45.7157 	-2.29524e-06 	9.82512e-15
0.062038 	45.8461 	-2.29524e-06 	9.82511e-15
0.0622923 	45.9764 	-2.29524e-06 	9.8251e-15
0.0625465 	46.1068 	-2.29524e-06 	9.82509e-15
0.0628008 	46.2371 	-2.29524e-06 	9.82508e-15
0.0630551 	46.3675 	-2.29524e-06 	9.82507e-15
0.0633093 	46.4978 	-2.29524e-06 	9.82507e-15
0.0635636 	46.6281 	-2.29524e-06 	9.82506e-15
0.0638178 	46.7585 	-2.29524e-06 	9.82505e-15
0.0640721 	46.8888 	-2.29524e-06 	9.82504e-15
0.0643263 	47.025 	-2.41305e-06 	1.00737e-14
0.0645806 	47.1633 	-2.41305e-06 	1.00737e-14
0.0648348 	47.3016 	-2.41305e-06 	1.00737e-14
0.0650891 	47.4399 	-2.41305e-06 	1.00736e-14
0.0653433 	47.5782 	-2.41305e-06 	1.00736e-14
0.0655976 	47.7165 	-2.41305e-06 	1.00736e-14
0.0658519 	47.8548 	-2.41305e-06 	1.00736e-14
0.0661061 	47.9931 	-2.41305e-06 	1.00736e-14
0.0663604 	48.1314 	-2.41305e-06 	1.00736e-14
0.0666146 	48.2697 	-2.41305e-06 	1.00736e-14
0.0668689 	48.4133 	-2.53024e-06 	1.03808e-14
0.0671231 	48.5598 	-2.53024e-06 	1.03808e-14
0.0673774 	48.7063 	-2.53024e-06 	1.03808e-14
0.0676316 	48.8528 	-2.53024e-06 	1.03808e-14
0.0678859 	48.9993 	-2.53024e-06 	1.03808e-14
0.0681401 	49.1458 	-2.53024e-06 	1.03807e-14
0.0683944 	49.2923 	-2.53024e-06 	1.03807e-14
0.0686486 	49.4388 	-2.53024e-06 	1.03807e-14
0.0689029 	49.5853 	-2.53024e-06 	1.03807e-14
0.0691572 	49.7318 	-2.53024e-06 	1.03807e-14
0.0694114 	49.8829 	-2.64542e-06 	1.07011e-14
0.0696657 	50.0378 	-2.64542e-06 	1.0701e-14
0.0699199 	50.1928 	-2.64542e-06 	1.0701e-14
0.0701742 	50.3477 	-2.64542e-06 	1.0701e-14
0.0704284 	50.5026 	-2.64542e-06 	1.0701e-14
0.0706827 	50.6575 	-2.64542e-06 	1.0701e-14
0.0709369 	50.8125 	-2.64542e-06 	1.0701e-14
0.0711912 	50.9674 	-2.64542e-06 	1.0701e-14
0.0714454 	51.1223 	-2.64542e-06 	1.0701e-14
0.0716997 	51.2772 	-2.64542e-06 	1.0701e-14
0.071954 	51.4361 	-2.75138e-06 	1.10357e-14
0.0722082 	51.5996 	-2.75138e-06 	1.10357e-14
0.0724625 	51.7632 	-2.75138e-06 	1.10357e-14
0.0727167 	51.9267 	-2.75138e-06 	1.10356e-14
0.072971 	52.0902 	-2.75138e-06 	1.10356e-14
0.0732252 	52.2538 	-2.75138e-06 	1.10356e-14
0.0734795 	52.4173 	-2.75138e-06 	1.10356e-14
0.0737337 	52.5809 	-2.75138e-06 	1.10356e-14
0.073988 	52.7444 	-2.75138e-06 	1.10356e-14
0.0742422 	52.9079 	-2.75138e-06 	1.10356e-14
0.0744965 	53.0746 	-2.82947e-06 	1.13817e-14
0.0747508 	53.2469 	-2.82947e-06 	1.13817e-14
0.075005 	53.4191 	-2.82947e-06 	1.13817e-14
0.0752593 	53.5914 	-2.82947e-06 	1.13817e-14
0.0755135 	53.7636 	-2.82947e-06 	1.13817e-14
0.0757678 	53.9359 	-2.82947e-06 	1.13816e-14
0.076022 	54.1081 	-2.82947e-06 	1.13816e-14
0.0762763 	54.2804 	-2.82947e-06 	1.13816e-14
0.0765305 	54.4526 	-2.82947e-06 	1.13816e-14
0.0767848 	54.6248 	-2.82947e-06 	1.13816e-14
0.077039 	54.7995 	-2.89108e-06 	1.16736e-14
0.0772933 	54.9804 	-2.89108e-06 	1.16736e-14
0.0775475 	55.1614 	-2.89108e-06 	1.16735e-14
0.0778018 	55.3423 	-2.89108e-06 	1.16735e-14
0.0780561 	55.5232 	-2.89108e-06 	1.16735e-14
0.0783103 	55.7042 	-2.89108e-06 	1.16735e-14
0.0785646 	55.8851 	-2.89108e-06 	1.16735e-14
0.0788188 	56.0661 	-2.89108e-06 	1.16735e-14
0.0790731 	56.247 	-2.89108e-06 	1.16735e-14
0.0793273 	56.428 	-2.89108e-06 	1.16735e-14
0.0795816 	56.6105 	-2.91453e-06 	1.20443e-14
0.0798358 	56.8 	-2.91453e-06 	1.20443e-14
0.0800901 	56.9896 	-2.91453e-06 	1.20443e-14
0.0803443 	57.1791 	-2.91453e-06 	1.20443e-14
0.0805986 	57.3687 	-2.91453e-06 	1.20442e-14
0.0808529 	57.5582 	-2.91453e-06 	1.20442e-14
0.0811071 	57.7478 	-2.91453e-06 	1.20442e-14
0.0813614 	57.9373 	-2.91453e-06 	1.20442e-14
0.0816156 	58.1269 	-2.91453e-06 	1.20442e-14
0.0818699 	58.3164 	-2.91453e-06 	1.20442e-14
0.0821241 	58.5067 	-2.93298e-06 	1.24179e-14
0.0823784 	58.7046 	-2.93298e-06 	1.24179e-14
0.0826326 	58.9026 	-2.93298e-06 	1.24179e-14
0.0828869 	59.1005 	-2.93298e-06 	1.24179e-14
0.0831411 	59.2984 	-2.93298e-06 	1.24179e-14
0.0833954 	59.4963 	-2.93298e-06 	1.24179e-14
0.0836496 	59.6942 	-2.93298e-06 	1.24179e-14
0.0839039 	59.8921 	-2.93298e-06 	1.24179e-14
0.0841582 	60.09 	-2.93298e-06 	1.24178e-14
0.0844124 	60.2879 	-2.93298e-06 	1.24178e-14
0.0846667 	60.4858 	-3.85884e-06 	3.68824e-17
0.0849209 	60.6918 	-2.9564e-06 	1.27958e-14
0.0851752 	60.8977 	-2.9564e-06 	1.27958e-14
0.0854294 	61.1037 	-2.9564e-06 	1.27958e-14
0.0856837 	61.3096 	-2.9564e-06 	1.27958e-14
0.0859379 	61.5156 	-2.9564e-06 	1.27958e-14
0.0861922 	61.7215 	-2.9564e-06 	1.27958e-14
0.0864464 	61.9274 	-2.9564e-06 	1.27958e-14
0.0867007 	62.1334 	-2.9564e-06 	1.27957e-14
0.086955 	62.3393 	-2.9564e-06 	1.27957e-14
0.0872092 	62.5453 	-2.9564e-06 	1.27957e-14
0.0874635 	62.7582 	-2.95991e-06 	1.3177e-14
0.0877177 	62.9718 	-2.95991e-06 	1.3177e-14
0.087972 	63.1854 	-2.95991e-06 	1.3177e-14
0.0882262 	63.399 	-2.95991e-06 	1.3177e-14
0.0884805 	63.6127 	-2.95991e-06 	1.31769e-14
0.0887347 	63.8263 	-2.95991e-06 	1.31769e-14
0.088989 	64.0399 	-2.95991e-06 	1.31769e-14
0.0892432 	64.2535 	-2.95991e-06 	1.31769e-14
0.0894975 	64.4671 	-2.95991e-06 	1.31769e-14
0.0897518 	64.6807 	-2.95991e-06 	1.31769e-14
0.090006 	64.9002 	-2.94567e-06 	1.35597e-14
0.0902603 	65.121 	-2.94567e-06 	1.35597e-14
0.0905145 	65.3417 	-2.94567e-06 	1.35597e-14
0.0907688 	65.5625 	-2.94567e-06 	1.35597e-14
0.091023 	65.7832 	-2.94567e-06 	1.35597e-14
0.0912773 	66.004 	-2.94567e-06 	1.35597e-14
0.0915315 	66.2247 	-2.94567e-06 	1.35597e-14
0.0917858 	66.4455 	-2.94567e-06 	1.35596e-14
0.09204 	66.6662 	-2.94567e-06 	1.35596e-14
0.0922943 	66.887 	-2.94567e-06 	1.35596e-14
0.0925485 	67.1123 	-2.93469e-06 	1.39416e-14
0.0928028 	67.3394 	-2.93469e-06 	1.39416e-14
0.0930571 	67.5664 	-2.93469e-06 	1.39416e-14
0.0933113 	67.7935 	-2.93469e-06 	1.39416e-14
0.0935656 	68.0205 	-2.93469e-06 	1.39416e-14
0.0938198 	68.2476 	-2.93469e-06 	1.39416e-14
0.0940741 	68.4747 	-2.93469e-06 	1.39416e-14
0.0943283 	68.7017 	-2.93469e-06 	1.39415e-14
0.0945826 	68.9288 	-2.93469e-06 	1.39415e-14
0.0948368 	69.1558 	-2.93469e-06 	1.39415e-14
0.0950911 	69.3862 	-2.90617e-06 	1.4271e-14
0.0953453 	69.6185 	-2.90617e-06 	1.4271e-14
0.0955996 	69.8507 	-2.90617e-06 	1.4271e-14
0.0958539 	70.083 	-2.90617e-06 	1.42709e-14
0.0961081 	70.3153 	-2.90617e-06 	1.42709e-14
0.0963624 	70.5476 	-2.90617e-06 	1.42709e-14
0.0966166 	70.7798 	-2.90617e-06 	1.42709e-14
0.0968709 	71.0121 	-2.90617e-06 	1.42709e-14
0.0971251 	71.2444 	-2.90617e-06 	1.42709e-14
0.0973794 	71.4767 	-2.90617e-06 	1.42708e-14
0.0976336 	71.711 	-2.83079e-06 	1.46808e-14
0.0978879 	71.9471 	-2.83079e-06 	1.46808e-14
0.0981421 	72.1832 	-2.83079e-06 	1.46808e-14
0.0983964 	72.4192 	-2.83079e-06 	1.46808e-14
0.0986507 	72.6553 	-2.83079e-06 	1.46808e-14
0.0989049 	72.8914 	-2.83079e-06 	1.46807e-14
0.0991592 	73.1275 	-2.83079e-06 	1.46807e-14
0.0994134 	73.3635 	-2.83079e-06 	1.46807e-14
0.0996677 	73.5996 	-2.83079e-06 	1.46807e-14
0.0999219 	73.8357 	-2.83079e-06 	1.46807e-14
0.100176 	74.0727 	-2.71117e-06 	1.50975e-14
0.10043 	74.3108 	-2.71117e-06 	1.50975e-14
0.100685 	74.5489 	-2.71117e-06 	1.50974e-14
0.100939 	74.7869 	-2.71117e-06 	1.50974e-14
0.101193 	75.025 	-2.71117e-06 	1.50974e-14
0.101447 	75.2631 	-2.71117e-06 	1.50974e-14
0.101702 	75.5012 	-2.71117e-06 	1.50974e-14
0.101956 	75.7393 	-2.71117e-06 	1.50974e-14
0.10221 	75.9774 	-2.71117e-06 	1.50973e-14
0.102464 	76.2155 	-2.71117e-06 	1.50973e-14
0.102719 	76.4535 	-2.5321e-06 	1.54412e-14
0.102973 	76.6914 	-2.5321e-06 	1.54412e-14
0.103227 	76.9293 	-2.5321e-06 	1.54412e-14
0.103481 	77.1673 	-2.5321e-06 	1.54412e-14
0.103736 	77.4052 	-2.5321e-06 	1.54412e-14
0.10399 	77.6431 	-2.5321e-06 	1.54412e-14
0.104244 	77.8811 	-2.5321e-06 	1.54411e-14
0.104498 	78.119 	-2.5321e-06 	1.54411e-14
0.104753 	78.3569 	-2.5321e-06 	1.54411e-14
0.105007 	78.5949 	-2.5321e-06 	1.54411e-14
0.105261 	78.8321 	-2.33939e-06 	1.58116e-14
0.105516 	79.0674 	-2.33939e-06 	1.58115e-14
0.10577 	79.3028 	-2.33939e-06 	1.58115e-14
0.106024 	79.5381 	-2.33939e-06 	1.58115e-14
0.106278 	79.7735 	-2.33939e-06 	1.58115e-14
0.106533 	80.0088 	-2.33939e-06 	1.58115e-14
0.106787 	80.2442 	-2.33939e-06 	1.58115e-14
0.107041 	80.4795 	-2.33939e-06 	1.58114e-14
0.107295 	80.7149 	-2.33939e-06 	1.58114e-14
0.10755 	80.9502 	-2.33939e-06 	1.58114e-14
0.107804 	81.1847 	-2.05313e-06 	1.61549e-14
0.108058 	81.4149 	-2.05313e-06 	1.61549e-14
0.108312 	81.6451 	-2.05313e-06 	1.61549e-14
0.108567 	81.8753 	-2.05313e-06 	1.61549e-14
0.108821 	82.1055 	-2.05313e-06 	1.61549e-14
0.109075 	82.3357 	-2.05313e-06 	1.61548e-14
0.109329 	82.5659 	-2.05313e-06 	1.61548e-14
0.109584 	82.7961 	-2.05313e-06 	1.61548e-14
0.109838 	83.0263 	-2.05313e-06 	1.61548e-14
0.110092 	83.2565 	-2.05313e-06 	1.61548e-14
0.110346 	83.486 	-1.74891e-06 	1.63968e-14
0.110601 	83.7082 	-1.74891e-06 	1.63968e-14
0.110855 	83.9304 	-1.74891e-06 	1.63968e-14
0.111109 	84.1527 	-1.74891e-06 	1.63968e-14
0.111363 	84.3749 	-1.74891e-06 	1.63968e-14
0.111618 	84.5971 	-1.74891e-06 	1.63968e-14
0.111872 	84.8194 	-1.74891e-06 	1.63968e-14
0.112126 	85.0416 	-1.74891e-06 	1.63967e-14
0.11238 	85.2638 	-1.74891e-06 	1.63967e-14
0.112635 	85.486 	-1.74891e-06 	1.63967e-14
0.112889 	85.7083 	-2.86403e-06 	6.68876e-17
0.113143 	85.9194 	-1.40435e-06 	1.65987e-14
0.113397 	86.1306 	-1.40435e-06 	1.65986e-14
0.113652 	86.3417 	-1.40435e-06 	1.65986e-14
0.113906 	86.5529 	-1.40435e-06 	1.65986e-14
0.11416 	86.764 	-1.40435e-06 	1.65986e-14
0.114414 	86.9752 	-1.40435e-06 	1.65986e-14
0.114669 	87.1863 	-1.40435e-06 	1.65986e-14
0.114923 	87.3975 	-1.40435e-06 	1.65986e-14
0.115177 	87.6086 	-1.40435e-06 	1.65985e-14
0.115431 	87.8197 	-1.40435e-06 	1.65985e-14
0.115686 	88.0178 	-1.00858e-06 	1.67565e-14
0.11594 	88.2145 	-1.00858e-06 	1.67565e-14
0.116194 	88.4113 	-1.00858e-06 	1.67565e-14
0.116448 	88.608 	-1.00858e-06 	1.67565e-14
0.116703 	88.8048 	-1.00858e-06 	1.67565e-14
0.116957 	89.0015 	-1.00858e-06 	1.67565e-14
0.117211 	89.1983 	-1.00858e-06 	1.67565e-14
0.117465 	89.395 	-1.00858e-06 	1.67565e-14
0.11772 	89.5918 	-1.00858e-06 	1.67564e-14
0.117974 	89.7885 	-1.00858e-06 	1.67564e-14
0.118228 	89.9706 	-6.01859e-07 	1.6867e-14
0.118482 	90.1495 	-6.01859e-07 	1.68669e-14
0.118737 	90.3284 	-6.01859e-07 	1.68669e-14
0.118991 	90.5073 	-6.01859e-07 	1.68669e-14
0.119245 	90.6862 	-6.01859e-07 	1.68669e-14
0.119499 	90.865 	-6.01859e-07 	1.68669e-14
0.119754 	91.0439 	-6.01859e-07 	1.68669e-14
0.120008 	91.2228 	-6.01859e-07 	1.68669e-14
0.120262 	91.4017 	-6.01859e-07 	1.68669e-14
0.120517 	91.5806 	-6.01859e-07 	1.68668e-14
0.120771 	91.744 	-1.91451e-07 	1.69279e-14
0.121025 	91.9016 	-1.91451e-07 	1.69279e-14
0.121279 	92.0593 	-1.91451e-07 	1.69279e-14
0.121534 	92.2169 	-1.91451e-07 	1.69279e-14
0.121788 	92.3746 	-1.91451e-07 	1.69279e-14
0.122042 	92.5322 	-1.91451e-07 	1.69279e-14
0.122296 	92.6899 	-1.91451e-07 	1.69279e-14
0.122551 	92.8475 	-1.91451e-07 	1.69278e-14
0.122805 	93.0051 	-1.91451e-07 	1.69278e-14
0.123059 	93.1628 	-1.91451e-07 	1.69278e-14
0.123313 	93.305 	2.21945e-07 	1.69378e-14
0.123568 	93.4384 	2.21945e-07 	1.69378e-14
0.123822 	93.5719 	2.21945e-07 	1.69377e-14
0.124076 	93.7053 	2.21945e-07 	1.69377e-14
0.12433 	93.8387 	2.21945e-07 	1.69377e-14
0.124585 	93.9721 	2.21945e-07 	1.69377e-14
0.124839 	94.1055 	2.21945e-07 	1.69377e-14
0.125093 	94.239 	2.21945e-07 	1.69377e-14
0.125347 	94.3724 	2.21945e-07 	1.69377e-14
0.125602 	94.5058 	2.21945e-07 	1.69377e-14
0.125856 	94.6248 	5.97176e-07 	1.6901e-14
0.12611 	94.7317 	5.97176e-07 	1.6901e-14
0.126364 	94.8386 	5.97176e-07 	1.6901e-14
0.126619 	94.9455 	5.97176e-07 	1.6901e-14
0.126873 	95.0524 	5.97176e-07 	1.6901e-14
0.127127 	95.1593 	5.97176e-07 	1.6901e-14
0.127381 	95.2662 	5.97176e-07 	1.6901e-14
0.127636 	95.3731 	5.97176e-07 	1.6901e-14
0.12789 	95.48 	5.97176e-07 	1.6901e-14
0.128144 	95.5869 	5.97176e-07 	1.6901e-14
0.128398 	95.6812 	9.26135e-07 	1.68307e-14
0.128653 	95.7603 	9.26135e-07 	1.68307e-14
0.128907 	95.8394 	9.26135e-07 	1.68307e-14
0.129161 	95.9185 	9.26135e-07 	1.68307e-14
0.129415 	95.9977 	9.26135e-07 	1.68307e-14
0.12967 	96.0768 	9.26135e-07 	1.68307e-14
0.129924 	96.1559 	9.26135e-07 	1.68307e-14
0.130178 	96.235 	9.26135e-07 	1.68307e-14
0.130432 	96.3141 	9.26135e-07 	1.68307e-14
0.130687 	96.3933 	9.26135e-07 	1.68307e-14
0.130941 	96.4623 	1.20555e-06 	1.67371e-14
0.131195 	96.5135 	1.20555e-06 	1.67371e-14
0.131449 	96.5648 	1.20555e-06 	1.67371e-14
0.131704 	96.616 	1.20555e-06 	1.67371e-14
0.131958 	96.6673 	1.20555e-06 	1.67371e-14
0.132212 	96.7185 	1.20555e-06 	1.67371e-14
0.132466 	96.7697 	1.20555e-06 	1.67371e-14
0.132721 	96.821 	1.20555e-06 	1.67371e-14
0.132975 	96.8722 	1.20555e-06 	1.67371e-14
0.133229 	96.9235 	1.20555e-06 	1.67371e-14
0.133483 	96.9674 	1.42659e-06 	1.66246e-14
0.133738 	96.9917 	1.42659e-06 	1.66246e-14
0.133992 	97.016 	1.42659e-06 	1.66246e-14
0.134246 	97.0404 	1.42659e-06 	1.66246e-14
0.134501 	97.0647 	1.42659e-06 	1.66246e-14
0.134755 	97.089 	1.42659e-06 	1.66246e-14
0.135009 	97.1133 	1.42659e-06 	1.66246e-14
0.135263 	97.1376 	1.42659e-06 	1.66246e-14
0.135518 	97.162 	1.42659e-06 	1.66246e-14
0.135772 	97.1863 	1.42659e-06 	1.66246e-14
0.136026 	97.206 	1.62525e-06 	1.65522e-14
0.13628 	97.2051 	1.62525e-06 	1.65522e-14
0.136535 	97.2042 	1.62525e-06 	1.65522e-14
0.136789 	97.2032 	1.62525e-06 	1.65522e-14
0.137043 	97.2023 	1.62525e-06 	1.65522e-14
0.137297 	97.2014 	1.62525e-06 	1.65522e-14
0.137552 	97.2005 	1.62525e-06 	1.65522e-14
0.137806 	97.1995 	1.62525e-06 	1.65522e-14
0.13806 	97.1986 	1.62525e-06 	1.65522e-14
0.138314 	97.1977 	1.62525e-06 	1.65522e-14
0.138569 	97.1947 	1.78172e-06 	1.63485e-14
0.138823 	97.1705 	1.78172e-06 	1.63485e-14
0.139077 	97.1464 	1.78172e-06 	1.63485e-14
0.139331 	97.1222 	1.78172e-06 	1.63485e-14
0.139586 	97.0981 	1.78172e-06 	1.63485e-14
0.13984 	97.074 	1.78172e-06 	1.63485e-14
0.140094 	97.0498 	1.78172e-06 	1.63485e-14
0.140348 	97.0257 	1.78172e-06 	1.63485e-14
0.140603 	97.0015 	1.78172e-06 	1.63485e-14
0.140857 	96.9774 	1.78172e-06 	1.63485e-14
0.141111 	96.9533 	9.67978e-07 	4.79116e-17
0.141365 	96.9081 	1.90712e-06 	1.61859e-14
0.14162 	96.8629 	1.90712e-06 	1.61859e-14
0.141874 	96.8177 	1.90712e-06 	1.61859e-14
0.142128 	96.7724 	1.90712e-06 	1.61859e-14
0.142382 	96.7272 	1.90712e-06 	1.61859e-14
0.142637 	96.682 	1.90712e-06 	1.61859e-14
0.142891 	96.6368 	1.90712e-06 	1.61859e-14
0.143145 	96.5916 	1.90712e-06 	1.61859e-14
0.143399 	96.5464 	1.90712e-06 	1.61859e-14
0.143654 	96.5012 	1.90712e-06 	1.61859e-14
0.143908 	96.4388 	2.0244e-06 	1.59616e-14
0.144162 	96.3747 	2.0244e-06 	1.59616e-14
0.144416 	96.3106 	2.0244e-06 	1.59616e-14
0.144671 	96.2465 	2.0244e-06 	1.59616e-14
0.144925 	96.1823 	2.0244e-06 	1.59616e-14
0.145179 	96.1182 	2.0244e-06 	1.59616e-14
0.145433 	96.0541 	2.0244e-06 	1.59616e-14
0.145688 	95.99 	2.0244e-06 	1.59616e-14
0.145942 	95.9259 	2.0244e-06 	1.59616e-14
0.146196 	95.8618 	2.0244e-06 	1.59616e-14
0.14645 	95.7838 	2.13045e-06 	1.57133e-14
0.146705 	95.7028 	2.13045e-06 	1.57133e-14
0.146959 	95.6218 	2.13045e-06 	1.57133e-14
0.147213 	95.5408 	2.13045e-06 	1.57133e-14
0.147467 	95.4598 	2.13045e-06 	1.57133e-14
0.147722 	95.3788 	2.13045e-06 	1.57133e-14
0.147976 	95.2978 	2.13045e-06 	1.57133e-14
0.14823 	95.2168 	2.13045e-06 	1.57133e-14
0.148484 	95.1359 	2.13045e-06 	1.57133e-14
0.148739 	95.0549 	2.13045e-06 	1.57134e-14
0.148993 	94.963 	2.23134e-06 	1.55136e-14
0.149247 	94.867 	2.23134e-06 	1.55136e-14
0.149502 	94.771 	2.23134e-06 	1.55136e-14
0.149756 	94.675 	2.23134e-06 	1.55136e-14
0.15001 	94.579 	2.23134e-06 	1.55136e-14
0.150264 	94.4831 	2.23134e-06 	1.55136e-14
0.150519 	94.3871 	2.23134e-06 	1.55136e-14
0.150773 	94.2911 	2.23134e-06 	1.55136e-14
0.151027 	94.1951 	2.23134e-06 	1.55136e-14
0.151281 	94.0991 	2.23134e-06 	1.55136e-14
0.151536 	93.9948 	2.32716e-06 	1.53055e-14
0.15179 	93.8856 	2.32716e-06 	1.53055e-14
0.152044 	93.7765 	2.32716e-06 	1.53055e-14
0.152298 	93.6673 	2.32716e-06 	1.53055e-14
0.152553 	93.5582 	2.32716e-06 	1.53055e-14
0.152807 	93.449 	2.32716e-06 	1.53056e-14
0.153061 	93.3399 	2.32716e-06 	1.53056e-14
0.153315 	93.2307 	2.32716e-06 	1.53056e-14
0.15357 	93.1216 	2.32716e-06 	1.53056e-14
0.153824 	93.0124 	2.32716e-06 	1.53056e-14
0.154078 	92.8971 	2.41462e-06 	1.50865e-14
0.154332 	92.7766 	2.41462e-06 	1.50865e-14
0.154587 	92.6561 	2.41462e-06 	1.50865e-14
0.154841 	92.5356 	2.41462e-06 	1.50865e-14
0.155095 	92.4151 	2.41462e-06 	1.50865e-14
0.155349 	92.2946 	2.41462e-06 	1.50865e-14
0.155604 	92.1741 	2.41462e-06 	1.50866e-14
0.155858 	92.0536 	2.41462e-06 	1.50866e-14
0.156112 	91.933 	2.41462e-06 	1.50866e-14
0.156366 	91.8125 	2.41462e-06 	1.50866e-14
0.156621 	91.6877 	2.49036e-06 	1.48595e-14
0.156875 	91.5577 	2.49036e-06 	1.48595e-14
0.157129 	91.4277 	2.49036e-06 	1.48595e-14
0.157383 	91.2976 	2.49036e-06 	1.48596e-14
0.157638 	91.1676 	2.49036e-06 	1.48596e-14
0.157892 	91.0376 	2.49036e-06 	1.48596e-14
0.158146 	90.9076 	2.49036e-06 	1.48596e-14
0.1584 	90.7776 	2.49036e-06 	1.48596e-14
0.158655 	90.6475 	2.49036e-06 	1.48596e-14
0.158909 	90.5175 	2.49036e-06 	1.48596e-14
0.159163 	90.3847 	2.5522e-06 	1.46819e-14
0.159417 	90.2471 	2.5522e-06 	1.46819e-14
0.159672 	90.1094 	2.5522e-06 	1.46819e-14
0.159926 	89.9717 	2.5522e-06 	1.46819e-14
0.16018 	89.8341 	2.5522e-06 	1.46819e-14
0.160434 	89.6964 	2.5522e-06 	1.4682e-14
0.160689 	89.5588 	2.5522e-06 	1.4682e-14
0.160943 	89.4211 	2.5522e-06 	1.4682e-14
0.161197 	89.2835 	2.5522e-06 	1.4682e-14
0.161451 	89.1458 	2.5522e-06 	1.4682e-14
0.161706 	89.0066 	2.59946e-06 	1.44828e-14
0.16196 	88.8632 	2.59946e-06 	1.44828e-14
0.162214 	88.7198 	2.59946e-06 	1.44828e-14
0.162468 	88.5764 	2.59946e-06 	1.44828e-14
0.162723 	88.433 	2.59946e-06 	1.44828e-14
0.162977 	88.2896 	2.59946e-06 	1.44828e-14
0.163231 	88.1462 	2.59946e-06 	1.44828e-14
0.163485 	88.0028 	2.59946e-06 	1.44828e-14
0.16374 	87.8594 	2.59946e-06 	1.44828e-14
0.163994 	87.716 	2.59946e-06 	1.44828e-14
0.164248 	87.5718 	2.63252e-06 	1.42445e-14
0.164503 	87.4245 	2.63252e-06 	1.42445e-14
0.164757 	87.2771 	2.63252e-06 	1.42446e-14
0.165011 	87.1298 	2.63252e-06 	1.42446e-14
0.165265 	86.9825 	2.63252e-06 	1.42446e-14
0.16552 	86.8351 	2.63252e-06 	1.42446e-14
0.165774 	86.6878 	2.63252e-06 	1.42446e-14
0.166028 	86.5404 	2.63252e-06 	1.42446e-14
0.166282 	86.3931 	2.63252e-06 	1.42446e-14
0.166537 	86.2457 	2.63252e-06 	1.42446e-14
0.166791 	86.0982 	2.65226e-06 	1.39968e-14
0.167045 	85.9486 	2.65226e-06 	1.39968e-14
0.167299 	85.799 	2.65226e-06 	1.39968e-14
0.167554 	85.6494 	2.65226e-06 	1.39968e-14
0.167808 	85.4998 	2.65226e-06 	1.39968e-14
0.168062 	85.3501 	2.65226e-06 	1.39968e-14
0.168316 	85.2005 	2.65226e-06 	1.39968e-14
0.168571 	85.0509 	2.65226e-06 	1.39968e-14
0.168825 	84.9013 	2.65226e-06 	1.39969e-14
0.169079 	84.7517 	2.65226e-06 	1.39969e-14
0.169333 	84.6021 	2.01291e-06 	2.85757e-17
0.169588 	84.4518 	2.65943e-06 	1.38027e-14
0.169842 	84.3014 	2.65943e-06 	1.38027e-14
0.170096 	84.151 	2.65943e-06 	1.38027e-14
0.17035 	84.0007 	2.65943e-06 	1.38027e-14
0.170605 	83.8503 	2.65943e-06 	1.38027e-14
0.170859 	83.7 	2.65943e-06 	1.38027e-14
0.171113 	83.5496 	2.65943e-06 	1.38027e-14
0.171367 	83.3993 	2.65943e-06 	1.38027e-14
0.171622 	83.2489 	2.65943e-06 	1.38027e-14
0.171876 	83.0985 	2.65943e-06 	1.38028e-14
0.17213 	82.9487 	2.65505e-06 	1.35585e-14
0.172384 	82.7989 	2.65505e-06 	1.35585e-14
0.172639 	82.6491 	2.65505e-06 	1.35585e-14
0.172893 	82.4993 	2.65505e-06 	1.35585e-14
0.173147 	82.3495 	2.65505e-06 	1.35585e-14
0.173401 	82.1997 	2.65505e-06 	1.35585e-14
0.173656 	82.0499 	2.65505e-06 	1.35585e-14
0.17391 	81.9001 	2.65505e-06 	1.35585e-14
0.174164 	81.7503 	2.65505e-06 	1.35586e-14
0.174418 	81.6005 	2.65505e-06 	1.35586e-14
0.174673 	81.4521 	2.63971e-06 	1.33725e-14
0.174927 	81.304 	2.63971e-06 	1.33725e-14
0.175181 	81.1558 	2.63971e-06 	1.33725e-14
0.175435 	81.0077 	2.63971e-06 	1.33725e-14
0.17569 	80.8596 	2.63971e-06 	1.33725e-14
0.175944 	80.7114 	2.63971e-06 	1.33726e-14
0.176198 	80.5633 	2.63971e-06 	1.33726e-14
0.176452 	80.4152 	2.63971e-06 	1.33726e-14
0.176707 	80.267 	2.63971e-06 	1.33726e-14
0.176961 	80.1189 	2.63971e-06 	1.33726e-14
0.177215 	79.9727 	2.61474e-06 	1.31661e-14
0.177469 	79.8271 	2.61474e-06 	1.31661e-14
0.177724 	79.6815 	2.61474e-06 	1.31661e-14
0.177978 	79.536 	2.61474e-06 	1.31661e-14
0.178232 	79.3904 	2.61474e-06 	1.31662e-14
0.178486 	79.2449 	2.61474e-06 	1.31662e-14
0.178741 	79.0993 	2.61474e-06 	1.31662e-14
0.178995 	78.9538 	2.61474e-06 	1.31662e-14
0.179249 	78.8082 	2.61474e-06 	1.31662e-14
0.179504 	78.6627 	2.61474e-06 	1.31662e-14
0.179758 	78.5192 	2.58045e-06 	1.29231e-14
0.180012 	78.377 	2.58045e-06 	1.29231e-14
0.180266 	78.2347 	2.58045e-06 	1.29231e-14
0.180521 	78.0925 	2.58045e-06 	1.29231e-14
0.180775 	77.9502 	2.58045e-06 	1.29231e-14
0.181029 	77.808 	2.58045e-06 	1.29231e-14
0.181283 	77.6657 	2.58045e-06 	1.29231e-14
0.181538 	77.5235 	2.58045e-06 	1.29231e-14
0.181792 	77.3812 	2.58045e-06 	1.29231e-14
0.182046 	77.239 	2.58045e-06 	1.29231e-14
0.1823 	77.0989 	2.53696e-06 	1.26817e-14
0.182555 	76.9605 	2.53696e-06 	1.26817e-14
0.182809 	76.8221 	2.53696e-06 	1.26817e-14
0.183063 	76.6838 	2.53696e-06 	1.26817e-14
0.183317 	76.5454 	2.53696e-06 	1.26817e-14
0.183572 	76.4071 	2.53696e-06 	1.26817e-14
0.183826 	76.2687 	2.53696e-06 	1.26817e-14
0.18408 	76.1303 	2.53696e-06 	1.26817e-14
0.184334 	75.992 	2.53696e-06 	1.26818e-14
0.184589 	75.8536 	2.53696e-06 	1.26818e-14
0.184843 	75.7172 	2.48521e-06 	1.24461e-14
0.185097 	75.5832 	2.48521e-06 	1.24461e-14
0.185351 	75.4492 	2.48521e-06 	1.24462e-14
0.185606 	75.3151 	2.48521e-06 	1.24462e-14
0.18586 	75.1811 	2.48521e-06 	1.24462e-14
0.186114 	75.0471 	2.48521e-06 	1.24462e-14
0.186368 	74.913 	2.48521e-06 	1.24462e-14
0.186623 	74.779 	2.48521e-06 	1.24462e-14
0.186877 	74.645 	2.48521e-06 	1.24462e-14
0.187131 	74.511 	2.48521e-06 	1.24462e-14
0.187385 	74.3786 	2.4235e-06 	1.21655e-14
0.18764 	74.2493 	2.4235e-06 	1.21655e-14
0.187894 	74.1199 	2.4235e-06 	1.21655e-14
0.188148 	73.9905 	2.4235e-06 	1.21655e-14
0.188402 	73.8612 	2.4235e-06 	1.21655e-14
0.188657 	73.7318 	2.4235e-06 	1.21655e-14
0.188911 	73.6025 	2.4235e-06 	1.21655e-14
0.189165 	73.4731 	2.4235e-06 	1.21655e-14
0.189419 	73.3438 	2.4235e-06 	1.21655e-14
0.189674 	73.2144 	2.4235e-06 	1.21655e-14
0.189928 	73.0864 	2.35243e-06 	1.19472e-14
0.190182 	72.9619 	2.35243e-06 	1.19472e-14
0.190436 	72.8375 	2.35243e-06 	1.19473e-14
0.190691 	72.7131 	2.35243e-06 	1.19473e-14
0.190945 	72.5886 	2.35243e-06 	1.19473e-14
0.191199 	72.4642 	2.35243e-06 	1.19473e-14
0.191453 	72.3398 	2.35243e-06 	1.19473e-14
0.191708 	72.2153 	2.35243e-06 	1.19473e-14
0.191962 	72.0909 	2.35243e-06 	1.19473e-14
0.192216 	71.9665 	2.35243e-06 	1.19473e-14
0.19247 	71.843 	2.27025e-06 	1.16841e-14
0.192725 	71.7236 	2.27025e-06 	1.16841e-14
0.192979 	71.6043 	2.27025e-06 	1.16841e-14
0.193233 	71.485 	2.27025e-06 	1.16841e-14
0.193487 	71.3656 	2.27025e-06 	1.16841e-14
0.193742 	71.2463 	2.27025e-06 	1.16841e-14
0.193996 	71.1269 	2.27025e-06 	1.16841e-14
0.19425 	71.0076 	2.27025e-06 	1.16841e-14
0.194505 	70.8883 	2.27025e-06 	1.16841e-14
0.194759 	70.7689 	2.27025e-06 	1.16842e-14
0.195013 	70.6501 	2.17396e-06 	1.1517e-14
0.195267 	70.5359 	2.17396e-06 	1.1517e-14
0.195522 	70.4218 	2.17396e-06 	1.1517e-14
0.195776 	70.3077 	2.17396e-06 	1.1517e-14
0.19603 	70.1935 	2.17396e-06 	1.1517e-14
0.196284 	70.0794 	2.17396e-06 	1.1517e-14
0.196539 	69.9653 	2.17396e-06 	1.1517e-14
0.196793 	69.8511 	2.17396e-06 	1.1517e-14
0.197047 	69.737 	2.17396e-06 	1.1517e-14
0.197301 	69.6229 	2.17396e-06 	1.1517e-14
0.197556 	69.5087 	1.65733e-06 	1.67109e-17
0.19781 	69.3999 	2.07794e-06 	1.13167e-14
0.198064 	69.291 	2.07794e-06 	1.13167e-14
0.198318 	69.1822 	2.07794e-06 	1.13167e-14
0.198573 	69.0733 	2.07794e-06 	1.13167e-14
0.198827 	68.9645 	2.07794e-06 	1.13167e-14
0.199081 	68.8556 	2.07794e-06 	1.13168e-14
0.199335 	68.7468 	2.07794e-06 	1.13168e-14
0.19959 	68.6379 	2.07794e-06 	1.13168e-14
0.199844 	68.529 	2.07794e-06 	1.13168e-14
0.200098 	68.4202 	2.07794e-06 	1.13168e-14
0.200352 	68.3162 	1.98247e-06 	1.11216e-14
0.200607 	68.2127 	1.98247e-06 	1.11216e-14
0.200861 	68.1092 	1.98247e-06 	1.11216e-14
0.201115 	68.0056 	1.98247e-06 	1.11216e-14
0.201369 	67.9021 	1.98247e-06 	1.11217e-14
0.201624 	67.7986 	1.98247e-06 	1.11217e-14
0.201878 	67.6951 	1.98247e-06 	1.11217e-14
0.202132 	67.5915 	1.98247e-06 	1.11217e-14
0.202386 	67.488 	1.98247e-06 	1.11217e-14
0.202641 	67.3845 	1.98247e-06 	1.11217e-14
0.202895 	67.2854 	1.88801e-06 	1.09391e-14
0.203149 	67.1872 	1.88801e-06 	1.09391e-14
0.203403 	67.089 	1.88801e-06 	1.09391e-14
0.203658 	66.9908 	1.88801e-06 	1.09391e-14
0.203912 	66.8927 	1.88801e-06 	1.09391e-14
0.204166 	66.7945 	1.88801e-06 	1.09391e-14
0.20442 	66.6963 	1.88801e-06 	1.09391e-14
0.204675 	66.5981 	1.88801e-06 	1.09391e-14
0.204929 	66.5 	1.88801e-06 	1.09391e-14
0.205183 	66.4018 	1.88801e-06 	1.09391e-14
0.205437 	66.3075 	1.78808e-06 	1.07659e-14
0.205692 	66.2147 	1.78808e-06 	1.07659e-14
0.205946 	66.1218 	1.78808e-06 	1.07659e-14
0.2062 	66.029 	1.78808e-06 	1.07659e-14
0.206454 	65.9361 	1.78808e-06 	1.07659e-14
0.206709 	65.8433 	1.78808e-06 	1.07659e-14
0.206963 	65.7504 	1.78808e-06 	1.07659e-14
0.207217 	65.6576 	1.78808e-06 	1.07659e-14
0.207471 	65.5648 	1.78808e-06 	1.07659e-14
0.207726 	65.4719 	1.78808e-06 	1.07659e-14
0.20798 	65.3824 	1.67997e-06 	1.05512e-14
0.208234 	65.2949 	1.67997e-06 	1.05512e-14
0.208488 	65.2073 	1.67997e-06 	1.05512e-14
0.208743 	65.1198 	1.67997e-06 	1.05512e-14
0.208997 	65.0322 	1.67997e-06 	1.05512e-14
0.209251 	64.9447 	1.67997e-06 	1.05512e-14
0.209506 	64.8572 	1.67997e-06 	1.05512e-14
0.20976 	64.7696 	1.67997e-06 	1.05512e-14
0.210014 	64.6821 	1.67997e-06 	1.05512e-14
0.210268 	64.5945 	1.67997e-06 	1.05513e-14
0.210523 	64.5098 	1.56746e-06 	1.04489e-14
0.210777 	64.4275 	1.56746e-06 	1.04489e-14
0.211031 	64.3452 	1.56746e-06 	1.04489e-14
0.211285 	64.263 	1.56746e-06 	1.04489e-14
0.21154 	64.1807 	1.56746e-06 	1.04489e-14
0.211794 	64.0984 	1.56746e-06 	1.04489e-14
0.212048 	64.0161 	1.56746e-06 	1.04489e-14
0.212302 	63.9338 	1.56746e-06 	1.04489e-14
0.212557 	63.8515 	1.56746e-06 	1.04489e-14
0.212811 	63.7692 	1.56746e-06 	1.04489e-14
0.213065 	63.6893 	1.45288e-06 	1.03048e-14
0.213319 	63.6122 	1.45288e-06 	1.03048e-14
0.213574 	63.5351 	1.45288e-06 	1.03049e-14
0.213828 	63.458 	1.45288e-06 	1.03049e-14
0.214082 	63.3809 	1.45288e-06 	1.03049e-14
0.214336 	63.3038 	1.45288e-06 	1.03049e-14
0.214591 	63.2267 	1.45288e-06 	1.03049e-14
0.214845 	63.1496 	1.45288e-06 	1.03049e-14
0.215099 	63.0725 	1.45288e-06 	1.03049e-14
0.215353 	62.9954 	1.45288e-06 	1.03049e-14
0.215608 	62.9202 	1.33773e-06 	1.02298e-14
0.215862 	62.8483 	1.33773e-06 	1.02298e-14
0.216116 	62.7763 	1.33773e-06 	1.02298e-14
0.21637 	62.7044 	1.33773e-06 	1.02298e-14
0.216625 	62.6324 	1.33773e-06 	1.02298e-14
0.216879 	62.5605 	1.33773e-06 	1.02298e-14
0.217133 	62.4885 	1.33773e-06 	1.02298e-14
0.217387 	62.4166 	1.33773e-06 	1.02298e-14
0.217642 	62.3446 	1.33773e-06 	1.02298e-14
0.217896 	62.2727 	1.33773e-06 	1.02298e-14
0.21815 	62.2021 	1.22277e-06 	1.00484e-14
0.218404 	62.1353 	1.22277e-06 	1.00484e-14
0.218659 	62.0684 	1.22277e-06 	1.00484e-14
0.218913 	62.0015 	1.22277e-06 	1.00484e-14
0.219167 	61.9346 	1.22277e-06 	1.00484e-14
0.219421 	61.8678 	1.22277e-06 	1.00484e-14
0.219676 	61.8009 	1.22277e-06 	1.00484e-14
0.21993 	61.734 	1.22277e-06 	1.00484e-14
0.220184 	61.6672 	1.22277e-06 	1.00484e-14
0.220438 	61.6003 	1.22277e-06 	1.00484e-14
0.220693 	61.5343 	1.10867e-06 	9.98479e-15
0.220947 	61.4725 	1.10867e-06 	9.9848e-15
0.221201 	61.4106 	1.10867e-06 	9.9848e-15
0.221455 	61.3488 	1.10867e-06 	9.98481e-15
0.22171 	61.2869 	1.10867e-06 	9.98481e-15
0.221964 	61.2251 	1.10867e-06 	9.98481e-15
0.222218 	61.1632 	1.10867e-06 	9.98482e-15
0.222472 	61.1014 	1.10867e-06 	9.98482e-15
0.222727 	61.0395 	1.10867e-06 	9.98483e-15
0.222981 	60.9776 	1.10867e-06 	9.98483e-15
0.223235 	60.9162 	9.95525e-07 	9.83478e-15
0.223489 	60.8593 	9.95525e-07 	9.83478e-15
0.223744 	60.8024 	9.95525e-07 	9.83478e-15
0.223998 	60.7455 	9.95525e-07 	9.83479e-15
0.224252 	60.6886 	9.95525e-07 	9.83479e-15
0.224507 	60.6317 	9.95525e-07 	9.83479e-15
0.224761 	60.5748 	9.95525e-07 	9.8348e-15
0.225015 	60.5179 	9.95525e-07 	9.8348e-15
0.225269 	60.461 	9.95525e-07 	9.83481e-15
0.225524 	60.4041 	9.95525e-07 	9.83481e-15
0.225778 	60.3472 	8.95176e-07 	6.8811e-18
0.226032 	60.2952 	8.83087e-07 	9.7781e-15
0.226286 	60.2431 	8.83087e-07 	9.7781e-15
0.226541 	60.1911 	8.83087e-07 	9.77811e-15
0.226795 	60.1391 	8.83087e-07 	9.77811e-15
0.227049 	60.087 	8.83087e-07 	9.77811e-15
0.227303 	60.035 	8.83087e-07 	9.77812e-15
0.227558 	59.983 	8.83087e-07 	9.77812e-15
0.227812 	59.9309 	8.83087e-07 	9.77812e-15
0.228066 	59.8789 	8.83087e-07 	9.77813e-15
0.22832 	59.8269 	8.83087e-07 	9.77813e-15
0.228575 	59.7792 	7.71102e-07 	9.74208e-15
0.228829 	59.732 	7.71102e-07 	9.74208e-15
0.229083 	59.6848 	7.71102e-07 	9.74209e-15
0.229337 	59.6375 	7.71102e-07 	9.74209e-15
0.229592 	59.5903 	7.71102e-07 	9.74209e-15
0.229846 	59.5431 	7.71102e-07 	9.7421e-15
0.2301 	59.4958 	7.71102e-07 	9.7421e-15
0.230354 	59.4486 	7.71102e-07 	9.7421e-15
0.230609 	59.4014 	7.71102e-07 	9.7421e-15
0.230863 	59.3541 	7.71102e-07 	9.74211e-15
0.231117 	59.3107 	6.60632e-07 	9.66467e-15
0.231371 	59.2682 	6.60632e-07 	9.66467e-15
0.231626 	59.2257 	6.60632e-07 	9.66468e-15
0.23188 	59.1832 	6.60632e-07 	9.66468e-15
0.232134 	59.1407 	6.60632e-07 	9.66468e-15
0.232388 	59.0981 	6.60632e-07 	9.66469e-15
0.232643 	59.0556 	6.60632e-07 	9.66469e-15
0.232897 	59.0131 	6.60632e-07 	9.66469e-15
0.233151 	58.9706 	6.60632e-07 	9.66469e-15
0.233405 	58.928 	6.60632e-07 	9.6647e-15
0.23366 	58.8889 	5.54632e-07 	9.59477e-15
0.233914 	58.8509 	5.54632e-07 	9.59478e-15
0.234168 	58.813 	5.54632e-07 	9.59478e-15
0.234422 	58.7751 	5.54632e-07 	9.59478e-15
0.234677 	58.7372 	5.54632e-07 	9.59478e-15
0.234931 	58.6993 	5.54632e-07 	9.59479e-15
0.235185 	58.6613 	5.54632e-07 	9.59479e-15
0.235439 	58.6234 	5.54632e-07 	9.59479e-15
0.235694 	58.5855 	5.54632e-07 	9.59479e-15
0.235948 	58.5476 	5.54632e-07 	9.5948e-15
0.236202 	58.5125 	4.54723e-07 	9.53437e-15
0.236456 	58.4791 	4.54723e-07 	9.53438e-15
0.236711 	58.4457 	4.54723e-07 	9.53438e-15
0.236965 	58.4122 	4.54723e-07 	9.53438e-15
0.237219 	58.3788 	4.54723e-07 	9.53438e-15
0.237473 	58.3454 	4.54723e-07 	9.53438e-15
0.237728 	58.3119 	4.54723e-07 	9.53439e-15
0.237982 	58.2785 	4.54723e-07 	9.53439e-15
0.238236 	58.2451 	4.54723e-07 	9.53439e-15
0.23849 	58.2116 	4.54723e-07 	9.53439e-15
0.238745 	58.1806 	3.66258e-07 	9.48364e-15
0.238999 	58.1515 	3.66258e-07 	9.48365e-15
0.239253 	58.1224 	3.66258e-07 	9.48365e-15
0.239508 	58.0933 	3.66258e-07 	9.48365e-15
0.239762 	58.0642 	3.66258e-07 	9.48365e-15
0.240016 	58.0351 	3.66258e-07 	9.48365e-15
0.24027 	58.006 	3.66258e-07 	9.48366e-15
0.240525 	57.9769 	3.66258e-07 	9.48366e-15
0.240779 	57.9478 	3.66258e-07 	9.48366e-15
0.241033 	57.9187 	3.66258e-07 	9.48366e-15
0.241287 	57.8914 	2.89259e-07 	9.38805e-15
0.241542 	57.8665 	2.89259e-07 	9.38805e-15
0.241796 	57.8415 	2.89259e-07 	9.38805e-15
0.24205 	57.8165 	2.89259e-07 	9.38805e-15
0.242304 	57.7915 	2.89259e-07 	9.38805e-15
0.242559 	57.7666 	2.89259e-07 	9.38805e-15
0.242813 	57.7416 	2.89259e-07 	9.38805e-15
0.243067 	57.7166 	2.89259e-07 	9.38806e-15
0.243321 	57.6916 	2.89259e-07 	9.38806e-15
0.243576 	57.6667 	2.89259e-07 	9.38806e-15
0.24383 	57.6431 	2.20976e-07 	9.35115e-15
0.244084 	57.6219 	2.20976e-07 	9.35115e-15
0.244338 	57.6008 	2.20976e-07 	9.35115e-15
0.244593 	57.5796 	2.20976e-07 	9.35115e-15
0.244847 	57.5585 	2.20976e-07 	9.35115e-15
0.245101 	57.5374 	2.20976e-07 	9.35116e-15
0.245355 	57.5162 	2.20976e-07 	9.35116e-15
0.24561 	57.4951 	2.20976e-07 	9.35116e-15
0.245864 	57.4739 	2.20976e-07 	9.35116e-15
0.246118 	57.4528 	2.20976e-07 	9.35116e-15
0.246372 	57.4326 	1.62195e-07 	9.37726e-15
0.246627 	57.4149 	1.62195e-07 	9.37726e-15
0.246881 	57.3973 	1.62195e-07 	9.37726e-15
0.247135 	57.3796 	1.62195e-07 	9.37726e-15
0.247389 	57.3619 	1.62195e-07 	9.37726e-15
0.247644 	57.3443 	1.62195e-07 	9.37726e-15
0.247898 	57.3266 	1.62195e-07 	9.37726e-15
0.248152 	57.3089 	1.62195e-07 	9.37726e-15
0.248406 	57.2913 	1.62195e-07 	9.37726e-15
0.248661 	57.2736 	1.62195e-07 	9.37727e-15
0.248915 	57.2553 	1.15088e-07 	9.35608e-15
0.249169 	57.234 	1.15088e-07 	9.35608e-15
0.249423 	57.2128 	1.15088e-07 	9.35609e-15
0.249678 	57.1915 	1.15088e-07 	9.35609e-15
0.249932 	57.1702 	1.15088e-07 	9.35609e-15
0.250186 	57.1489 	1.15088e-07 	9.35609e-15
0.25044 	57.1277 	1.15088e-07 	9.35609e-15
0.250695 	57.1064 	1.15088e-07 	9.35609e-15
0.250949 	57.0851 	1.15088e-07 	9.35609e-15
0.251203 	57.0639 	1.15088e-07 	9.3561e-15
0.251457 	57.0433 	8.24469e-08 	9.34153e-15
0.251712 	57.0301 	8.24469e-08 	9.34154e-15
0.251966 	57.0168 	8.24469e-08 	9.34154e-15
0.25222 	57.0035 	8.24469e-08 	9.34154e-15
0.252474 	56.9903 	8.24469e-08 	9.34154e-15
0.252729 	56.977 	8.24469e-08 	9.34154e-15
0.252983 	56.9638 	8.24469e-08 	9.34154e-15
0.253237 	56.9505 	8.24469e-08 	9.34154e-15
0.253491 	56.9372 	8.24469e-08 	9.34154e-15
0.253746 	56.924 	8.24469e-08 	9.34154e-15
0.254 	56.9107 	1.92564e-07 	5.21763e-18
